Imovel_ID,Preço,Area,Latitude,Longitude,Qtde_Quartos,Qtde_Banheiros,Qtde_Suites,Vagas_Garagem,Valor_IPTU,Valor_Cond,Regiao,Bairro,DataExtração,Rua,Numero
2576940,179000.0,41.0,-19.9219328,-43.943176799999996,1,1,0,0.0,102.0,500.0,centro-sul,Centro,12/08/18,Rua dos Goitacazes,365
346562,189000.0,45.0,-19.8590285,-43.919424700000036,2,1,0,1.0,50.0,180.0,norte,Minaslândia (P Maio),12/08/18,Rua Ana Pereira Menezes,207
3238778,270000.0,58.0,-19.833215,-43.93634299999997,2,2,1,2.0,66.95,150.0,norte,Floramar,12/08/18,Rua Cirandinha,70
3234162,290000.0,88.0,-19.924806584607555,-43.946960126953115,2,2,0,0.0,85.0,760.0,centro-sul,Santo Agostinho,12/08/18,Rua dos Timbiras,2500
3253078,360000.0,74.0,-19.9643369,-43.97502969999999,3,2,1,2.0,105.0,400.0,oeste,Estrela Dalva,12/08/18,Rua Frutuoso Viana,198
1528565,390000.0,100.0,-19.973893,-43.97038199999997,3,3,1,2.0,186.44,320.0,oeste,Buritis,12/08/18,Rua Sílvio de Oliveira Martins,135
365494,430000.0,92.0,-19.969670350480246,-43.969846453967314,3,2,1,2.0,180.0,275.0,oeste,Buritis,12/08/18,Rua Lauro Ferreira,63
3250256,510000.0,156.21,-19.891477,-43.92951960000005,4,2,1,1.0,133.0,230.0,nordeste,Silveira,12/08/18,Rua Ilacir Pereira Lima,662
3249227,250000.0,70.0,-19.96327181696412,-43.964685461901865,2,1,1,2.0,84.0,522.0,oeste,Estoril,12/08/18,Rua Engenheiro Godofredo dos Santos,104
1584184,115000.0,50.0,-19.9295286,-44.017643099999994,2,1,0,1.0,0.0,45.0,noroeste,Camargos,12/08/18,Rua José Cláudio Sanches,444
2448941,154000.0,43.0,-19.859837,-43.92122610000001,2,1,0,1.0,27.36,200.0,nordeste,São Gabriel,12/08/18,Rua Ana Pereira Menezes,207
3242435,170000.0,55.0,-19.8082124,-43.96674769999999,2,1,0,1.0,66.0,230.0,venda-nova,Vila Capri,12/08/18,Rua Geralda Rodrigues da Costa,55
2582857,215000.0,54.0,-19.889426999999998,-43.95459199999999,2,1,0,1.0,0.0,160.0,noroeste,Bom Jesus,12/08/18,Rua Aporé,877
348899,220000.0,65.0,-19.894940301983908,-43.93043095078736,2,1,0,1.0,65.0,350.0,nordeste,Silveira,12/08/18,Rua Jataí,60
1943940,220000.0,60.0,-19.880929300000002,-43.93264729999999,2,1,0,0.0,82.0,486.75,nordeste,Palmares,12/08/18,Rua Matos da Silveira,11
1582520,239000.0,60.0,-19.9596843,-43.96778219999999,3,1,0,1.0,26.59,180.0,oeste,Estoril,12/08/18,Rua Mário Coutinho,481
354832,250000.0,55.0,-19.8835138,-43.99502489999998,2,1,0,1.0,60.0,70.0,pampulha,Castelo,12/08/18,Rua Castelo de Alcobaça,68
956472,280000.0,55.0,-19.90926,-43.93844259999997,2,1,0,1.0,65.0,250.0,leste,Floresta,12/08/18,Rua Araxá,246
1933848,290000.0,82.0,-19.895095,-43.93161499999997,2,1,0,1.0,80.91,500.0,nordeste,Silveira,12/08/18,Rua Wânia Carvalho Silveira,51
3249441,295000.0,75.0,-19.9703555,-43.971880199999994,3,2,0,1.0,97.8,350.0,oeste,Buritis,12/08/18,Rua Maria Heilbuth Surette,473
3237831,300000.0,76.82,-19.9730513,-43.97369029999999,3,2,1,2.0,182.81,340.0,oeste,Buritis,12/08/18,Rua Maria Heilbuth Surette,565
3251562,329000.0,180.0,-19.795249300000002,-43.98647749999998,3,1,1,1.0,58.98,60.0,venda-nova,Venda Nova,12/08/18,Rua Jordelina Maria do Carmo,210
3242187,372000.0,107.41,-19.8875294,-43.921787,3,2,1,1.0,119.12,250.0,nordeste,União,12/08/18,Rua Inspetor Nilo Seabra,116
1895372,390000.0,93.0,-19.9376465,-43.98107570000002,3,3,1,1.0,66.6,500.0,oeste,Nova Suíssa,12/08/18,Rua Geraldo Bicalho,22
3236019,399000.0,96.0,-19.9021932,-43.92364429999998,3,3,1,1.0,120.43,330.0,leste,Sagrada Família,12/08/18,Rua Conselheiro Lafaiete,1996
3235992,400000.0,125.0,-19.949206,-43.93789700000002,3,2,1,3.0,125.0,350.0,centro-sul,Sion,12/08/18,Rua Yucatan,91
3238478,400000.0,80.0,-19.884772,-43.93509599999999,3,2,1,2.0,150.0,250.0,nordeste,Nova Floresta,12/08/18,Rua Ingá,430
3242039,400000.0,95.0,-19.979689699999998,-43.96552889999998,3,3,3,2.0,120.5,350.0,oeste,Buritis,12/08/18,Rua Esmeraldo Botelho,235
3250034,400000.0,110.0,-19.9783266,-43.96982730000002,3,3,1,2.0,140.39,350.0,oeste,Buritis,12/08/18,Rua Professor Miguel de Souza,347
2876942,430000.0,98.0,-19.9783111,-43.9698363,3,1,1,2.0,189.11,400.0,oeste,Buritis,12/08/18,Rua Professor Miguel de Souza,275
3242227,459000.0,78.44,-19.9831479,-43.9740693,3,1,1,2.0,144.0,670.0,oeste,Buritis,12/08/18,Avenida Deputado Cristóvam Chiaradia,391
3255453,480000.0,124.0,-19.972749399999998,-43.96892020000002,3,3,1,2.0,225.0,300.0,oeste,Buritis,12/08/18,Rua Stella Hanriot,260
180163,495000.0,105.0,-19.9757732,-43.9641914,3,2,1,2.0,2300.0,650.0,oeste,Buritis,12/08/18,Rua José Hemetério Andrade,430
362762,510000.0,117.43,-19.9689658,-43.9722443,3,3,1,2.0,278.23,512.0,oeste,Estoril,12/08/18,Rua Professor Euclydes Ferreira,235
3246840,519000.0,230.0,-19.891944100000003,-43.92550399999999,4,2,1,1.0,200.01,274.0,leste,Cidade Nova,12/08/18,Rua Francisco de Paula Castro,105
345512,540000.0,190.0,-19.8931236,-43.90775710000002,3,3,1,2.0,91.0,195.0,leste,Santa Inês,12/08/18,Rua Emídio Germano,19
3237368,540000.0,150.0,-19.9746561,-43.970306799999996,3,3,2,2.0,105.0,360.0,oeste,Buritis,12/08/18,Rua Cônsul Walter,150
3254232,548000.0,100.0,-19.970974899999998,-43.973817800000006,3,2,1,2.0,187.89,750.0,oeste,Buritis,12/08/18,Rua Maria Heilbuth Surette,370
3244401,550000.0,106.0,-19.9703604,-43.96886359999996,4,3,1,2.0,184.0,452.0,oeste,Buritis,12/08/18,Rua Ernani Agricola,170
3256374,550000.0,95.0,-19.9741823,-43.967199100000016,3,3,1,2.0,230.0,420.0,oeste,Buritis,12/08/18,Rua Marco Aurélio de Miranda,170
3256809,550000.0,110.0,-19.975394899999998,-43.9650891,3,3,1,2.0,229.0,550.0,oeste,Buritis,12/08/18,Rua José Hemetério Andrade,72
3258309,580000.0,100.0,-19.967359100000003,-43.96517710000001,3,3,1,2.0,233.0,609.0,oeste,Buritis,12/08/18,Rua Vitorio Magnavacca,404
3248963,625000.0,230.0,-19.973933499999998,-43.96440059999998,3,4,1,2.0,140.0,350.0,oeste,Buritis,12/08/18,Rua Doutor Lucídio Avelar,225
3105834,650000.0,130.0,-19.9747508,-43.96487450000001,4,3,1,3.0,286.42,700.0,oeste,Buritis,12/08/18,Rua Henrique Furtado Portugal,285
3250921,690000.0,132.0,-19.931604999999998,-43.95201299999997,4,4,1,1.0,200.25,535.0,centro-sul,Santo Agostinho,12/08/18,Rua Rodrigues Caldas,310
3251065,695000.0,170.0,-19.9763904,-43.97638899999998,3,3,1,2.0,290.0,584.0,oeste,Buritis,12/08/18,Rua Eli Seabra Filho,105
3215566,730000.0,101.08,-19.889551899999997,-43.92968619999999,4,3,1,2.0,193.8,802.0,nordeste,Silveira,12/08/18,Rua Ilacir Pereira Lima,267
3247272,750000.0,94.39,-19.8938801,-43.92251579999999,4,2,1,2.0,237.2,628.0,leste,Sagrada Família,12/08/18,Avenida José Cândido da Silveira,440
3255809,750000.0,125.0,-19.95474,-43.948054000000006,3,3,1,1.0,282.0,1100.0,centro-sul,São Bento,12/08/18,Rua Professor José Renault,277
3218849,780000.0,137.0,-19.9816799,-43.9742344,4,4,2,3.0,306.15,720.0,oeste,Buritis,12/08/18,Rua Pedro Natalício de Morais,457
3240472,780000.0,149.0,-19.8807057,-43.998028600000005,3,3,1,3.0,231.0,380.0,pampulha,Pampulha,12/08/18,Avenida Miguel Perrela,115
1839012,800000.0,180.0,-19.919649,-43.98824200000002,3,3,1,3.0,1.0,265.0,noroeste,Minas Brasil,12/08/18,Rua Itutinga,95
1831811,890000.0,172.0,-19.9046968,-43.91518050000002,4,4,2,3.0,324.0,650.0,leste,Sagrada Família,12/08/18,Rua Artur Alvim,273
21629,900000.0,146.89,-19.9558912,-43.93582679999997,4,2,1,2.0,305.37,800.0,centro-sul,Sion,12/08/18,Rua Doutor Astolfo Vieira de Resende,177
3239896,950000.0,140.0,-19.8955147,-43.9320985,4,2,1,2.0,255.0,1050.0,nordeste,Nova Floresta,12/08/18,Rua São Gonçalo,785
2540890,2000000.0,540.0,-19.928501,-43.92584299999999,4,3,2,3.0,816.92,2200.0,centro-sul,Funcionários,12/08/18,Rua Piauí,1029
3253506,192388.56,26.81,-19.924035800000002,-43.93842570000004,1,1,1,1.0,1.0,234.0,centro-sul,Centro,12/08/18,Rua Espírito Santo,1059
346620,205124.92,28.41,-19.924035800000002,-43.93842570000004,1,1,1,1.0,1.0,234.0,centro-sul,Lourdes,12/08/18,Rua Espírito Santo,1059
3253556,209247.93,28.41,-19.924035800000002,-43.93842570000004,1,1,1,1.0,1.0,234.0,centro-sul,Centro,12/08/18,Rua Espírito Santo,1059
347206,213453.81,28.41,-19.924035800000002,-43.93842570000004,1,1,1,1.0,1.0,250.0,centro-sul,Lourdes,12/08/18,Rua Espírito Santo,1059
346588,228914.4,32.95,-19.924035800000002,-43.93842570000004,1,1,1,1.0,1.0,250.0,centro-sul,Lourdes,12/08/18,Rua Espírito Santo,1059
3248479,230000.0,67.0,-19.968229,-43.96769699999999,3,1,1,1.0,80.0,200.0,oeste,Buritis,12/08/18,Rua Professora Bartira Mourão,438
346757,231203.54,32.95,-19.924035800000002,-43.93842570000004,1,1,1,1.0,0.01,250.0,centro-sul,Lourdes,12/08/18,Rua Espírito Santo,1059
3253557,232295.08,34.26,-19.924035800000002,-43.93842570000004,1,1,1,1.0,1.0,234.0,centro-sul,Centro,12/08/18,Rua Espírito Santo,1059
346783,235334.77,33.64,-19.924035800000002,-43.93842570000004,1,1,1,1.0,1.0,250.0,centro-sul,Lourdes,12/08/18,Rua Espírito Santo,1059
347193,238209.24,32.95,-19.924035800000002,-43.93842570000004,1,1,1,1.0,1.0,1.0,centro-sul,Lourdes,12/08/18,Rua Espírito Santo,1059
347098,240065.0,33.64,-19.924035800000002,-43.93842570000004,1,1,1,1.0,1.0,1.0,centro-sul,Lourdes,12/08/18,Rua Espírito Santo,1059
3253562,240591.34,32.95,-19.924035800000002,-43.93842570000004,1,1,1,1.0,1.0,234.0,centro-sul,Centro,12/08/18,Rua Espírito Santo,1059
347195,242465.65,33.64,-19.924035800000002,-43.93842570000004,1,1,1,1.0,1.0,1.0,centro-sul,Lourdes,12/08/18,Rua Espírito Santo,1059
3253578,242997.25,32.95,-19.924035800000002,-43.93842570000004,1,1,1,1.0,1.0,234.0,centro-sul,Centro,12/08/18,Rua Espírito Santo,1059
347209,246775.81,34.01,-19.924035800000002,-43.93842570000004,1,1,1,1.0,1.0,1.0,centro-sul,Lourdes,12/08/18,Rua Espírito Santo,1059
347315,247339.21,33.64,-19.924035800000002,-43.93842570000004,1,1,1,1.0,1.0,1.0,centro-sul,Lourdes,12/08/18,Rua Espírito Santo,1059
1993125,265000.0,72.0,-19.9561057,-43.967286,2,2,0,1.0,53.56,300.0,oeste,Estoril,12/08/18,Rua Cordelina Silveira Matos,150
3244353,265000.0,78.0,-19.9161602,-43.967928700000016,3,2,0,1.0,68.01,369.6,noroeste,Padre Eustáquio,12/08/18,Rua Frederico Bracher Júnior,200
346604,265829.2,37.15,-19.924035800000002,-43.93842570000004,1,1,1,1.0,1.0,250.0,centro-sul,Lourdes,12/08/18,Rua Espírito Santo,1059
346920,271172.37,37.15,-19.924035800000002,-43.93842570000004,1,1,1,1.0,1.0,250.0,centro-sul,Lourdes,12/08/18,Rua Espírito Santo,1059
347101,273884.09,37.15,-19.924035800000002,-43.93842570000004,1,1,1,1.0,1.0,1.0,centro-sul,Lourdes,12/08/18,Rua Espírito Santo,1059
347197,276622.93,37.15,-19.924035800000002,-43.93842570000004,1,1,1,1.0,1.0,1.0,centro-sul,Lourdes,12/08/18,Rua Espírito Santo,1059
3253528,278110.14,36.66,-19.924035800000002,-43.93842570000004,1,1,1,1.0,1.0,234.0,centro-sul,Centro,12/08/18,Rua Espírito Santo,1059
3253507,278457.92,35.95,-19.924035800000002,-43.93842570000004,1,1,1,1.0,1.0,234.0,centro-sul,Centro,12/08/18,Rua Espírito Santo,1059
3253563,279389.16,37.15,-19.924035800000002,-43.93842570000004,1,1,1,1.0,1.0,234.0,centro-sul,Centro,12/08/18,Rua Espírito Santo,1059
346927,284054.92,35.95,-19.924035800000002,-43.93842570000004,1,1,1,1.0,1.0,1.0,centro-sul,Lourdes,12/08/18,Rua Espírito Santo,1059
3253508,287705.6,41.07,-19.924035800000002,-43.93842570000004,1,1,1,1.0,1.0,234.0,centro-sul,Lourdes,12/08/18,Rua Espírito Santo,1059
346608,289207.36,38.36,-19.924035800000002,-43.93842570000004,1,1,1,1.0,1.0,250.0,centro-sul,Lourdes,12/08/18,Rua Espírito Santo,1059
347214,289402.53,36.66,-19.924035800000002,-43.93842570000004,1,1,1,1.0,1.0,1.0,centro-sul,Lourdes,12/08/18,Rua Espírito Santo,1059
346924,293488.48,41.07,-19.924035800000002,-43.93842570000004,1,1,1,1.0,1.0,1.0,centro-sul,Lourdes,12/08/18,Rua Espírito Santo,1059
346926,295020.43,38.36,-19.924035800000002,-43.93842570000004,1,1,1,1.0,1.0,1.0,centro-sul,Lourdes,12/08/18,Rua Espírito Santo,1059
3253564,295588.69,35.95,-19.924035800000002,-43.93842570000004,1,1,1,1.0,1.0,234.0,centro-sul,Centro,12/08/18,Rua Espírito Santo,1059
3253579,298554.58,35.95,-19.924035800000002,-43.93842570000004,1,1,1,1.0,1.0,234.0,centro-sul,Centro,12/08/18,Rua Espírito Santo,1059
347190,299387.6,41.07,-19.924035800000002,-43.93842570000004,1,1,1,1.0,1.0,1.0,centro-sul,Lourdes,12/08/18,Rua Espírito Santo,1059
346571,299967.2,52.97,-19.924035800000002,-43.93842570000004,2,1,1,1.0,1.0,300.0,centro-sul,Lourdes,12/08/18,Rua Espírito Santo,1059
347215,300950.34,38.36,-19.924035800000002,-43.93842570000004,1,1,1,1.0,1.0,1.0,centro-sul,Lourdes,12/08/18,Rua Espírito Santo,1059
347222,302381.48,41.07,-19.924035800000002,-43.93842570000004,1,1,1,1.0,1.0,1.0,centro-sul,Lourdes,12/08/18,Rua Espírito Santo,1059
3253509,306033.52,40.05,-19.924035800000002,-43.93842570000004,1,1,1,1.0,1.0,234.0,centro-sul,Centro,12/08/18,Rua Espírito Santo,1059
3253565,306999.44,38.36,-19.924035800000002,-43.93842570000004,1,1,1,1.0,1.0,234.0,centro-sul,Centro,12/08/18,Rua Espírito Santo,1059
346603,307450.0,62.28,-19.924035800000002,-43.93842570000004,1,1,1,1.0,1.0,250.0,centro-sul,Lourdes,12/08/18,Rua Espírito Santo,1059
346914,309093.86,40.05,-19.924035800000002,-43.93842570000004,1,1,1,1.0,1.0,250.0,centro-sul,Lourdes,12/08/18,Rua Espírito Santo,1059
346891,310524.5,62.28,-19.924035800000002,-43.93842570000004,1,1,1,1.0,1.0,250.0,centro-sul,Lourdes,12/08/18,Rua Espírito Santo,1059
346589,311547.6,68.9,-19.924035800000002,-43.93842570000004,1,1,1,1.0,1.0,300.0,centro-sul,Lourdes,12/08/18,Rua Espírito Santo,1059
3253558,312184.79,40.05,-19.924035800000002,-43.93842570000004,1,1,1,1.0,1.0,234.0,centro-sul,Centro,12/08/18,Rua Espírito Santo,1059
346919,313629.75,62.28,-19.924035800000002,-43.93842570000004,1,1,1,1.0,1.0,250.0,centro-sul,Lourdes,12/08/18,Rua Espírito Santo,1059
347097,316766.04,62.28,-19.924035800000002,-43.93842570000004,1,1,1,1.0,1.0,1.0,centro-sul,Lourdes,12/08/18,Rua Espírito Santo,1059
346908,317809.71,68.9,-19.924035800000002,-43.93842570000004,1,1,1,1.0,1.0,250.0,centro-sul,Lourdes,12/08/18,Rua Espírito Santo,1059
347217,318459.71,40.05,-19.924035800000002,-43.93842570000004,1,1,1,1.0,1.0,1.0,centro-sul,Lourdes,12/08/18,Rua Espírito Santo,1059
347196,319933.7,62.28,-19.924035800000002,-43.93842570000004,1,1,1,1.0,1.0,1.0,centro-sul,Lourdes,12/08/18,Rua Espírito Santo,1059
347100,320987.8,68.9,-19.924035800000002,-43.93842570000004,1,1,1,0.0,1.0,1.0,centro-sul,Lourdes,12/08/18,Rua Espírito Santo,1059
347175,324197.68,68.9,-19.924035800000002,-43.93842570000004,1,1,1,1.0,1.0,1.0,centro-sul,Lourdes,12/08/18,Rua Espírito Santo,1059
3253566,327439.66,68.9,-19.924035800000002,-43.93842570000004,1,1,1,1.0,1.0,234.0,centro-sul,Centro,12/08/18,Rua Espírito Santo,1059
3253580,328109.36,40.05,-19.924035800000002,-43.93842570000004,1,1,1,1.0,1.0,234.0,centro-sul,Centro,12/08/18,Rua Espírito Santo,1059
3252244,360000.0,66.79,-19.9764685,-43.97826580000003,2,1,0,2.0,123.6,385.0,oeste,Buritis,12/08/18,Rua José Phino Aleixo,79
3257021,505000.0,111.64,-19.967102,-43.97087299999998,3,3,1,3.0,149.0,692.0,oeste,Buritis,12/08/18,Rua Iracy Manata,98
3255140,790000.0,176.82,-19.9766057,-43.97745650000002,3,2,1,3.0,0.01,0.01,oeste,Buritis,12/08/18,Avenida Aggeo Pio Sobrinho,201
43732,830000.0,180.0,-19.948904100000004,-43.9474237,4,3,1,2.0,184.0,1100.0,centro-sul,Santo Antônio,12/08/18,Rua Pitangueiras,601
3255591,860000.0,176.82,-19.9749628,-43.97697950000003,3,2,1,3.0,0.01,0.01,oeste,Buritis,12/08/18,Avenida Aggeo Pio Sobrinho,201
1752275,870000.0,100.83,-19.976256699999997,-43.94447980000001,3,2,1,3.0,600.0,1265.61,centro-sul,Belvedere,12/08/18,Rua Desembargador Jorge Fontana,250
3253841,990000.0,230.0,-19.9694997,-43.97174769999998,4,4,2,3.0,315.0,697.86,oeste,Buritis,12/08/18,Rua Maria Heilbuth Surette,1404
3250418,1249000.0,285.0,-19.8610924,-43.95371779999999,4,4,2,4.0,402.0,570.0,pampulha,Liberdade,12/08/18,Rua Doutor Teles,306
1609100,2500000.0,415.51,-19.931638,-43.936372999999996,5,4,2,2.0,620.81,1800.0,centro-sul,Lourdes,12/08/18,Rua Gonçalves Dias,1316
346925,283700.16,36.66,-19.924035800000002,-43.93842570000004,1,1,1,1.0,1.0,1.0,centro-sul,Lourdes,12/08/18,Rua Espírito Santo,1059
3236345,562000.0,87.0,-19.9728915,-43.970121999999996,3,2,1,2.0,231.0,700.0,oeste,Buritis,12/08/18,Rua Clementino Viana Dotti,162
1527241,249000.0,55.0,-19.9555608,-43.96748789999998,2,1,0,1.0,79.0,280.0,oeste,Estoril,12/08/18,Rua Cordelina Silveira Matos,74
3254895,1050000.0,153.0,-19.9689576,-43.97074739999999,4,4,2,4.0,398.0,1000.0,oeste,Buritis,12/08/18,Rua Fidélis Martins,127
1582120,150000.0,46.0,-19.9388014,-44.02415689999998,2,1,0,1.0,0.0,100.0,noroeste,Vila Magnesita,12/08/18,Rua Padre Tiago de Almeida,296
3239276,160000.0,41.82,-19.9178025,-43.96794379999999,2,1,0,1.0,26.62,150.0,noroeste,Padre Eustáquio,12/08/18,Rua José Azevedo,35
3241787,170000.0,43.42,-19.931912699999998,-44.0163073,2,0,0,1.0,62.48,230.0,noroeste,Santa Maria,12/08/18,Rua das Ostras,95
3241987,180000.0,55.62,-19.8736338,-43.93930290000003,2,1,0,0.0,55.62,150.0,nordeste,Palmares,12/08/18,Rua José Cleto,1785
3240430,205000.0,63.71,-19.871095999999998,-43.94378699999999,3,1,0,1.0,0.0,160.0,nordeste,Palmares,12/08/18,Rua José Cleto,1455
3238738,215000.0,75.0,-19.965103,-43.96930580000003,3,1,1,1.0,65.44,250.0,oeste,Estrela Dalva,12/08/18,Avenida Costa do Marfim,125
1581016,220000.0,45.0,-19.826187,-43.97432200000003,2,1,0,1.0,1.0,1.0,pampulha,Santa Mônica,12/08/18,Rua Coelho Neto,210
1581205,220000.0,45.0,-19.826187,-43.97432200000003,2,1,0,1.0,1.0,1.0,pampulha,Santa Mônica,12/08/18,Rua Coelho Neto,210
1581591,220000.0,45.0,-19.8259478,-43.972611700000016,2,1,0,1.0,1.0,1.0,pampulha,Santa Mônica,12/08/18,Rua Coelho Neto,210
3237657,220000.0,50.0,-19.873540300000002,-43.9982521,2,1,0,1.0,65.0,100.0,pampulha,Castelo,12/08/18,Rua Castelo de Ajuda,212
2708098,225000.0,59.19,-19.8404289,-43.93798279999999,3,1,0,1.0,62.47,250.0,norte,Heliópolis,12/08/18,Rua Abdenago Lisboa,60
25734,232500.0,37.11,-19.861861899999997,-43.9409786,1,1,0,1.0,1.0,150.0,pampulha,Dona Clara,12/08/18,Rua Bento Mendes Castanheira,40
3238487,235000.0,70.0,-19.9650919,-43.96888799999999,3,1,0,1.0,68.68,184.0,oeste,Havaí,12/08/18,Avenida Costa do Marfim,100
44712,239000.0,47.07,-19.9681351,-43.98415060000002,2,1,0,1.0,0.01,0.01,oeste,Palmeiras,12/08/18,Rua Senhora do Porto,1600
44717,239000.0,47.07,-19.968052800000002,-43.98403270000001,2,1,0,1.0,1.0,1.0,oeste,Palmeiras,12/08/18,Rua Senhora do Porto,1600
44724,239000.0,47.07,-19.9680522,-43.984026899999996,2,1,0,1.0,1.0,1.0,oeste,Palmeiras,12/08/18,Rua Senhora do Porto,1600
44726,239000.0,47.07,-19.968052800000002,-43.98403270000001,2,1,0,1.0,1.0,0.01,oeste,Palmeiras,12/08/18,Rua Senhora do Porto,1600
44737,239000.0,46.64,-19.968052800000002,-43.98403270000001,2,1,0,1.0,1.0,313.81,oeste,Palmeiras,12/08/18,Rua Senhora do Porto,1600
44738,239000.0,46.64,-19.968052800000002,-43.98403270000001,2,1,0,1.0,1.0,0.01,oeste,Palmeiras,12/08/18,Rua Senhora do Porto,1600
3241055,239000.0,47.07,-19.9680522,-43.984026899999996,2,1,1,1.0,1.0,0.01,oeste,Palmeiras,12/08/18,Rua Senhora do Porto,1600
3253766,239000.0,47.1,-19.9680522,-43.984026899999996,2,2,1,1.0,1.0,407.21,oeste,Palmeiras,12/08/18,Rua Senhora do Porto,1600
3253768,239000.0,47.1,-19.9680522,-43.984026899999996,2,2,1,1.0,1.0,407.21,oeste,Palmeiras,12/08/18,Rua Senhora do Porto,1600
3253769,239000.0,46.6,-19.9680522,-43.984026899999996,2,2,1,1.0,1.0,407.21,oeste,Palmeiras,12/08/18,Rua Senhora do Porto,1600
3253770,239000.0,45.6,-19.9680522,-43.984026899999996,2,2,1,1.0,1.0,407.21,oeste,Palmeiras,12/08/18,Rua Senhora do Porto,1600
3253774,239000.0,46.6,-19.9680522,-43.984026899999996,2,2,1,1.0,1.0,407.21,oeste,Palmeiras,12/08/18,Rua Senhora do Porto,1600
3255355,240000.0,63.23,-20.00491,-44.00510500000002,2,2,1,1.0,77.0,300.0,barreiro,Cardoso,12/08/18,Rua Augusto Muniz,255
362410,253775.25,55.35,-19.922333399999996,-44.01018779999998,3,1,1,1.0,135.0,368.8,noroeste,Minas Brasil,12/08/18,Avenida das Castanholas,246
3235966,270000.0,82.0,-19.8906515,-43.93097979999999,4,2,1,1.0,105.0,421.0,nordeste,Silveira,12/08/18,Rua Agostinho Azzi,51
3247179,270000.0,65.0,-19.8933731,-43.93200969999998,2,2,0,1.0,88.38,370.0,nordeste,Silveira,12/08/18,Rua São Gonçalo,1137
3256419,280000.0,86.0,-19.970252,-43.97293300000001,2,1,0,1.0,80.0,215.0,oeste,Buritis,12/08/18,Rua Eduardo Frieiro,70
38952,286825.05,62.69,-19.922230600000002,-44.010401099999974,3,1,1,2.0,135.0,368.8,noroeste,Minas Brasil,12/08/18,Avenida das Castanholas,246
1581895,289000.0,80.0,-19.825229999999998,-43.97278599999999,1,1,0,1.0,1.0,1.0,pampulha,Santa Mônica,12/08/18,Rua Coelho Neto,210
32199,295087.5,62.69,-19.9224909,-44.00955099999999,3,2,1,2.0,0.0,368.8,noroeste,Minas Brasil,12/08/18,Avenida das Castanholas,246
38968,295087.5,62.69,-19.92223,-44.01037359999998,3,1,1,2.0,135.0,368.8,noroeste,Minas Brasil,12/08/18,Avenida das Castanholas,246
39021,295087.5,62.69,-19.92223,-44.01037359999998,3,1,1,2.0,135.0,368.8,noroeste,Dom Cabral,12/08/18,Avenida das Castanholas,246
39030,295087.5,62.69,-19.92223,-44.01037359999998,3,1,1,2.0,135.0,368.8,noroeste,João Pinheiro,12/08/18,Avenida das Castanholas,246
1581592,299000.0,80.0,-19.8252591,-43.97284130000003,2,1,0,1.0,1.0,1.0,pampulha,Santa Mônica,12/08/18,Rua Coelho Neto,210
39036,304530.3,62.69,-19.92223,-44.01037359999998,3,1,1,2.0,135.0,368.8,noroeste,Dom Cabral,12/08/18,Avenida das Castanholas,246
39078,304530.3,62.69,-19.92223,-44.01037359999998,3,1,1,2.0,135.0,368.8,noroeste,João Pinheiro,12/08/18,Avenida das Castanholas,246
39083,304530.3,62.69,-19.92223,-44.01037359999998,3,1,1,2.0,135.0,368.8,noroeste,Minas Brasil,12/08/18,Avenida das Castanholas,246
39085,304530.3,62.69,-19.92223,-44.01037359999998,3,1,1,2.0,135.0,368.8,noroeste,Dom Cabral,12/08/18,Avenida das Castanholas,246
39091,304530.3,62.69,-19.92223,-44.01037359999998,3,1,1,2.0,135.0,368.8,noroeste,João Pinheiro,12/08/18,Avenida das Castanholas,246
172874,304530.3,62.69,-19.92223,-44.01037359999998,3,2,1,2.0,135.0,368.8,noroeste,Dom Cabral,12/08/18,Avenida das Castanholas,246
362400,304530.3,62.69,-19.9225461,-44.00964329999999,3,1,1,2.0,135.0,368.8,noroeste,Dom Bosco,12/08/18,Avenida das Castanholas,246
341820,309000.0,52.7,-19.9153853,-43.92813319999999,2,1,0,1.0,98.0,390.0,leste,Floresta,12/08/18,Avenida do Contorno,2250
3243472,310000.0,79.45,-19.9822725,-43.979582100000016,3,1,1,1.0,90.81,315.0,oeste,Buritis,12/08/18,Avenida Senador José Augusto,80
3248774,328000.0,140.0,-19.834419699999998,-43.9679731,3,1,0,1.0,75.74,60.0,pampulha,Santa Branca,12/08/18,Rua Júlio Diniz,604
44743,329000.0,69.27,-19.968052800000002,-43.98403270000001,3,2,1,1.0,1.0,407.0,oeste,Palmeiras,12/08/18,Rua Senhora do Porto,1600
44744,329000.0,69.27,-19.968052800000002,-43.98403270000001,3,2,1,1.0,1.0,407.0,oeste,Palmeiras,12/08/18,Rua Senhora do Porto,1600
44762,329000.0,69.27,-19.968052800000002,-43.98403270000001,3,2,1,1.0,1.0,407.0,oeste,Palmeiras,12/08/18,Rua Senhora do Porto,1600
44763,329000.0,69.27,-19.968052800000002,-43.98403270000001,3,2,1,1.0,1.0,407.0,oeste,Palmeiras,12/08/18,Rua Senhora do Porto,1600
44774,329000.0,69.27,-19.968052800000002,-43.98403270000001,3,2,1,1.0,1.0,407.21,oeste,Palmeiras,12/08/18,Rua Senhora do Porto,1600
44775,329000.0,69.27,-19.968052800000002,-43.98403270000001,3,2,1,1.0,1.0,1.0,oeste,Palmeiras,12/08/18,Rua Senhora do Porto,1600
44776,329000.0,69.27,-19.968052800000002,-43.98403270000001,3,2,1,1.0,1.0,1.0,oeste,Palmeiras,12/08/18,Rua Senhora do Porto,1600
44777,329000.0,69.27,-19.968052800000002,-43.98403270000001,3,2,1,1.0,1.0,407.21,oeste,Palmeiras,12/08/18,Rua Senhora do Porto,1600
3253754,329000.0,69.3,-19.9680522,-43.984026899999996,3,2,1,1.0,1.0,407.21,oeste,Palmeiras,12/08/18,Rua Senhora do Porto,1600
350188,330000.0,67.29,-19.9683392,-43.96553670000003,3,2,1,1.0,80.84,250.0,oeste,Buritis,12/08/18,Rua Vitorio Magnavacca,145
362428,334039.05,109.98,-19.9223863,-44.00968590000002,2,1,1,1.0,135.0,368.8,noroeste,Minas Brasil,12/08/18,Avenida das Castanholas,246
362429,334039.05,109.98,-19.9223863,-44.00968590000002,2,1,1,1.0,135.0,368.8,noroeste,Dom Cabral,12/08/18,Avenida das Castanholas,246
3243228,335000.0,111.37,-19.9622645,-43.96559790000003,4,2,1,1.0,77.2,450.0,oeste,Estoril,12/08/18,Rua Paulo Piedade Campos,680
3254663,335000.0,78.0,-19.976613,-43.963957100000016,3,2,1,2.0,119.0,430.0,oeste,Buritis,12/08/18,Rua Laura Soares Carneiro,77
1700618,349000.0,80.0,-19.969076,-43.96674300000001,3,2,1,1.0,85.41,280.0,oeste,Buritis,12/08/18,Rua Engenheiro Alberto Pontes,407
3255390,349000.0,69.27,-19.9680522,-43.984026899999996,3,2,1,2.0,1.0,407.0,oeste,Palmeiras,12/08/18,Rua Senhora do Porto,1600
3243728,350000.0,70.0,-19.877358100000002,-43.98209170000001,2,2,1,2.0,160.0,200.0,pampulha,Ouro Preto,12/08/18,Rua Júlio Soares Santana,369
3256130,350000.0,100.0,-19.938631899999997,-43.91656499999999,3,3,1,1.0,117.0,630.0,centro-sul,Serra,12/08/18,Rua Laguna,18
44767,359000.0,69.27,-19.9680522,-43.984026899999996,3,2,1,2.0,1.0,407.0,oeste,Palmeiras,12/08/18,Rua Senhora do Porto,1600
44778,359000.0,69.27,-19.968052800000002,-43.98403270000001,3,2,1,2.0,1.0,407.21,oeste,Palmeiras,12/08/18,Rua Senhora do Porto,1600
44780,359000.0,69.27,-19.968052800000002,-43.98403270000001,3,2,1,2.0,111.11,0.01,oeste,Palmeiras,12/08/18,Rua Senhora do Porto,1600
44783,359000.0,69.27,-19.968052800000002,-43.98403270000001,3,2,1,2.0,11.11,0.01,oeste,Palmeiras,12/08/18,Rua Senhora do Porto,1600
3253763,359000.0,69.27,-19.9680522,-43.984026899999996,3,2,1,2.0,1.0,407.21,oeste,Palmeiras,12/08/18,Rua Senhora do Porto,1600
3253764,359000.0,69.27,-19.9680522,-43.984026899999996,3,2,1,2.0,1.0,407.21,oeste,Palmeiras,12/08/18,Rua Senhora do Porto,1600
3253765,359000.0,69.27,-19.9680522,-43.984026899999996,3,2,1,2.0,1.0,407.21,oeste,Palmeiras,12/08/18,Rua Senhora do Porto,1600
3253767,359000.0,69.27,-19.9680522,-43.984026899999996,3,2,1,2.0,1.0,407.21,oeste,Palmeiras,12/08/18,Rua Senhora do Porto,1600
3253773,359000.0,69.27,-19.9680522,-43.984026899999996,3,2,1,2.0,1.0,407.21,oeste,Palmeiras,12/08/18,Rua Senhora do Porto,1600
3253775,359000.0,69.27,-19.9680522,-43.984026899999996,3,2,1,2.0,1.0,407.21,oeste,Palmeiras,12/08/18,Rua Senhora do Porto,1600
25790,362000.0,60.5,-19.861861899999997,-43.9409786,2,1,1,2.0,1.0,200.0,pampulha,Dona Clara,12/08/18,Rua Bento Mendes Castanheira,40
1527623,380000.0,80.0,-19.9489953,-43.970682700000005,3,2,1,2.0,124.18,300.0,oeste,Jardim América,12/08/18,Rua Lindolfo de Azevedo,2533
3249508,395000.0,80.0,-19.879067199999998,-43.92551789999999,3,2,1,2.0,80.0,250.0,nordeste,União,12/08/18,Rua Lorca,59
2760285,404000.0,85.0,-19.972087,-43.96682570000002,3,2,1,1.0,141.09,446.0,oeste,Buritis,12/08/18,Avenida Professor Mário Werneck,2377
3240156,430000.0,110.0,-19.889385100000002,-43.93070869999997,3,2,1,2.0,117.0,420.0,nordeste,Silveira,12/08/18,Rua Everardo Vieira,240
169846,448000.0,82.1,-19.890739,-43.943922999999984,3,2,1,2.0,145.0,300.0,nordeste,Renascença,12/08/18,Rua Cônego Santana,483
168039,450000.0,40.26,-19.9776671,-43.97909290000001,1,1,0,1.0,170.14,389.58,oeste,Buritis,12/08/18,Rua Ignácio Alves Martins,191
38238,455000.0,82.0,-19.8599021,-43.9445566,3,2,1,2.0,0.01,200.0,pampulha,Jaraguá,12/08/18,Rua Paulino Vaz de Melo,169
38237,460000.0,82.0,-19.8599641,-43.94468470000004,3,2,1,2.0,0.01,200.0,pampulha,Jaraguá,12/08/18,Rua Paulino Vaz de Melo,169
130136,460000.0,78.0,-19.918917,-43.96068700000001,3,2,1,2.0,142.49,687.88,oeste,Prado,12/08/18,Rua Mercês,29
1526360,460000.0,96.0,-19.952772600000003,-43.97753609999995,3,3,1,2.0,136.54,250.0,oeste,Havaí,12/08/18,Rua Lírio Montanhes,204
52462,470000.0,82.0,-19.8599021,-43.9445566,3,2,1,2.0,0.01,200.0,pampulha,Dona Clara,12/08/18,Rua Paulino Vaz de Melo,169
3246768,480000.0,110.0,-19.932185,-43.96446400000002,3,2,1,2.0,115.0,265.0,oeste,Barroca,12/08/18,Rua Pedra Bonita,1271
2259296,495000.0,110.0,-19.9695073,-43.96664060000001,3,3,1,2.0,171.04,524.3,oeste,Buritis,12/08/18,Rua Engenheiro Alberto Pontes,110
3253134,498000.0,97.0,-19.9219317,-43.9385188,3,2,0,0.0,90.0,590.0,centro-sul,Centro,12/08/18,Rua Tupis,171
1526970,500000.0,96.0,-19.952772600000003,-43.97753609999995,3,3,1,2.0,136.54,250.0,oeste,Havaí,12/08/18,Rua Lírio Montanhes,204
1527329,510000.0,96.0,-19.952772600000003,-43.97753609999995,3,3,1,2.0,136.54,250.0,oeste,Havaí,12/08/18,Rua Lírio Montanhes,204
1527369,510000.0,96.0,-19.952772600000003,-43.97753609999995,3,3,1,2.0,136.54,250.0,oeste,Havaí,12/08/18,Rua Lírio Montanhes,204
1795496,520000.0,105.0,-19.9479172,-43.93625629999997,3,2,1,1.0,195.0,900.0,centro-sul,Sion,12/08/18,Rua Bolívia,113
3254234,530000.0,120.0,-19.870262699999998,-43.93914760000001,3,2,1,3.0,128.0,300.0,nordeste,Palmares,12/08/18,Rua Jorge Angel Livraga,159
3243508,540000.0,109.66,-19.8952032,-43.929189399999984,3,3,1,2.0,182.0,290.0,nordeste,Silveira,12/08/18,Rua Tancredo da Silva Pinto,112
3245782,560000.0,149.56,-19.9392341,-43.963680700000005,3,2,1,2.0,236.77,500.0,oeste,Gutierrez,12/08/18,Rua Pedro Sigaud,449
3257067,570000.0,170.0,-19.941952399999998,-43.974030200000016,4,3,1,2.0,235.0,300.0,oeste,Nova Suíssa,12/08/18,Rua Indiana,313
348449,584800.0,112.33,-19.981830399999996,-43.974105899999984,4,1,1,2.0,185.0,297.0,oeste,Buritis,12/08/18,Avenida Deputado Cristóvam Chiaradia,837
3237951,585000.0,87.69,-19.973382,-43.970844,3,3,1,2.0,220.0,750.0,oeste,Buritis,12/08/18,Rua Clementino Viana Dotti,162
3239668,590000.0,145.43,-19.979172,-43.97011299999997,3,4,1,2.0,256.5,500.0,oeste,Buritis,12/08/18,Avenida Protásio de Oliveira Penna,384
3256366,595000.0,150.0,-19.9698302,-43.96899669999999,4,4,1,2.0,170.0,870.0,oeste,Buritis,12/08/18,Rua Ernani Agricola,655
1574977,620000.0,112.33,-19.981707999999998,-43.974082200000005,4,3,1,2.0,187.35,297.0,oeste,Buritis,12/08/18,Avenida Deputado Cristóvam Chiaradia,837
166096,629125.0,100.66,-19.9770833,-43.9776766,3,3,1,2.0,220.24,538.59,oeste,Buritis,12/08/18,Rua Ignácio Alves Martins,191
3251179,630000.0,103.0,-19.9754009,-43.97752460000004,3,2,1,2.0,290.0,500.0,oeste,Buritis,12/08/18,Avenida Aggeo Pio Sobrinho,141
166116,635111.0,100.66,-19.9770833,-43.9776766,3,3,1,2.0,220.24,538.59,oeste,Buritis,12/08/18,Rua Ignácio Alves Martins,191
22463,640000.0,150.0,-19.979280399999997,-43.9790759,3,4,1,2.0,139.17,300.0,oeste,Buritis,12/08/18,Rua Sílvio Menicucci,179
3243536,650000.0,214.0,-19.8598915,-43.94176019999998,4,3,1,2.0,182.0,450.0,pampulha,Dona Clara,12/08/18,Rua Leopoldina Cardoso,150
3252788,650000.0,87.6,-19.981375,-43.9764667,3,2,1,2.0,334.18,606.24,oeste,Buritis,12/08/18,Avenida José de Oliveira Vaz,203
359341,655000.0,180.0,-19.932216,-43.976382,3,3,1,2.0,160.3,380.0,oeste,Nova Suíssa,12/08/18,Rua das Camélias,65
3236704,670000.0,130.0,-19.9518525,-43.931555900000035,4,2,1,2.0,225.36,550.0,centro-sul,Sion,12/08/18,Rua Chile,188
2067374,680000.0,143.0,-19.979197,-43.96630540000001,3,3,1,2.0,277.84,380.0,oeste,Buritis,12/08/18,Rua Francisco Fernandes dos Santos,226
3239708,680000.0,153.0,-19.9354798,-43.97358250000002,4,3,1,2.0,201.79,393.0,oeste,Nova Suíssa,12/08/18,Rua João Caetano,15
33528,683172.0,83.83,-19.884576000000003,-43.93304160000002,3,3,1,2.0,1.0,518.15,nordeste,Ipiranga,12/08/18,Rua Princesa Leopoldina,163
38310,690000.0,164.0,-19.85986,-43.94445200000001,2,3,1,2.0,0.01,200.0,pampulha,Jaraguá,12/08/18,Rua Paulino Vaz de Melo,169
3243523,698000.0,240.59,-19.973904162859775,-43.96839310209958,4,3,1,3.0,264.48,600.0,oeste,Buritis,12/08/18,Rua Sílvio de Oliveira Martins,57
175380,702000.0,85.62,-19.927023300000002,-43.963177400000006,3,3,1,2.0,300.0,580.0,oeste,Prado,12/08/18,Rua Turquesa,275
177519,707000.0,85.62,-19.927023300000002,-43.963177400000006,3,3,1,2.0,300.0,580.0,oeste,Prado,12/08/18,Rua Turquesa,275
177543,712000.0,85.62,-19.927023300000002,-43.963177400000006,3,3,1,2.0,300.0,580.0,oeste,Prado,12/08/18,Rua Turquesa,275
177547,718000.0,85.62,-19.927023300000002,-43.963177400000006,3,3,1,2.0,300.0,580.0,oeste,Prado,12/08/18,Rua Turquesa,275
38308,720000.0,164.0,-19.85986,-43.94445200000001,3,3,1,2.0,0.01,200.0,pampulha,Jaraguá,12/08/18,Rua Paulino Vaz de Melo,169
3256549,720000.0,100.0,-19.927144000000002,-43.96259800000002,3,3,1,2.0,145.0,650.0,oeste,Prado,12/08/18,Rua Turquesa,235
177545,738000.0,85.62,-19.927023300000002,-43.963177400000006,3,3,1,3.0,300.0,580.0,oeste,Prado,12/08/18,Rua Turquesa,275
177574,742000.0,85.62,-19.927023300000002,-43.963177400000006,3,3,1,2.0,300.0,580.0,oeste,Prado,12/08/18,Rua Turquesa,275
177575,747000.0,85.62,-19.927023300000002,-43.963177400000006,3,3,1,2.0,300.0,580.0,oeste,Prado,12/08/18,Rua Turquesa,275
393320,795000.0,91.1,-19.9475276,-43.93687950000003,3,2,1,2.0,243.25,1100.0,centro-sul,São Pedro,12/08/18,Rua Padre Severino,481
3244604,830000.0,135.0,-19.9451224,-43.94747519999999,4,4,2,2.0,204.37,550.0,centro-sul,Santo Antônio,12/08/18,Rua Marabá,258
35795,839172.0,87.6,-19.983181899999998,-43.97768859999997,3,2,1,2.0,161.44,599.0,oeste,Buritis,12/08/18,Avenida José de Oliveira Vaz,203
341600,841460.0,87.6,-19.983181899999998,-43.97768859999997,3,2,1,2.0,166.9,606.24,oeste,Buritis,12/08/18,Avenida José de Oliveira Vaz,203
49212,848086.0,87.6,-19.983181899999998,-43.97768859999997,3,2,1,2.0,164.35,606.24,oeste,Buritis,12/08/18,Avenida José de Oliveira Vaz,203
336952,850000.0,124.9,-19.918260999999998,-43.99162799999999,3,4,1,2.0,2326.0,468.0,noroeste,Minas Brasil,12/08/18,Rua Xavier da Veiga,361
3242398,850000.0,142.71,-19.8920444,-43.92314579999999,4,2,1,2.0,272.0,800.0,leste,Cidade Nova,12/08/18,Rua Vereador Teixeira de Azevedo,152
3246682,850000.0,100.0,-19.9328638,-43.93018330000001,3,2,1,2.0,343.54,850.0,centro-sul,Funcionários,12/08/18,Rua Gonçalves Dias,59
35808,856069.0,87.6,-19.983181899999998,-43.97768859999997,3,2,1,2.0,166.9,599.0,oeste,Buritis,12/08/18,Avenida José de Oliveira Vaz,203
63807,856069.0,87.6,-19.9831001,-43.97800150000001,3,2,1,1.0,166.9,599.0,oeste,Buritis,12/08/18,Avenida José de Oliveira Vaz,203
3254990,860000.0,180.0,-19.9709,-43.96845400000001,4,3,1,3.0,398.0,977.0,oeste,Buritis,12/08/18,Rua Ernani Agricola,220
3241425,865000.0,205.0,-19.9564943,-43.96705050000003,3,2,1,4.0,2059.15,400.0,oeste,Estoril,12/08/18,Rua Cordelina Silveira Matos,35
177615,942000.0,163.67,-19.927023300000002,-43.963177400000006,0,3,1,3.0,300.0,580.0,oeste,Prado,12/08/18,Rua Turquesa,275
177616,942000.0,153.39,-19.927023300000002,-43.963177400000006,3,3,1,3.0,300.0,580.0,oeste,Prado,12/08/18,Rua Turquesa,275
16792,950000.0,189.0,-19.886513,-44.00176269999997,3,1,1,3.0,206.75,350.0,oeste,Buritis,12/08/18,Rua Sílvio Menicucci,566
3248966,950000.0,235.0,-19.8610924,-43.95371779999999,4,2,1,4.0,298.0,570.0,pampulha,Liberdade,12/08/18,Rua Doutor Teles,306
3250638,950000.0,150.0,-19.972746899999997,-43.97047199999997,4,4,2,4.0,574.95,700.0,oeste,Buritis,12/08/18,Rua Cônsul Walter,659
2243140,980000.0,120.0,-19.966667,-43.968119,4,3,1,3.0,350.46,700.0,oeste,Buritis,12/08/18,Rua Ernani Agricola,420
1581607,989000.0,140.0,-19.969194199999997,-43.96701210000003,4,5,4,3.0,393.16,1155.0,oeste,Buritis,12/08/18,Rua Engenheiro Alberto Pontes,123
42032,1050000.0,170.0,-19.926700399999998,-43.96423720000002,3,3,1,2.0,200.0,200.0,oeste,Prado,12/08/18,Rua Cura D Ars,620
130155,1070000.0,72.0,-19.9342285,-43.931464300000016,2,2,1,2.0,458.98,477.02,centro-sul,Savassi,12/08/18,Rua Cláudio Manoel,878
153665,1160000.0,82.0,-19.9338422,-43.9313426,3,2,1,2.0,504.89,520.11,centro-sul,Savassi,12/08/18,Rua Cláudio Manoel,878
65158,1216994.0,126.0,-19.9817241,-43.9784646,4,2,1,3.0,242.83,1032.44,oeste,Buritis,12/08/18,Avenida Senador José Augusto,260
30866,1232715.0,126.0,-19.9817241,-43.9784646,4,2,1,3.0,242.83,931.08,oeste,Buritis,12/08/18,Avenida Senador José Augusto,260
341425,1232715.0,126.0,-19.9817241,-43.9784646,4,2,1,3.0,242.83,931.08,oeste,Buritis,12/08/18,Avenida Senador José Augusto,260
60600,1236223.0,126.0,-19.9824104,-43.97996999999998,4,2,1,3.0,251.8,965.35,oeste,Buritis,12/08/18,Avenida Senador José Augusto,260
63083,1280000.0,82.0,-19.9339667,-43.93152190000001,3,2,1,2.0,473.74,368.92,centro-sul,Funcionários,12/08/18,Rua Cláudio Manoel,878
3249670,1293872.0,126.0,-19.9812272,-43.97834820000003,4,2,1,3.0,251.8,965.35,oeste,Buritis,12/08/18,Avenida Senador José Augusto,260
3246568,1395000.0,156.0,-19.8896975,-43.92579869999997,4,3,2,4.0,410.0,750.0,leste,Cidade Nova,12/08/18,Rua Doutor Plínio de Morais,614
2085005,1400000.0,249.28,-19.889385100000002,-43.93070869999997,4,3,1,4.0,255.0,700.0,nordeste,Silveira,12/08/18,Rua Everardo Vieira,200
348385,1650000.0,135.0,-19.9336378,-43.93266140000003,4,2,1,3.0,744.32,1378.0,centro-sul,Funcionários,12/08/18,Rua Cláudio Manoel,1029
130222,1700000.0,150.0,-19.9465796,-43.937404600000036,4,4,2,3.0,500.0,900.0,centro-sul,Sion,12/08/18,Rua Cristina,408
130223,1730000.0,150.0,-19.9465796,-43.937404600000036,4,4,2,3.0,500.0,900.0,centro-sul,Sion,12/08/18,Rua Cristina,408
130258,1770000.0,150.0,-19.9465796,-43.937404600000036,4,4,2,3.0,500.0,700.0,centro-sul,Sion,12/08/18,Rua Cristina,408
10641,1830000.0,133.0,-19.928259,-43.9522326,4,3,2,3.0,805.16,880.0,centro-sul,Santo Agostinho,12/08/18,Rua Ouro Preto,1274
10623,1950000.0,133.0,-19.928259,-43.9522326,4,3,2,3.0,805.16,800.0,centro-sul,Santo Agostinho,12/08/18,Rua Ouro Preto,1274
173163,2120000.0,160.0,-19.9442801,-43.937269500000006,4,4,2,3.0,641.62,1219.95,centro-sul,São Pedro,12/08/18,Rua Lavras,438
3199575,2200000.0,183.0,-19.9770396,-43.94263360000002,4,4,2,4.0,1100.0,1874.0,centro-sul,Belvedere,12/08/18,Rua Rodrigo Otávio Coutinho,230
1930204,2449751.0,183.0,-19.9787785,-43.94548910000003,4,4,2,4.0,1.0,1.0,centro-sul,Belvedere,12/08/18,Rua Cypriano Souza Coutinho,47
1930205,2449751.0,183.0,-19.9787785,-43.94548910000003,4,4,2,4.0,1.0,1.0,centro-sul,Belvedere,12/08/18,Rua Cypriano Souza Coutinho,47
1931551,2503806.0,183.0,-19.9787785,-43.94548910000003,4,4,2,4.0,1.0,1.0,centro-sul,Belvedere,12/08/18,Rua Cypriano Souza Coutinho,47
1931553,2523785.0,183.0,-19.9787785,-43.94548910000003,4,4,2,4.0,1.0,1.0,centro-sul,Belvedere,12/08/18,Rua Cypriano Souza Coutinho,47
1932008,2584877.0,183.0,-19.9787785,-43.94548910000003,4,4,2,4.0,1.0,1.0,centro-sul,Belvedere,12/08/18,Rua Cypriano Souza Coutinho,47
1930207,2594278.0,191.51,-19.9787785,-43.94548910000003,4,4,2,4.0,1.0,1.0,centro-sul,Belvedere,12/08/18,Rua Cypriano Souza Coutinho,47
1930208,2594278.0,191.51,-19.9787785,-43.94548910000003,4,4,2,4.0,1.0,1.0,centro-sul,Belvedere,12/08/18,Rua Cypriano Souza Coutinho,47
1932010,2636799.0,183.0,-19.9787785,-43.94548910000003,4,4,2,4.0,1.0,1.0,centro-sul,Belvedere,12/08/18,Rua Cypriano Souza Coutinho,47
1931554,2662173.0,191.51,-19.9787785,-43.94548910000003,4,4,2,4.0,1.0,1.0,centro-sul,Belvedere,12/08/18,Rua Cypriano Souza Coutinho,47
1932011,2663256.0,183.0,-19.9787785,-43.94548910000003,4,4,2,4.0,1.0,1.0,centro-sul,Belvedere,12/08/18,Rua Cypriano Souza Coutinho,47
1932012,2663256.0,183.0,-19.9787785,-43.94548910000003,4,4,2,4.0,1.0,1.0,centro-sul,Belvedere,12/08/18,Rua Cypriano Souza Coutinho,47
1924014,2713872.0,227.14,-19.9787785,-43.94548910000003,4,4,2,4.0,1.0,1.0,centro-sul,Belvedere,12/08/18,Rua Cypriano Souza Coutinho,47
1929761,2713872.0,227.14,-19.9787785,-43.94548910000003,4,4,2,4.0,1.0,1.0,centro-sul,Belvedere,12/08/18,Rua Cypriano Souza Coutinho,47
1932488,2716750.0,183.0,-19.9787785,-43.94548910000003,4,4,2,4.0,1.0,1.0,centro-sul,Belvedere,12/08/18,Rua Cypriano Souza Coutinho,47
1932009,2732113.0,191.51,-19.9787785,-43.94548910000003,4,4,2,4.0,1.0,1.0,centro-sul,Belvedere,12/08/18,Rua Cypriano Souza Coutinho,47
1932459,2743881.0,183.0,-19.9787785,-43.94548910000003,4,4,2,4.0,1.0,1.0,centro-sul,Belvedere,12/08/18,Rua Cypriano Souza Coutinho,47
1932460,2743881.0,183.0,-19.9787785,-43.94548910000003,4,4,2,4.0,1.0,1.0,centro-sul,Belvedere,12/08/18,Rua Cypriano Souza Coutinho,47
1932013,2814978.0,191.51,-19.9787785,-43.94548910000003,4,4,2,4.0,1.0,1.0,centro-sul,Belvedere,12/08/18,Rua Cypriano Souza Coutinho,47
3237809,3250000.0,259.0,-19.9374361,-43.93904229999998,4,5,4,3.0,759.56,2200.0,centro-sul,Lourdes,12/08/18,Rua Antônio de Albuquerque,1177
358198,774000.0,180.15,-19.9322586,-43.97638540000003,3,4,1,2.0,200.0,300.0,oeste,Nova Suíssa,12/08/18,Rua das Camélias,152
3245317,300000.0,71.6,-19.881585,-43.999953999999995,2,2,1,2.0,113.9,250.0,pampulha,Castelo,12/08/18,Rua Castelo Guimarães,366
358191,525000.0,86.0,-19.9322586,-43.97638540000003,3,3,1,2.0,200.0,300.0,oeste,Nova Suíssa,12/08/18,Rua das Camélias,152
358192,532000.0,86.0,-19.9322586,-43.97638540000003,3,3,1,2.0,200.0,300.0,oeste,Nova Suíssa,12/08/18,Rua das Camélias,152
358179,350000.0,65.0,-19.9322586,-43.97638540000003,2,2,1,1.0,200.0,300.0,oeste,Nova Suíssa,12/08/18,Rua das Camélias,152
358184,390000.0,65.0,-19.9322586,-43.97638540000003,2,2,1,2.0,200.0,300.0,oeste,Nova Suíssa,12/08/18,Rua das Camélias,152
358190,396000.0,65.0,-19.9322586,-43.97638540000003,2,2,1,2.0,200.0,300.0,oeste,Nova Suíssa,12/08/18,Rua das Camélias,152
358170,495000.0,144.24,-19.9322586,-43.97638540000003,2,2,1,2.0,200.0,300.0,oeste,Nova Suíssa,12/08/18,Rua das Camélias,152
358162,516000.0,86.0,-19.9322586,-43.97638540000003,3,3,1,2.0,200.0,300.0,oeste,Nova Suíssa,12/08/18,Rua das Camélias,152
40653,135000.0,47.0,-19.808547100000002,-43.93478879999998,2,1,0,1.0,19.0,150.0,norte,Juliana,12/08/18,Rua Izabel Raso,72
2522504,150000.0,41.94,-19.896869,-44.0157122,2,1,0,1.0,0.0,113.0,noroeste,São Salvador,12/08/18,Rua Barbosa,12
346175,205000.0,64.32,-19.830839899999997,-43.97773599999999,2,1,0,1.0,69.4,250.0,pampulha,Santa Mônica,12/08/18,Rua dos Maias,350
351389,240000.0,60.74,-19.913711499999998,-43.93140819999997,2,2,0,0.0,88.73,525.0,leste,Floresta,12/08/18,Avenida do Contorno,1454
363309,315000.0,70.0,-19.8717845,-43.92186160000001,3,2,1,1.0,99.0,330.0,nordeste,Fernão Dias,12/08/18,Rua Aiuruoca,25
3245468,340000.0,78.0,-19.8788802,-43.9346711,3,1,1,1.0,166.0,570.0,nordeste,Palmares,12/08/18,Avenida Bernardo Vasconcelos,2061
349307,350000.0,68.0,-19.8616707,-43.95386680000002,3,2,1,1.0,78.34,200.0,pampulha,Liberdade,12/08/18,Rua Flor-de-fogo,65
339574,380000.0,54.78,-19.879770399999998,-43.9204742,2,1,1,2.0,100.94,358.05,nordeste,União,12/08/18,Rua Walace,269
352808,380000.0,100.0,-19.941403,-43.91558199999997,3,2,1,1.0,103.53,250.0,centro-sul,Serra,12/08/18,Rua Capelinha,183
3244848,429000.0,125.0,-19.8713793,-43.92240200000003,3,2,1,1.0,108.0,450.0,nordeste,Fernão Dias,12/08/18,Rua Aiuruoca,25
3240884,440000.0,180.0,-19.916414800000002,-43.92467629999999,3,3,1,2.0,159.0,300.0,leste,Santa Tereza,12/08/18,Rua Teixeira Soares,580
174880,465000.0,78.0,-19.886819,-43.93188299999997,3,3,2,2.0,126.75,232.0,nordeste,Silveira,12/08/18,Rua Seritinga,107
3249842,469000.0,148.7,-19.897244399999998,-43.92679039999996,2,3,1,3.0,187.75,250.0,leste,Sagrada Família,12/08/18,Rua Itajubá,2225
1835060,470000.0,220.0,-19.881847,-43.92010399999998,4,4,1,2.0,227.63,350.0,nordeste,União,12/08/18,Rua Nelson,555
169084,689000.0,97.0,-19.928711399999997,-43.96496980000001,4,3,1,2.0,200.0,445.0,oeste,Prado,12/08/18,Rua Cuiabá,977
137713,900000.0,224.0,-19.8831955,-43.92728339999997,4,2,1,3.0,142.12,516.0,nordeste,União,12/08/18,Rua Flor-de-jequitibá,25
3230598,1390000.0,282.0,-19.93005,-43.967942,5,4,1,3.0,345.0,570.0,oeste,Prado,12/08/18,Rua Atenas,128
3240265,550000.0,95.0,-19.972952199999998,-43.96821979999999,3,1,1,2.0,215.0,490.0,oeste,Buritis,12/08/18,Rua Stella Hanriot,421
3252318,683000.0,202.0,-19.926664000000002,-43.974796999999974,4,3,1,3.0,130.0,324.0,oeste,Nova Suíssa,12/08/18,Rua Pimentel Barbosa,75
3255046,188000.0,45.0,-19.9325778,-44.0233088,2,1,0,1.0,50.0,195.0,noroeste,Coração Eucarístico,12/08/18,Rua Dois Mil Trezentos e Oitenta e Um,50
3257071,800000.0,211.39,-19.9802774,-43.97463189999996,4,4,2,2.0,284.04,600.0,oeste,Buritis,12/08/18,Avenida Deputado Cristóvam Chiaradia,430
28132,737000.0,126.0,-19.9750891,-43.9670102,4,3,1,3.0,0.0,580.0,oeste,Buritis,12/08/18,Rua Marco Aurélio de Miranda,225
180784,1400000.0,135.0,-19.9546787,-43.93684669999999,4,4,3,3.0,95.8,0.0,centro-sul,Sion,12/08/18,Rua Peru,56
3253577,310069.43,38.36,-19.924035800000002,-43.93842570000004,1,1,1,1.0,1.0,234.0,centro-sul,Centro,12/08/18,Rua Espírito Santo,1059
157463,170000.0,93.0,-19.807433800000002,-43.93479760000002,3,1,0,1.0,73.9,272.0,norte,Juliana,12/08/18,Rua Izabel Raso,72
1630903,215000.0,65.0,-19.93751954860201,-43.95764775291753,2,1,0,0.0,0.0,280.0,oeste,Gutierrez,12/08/18,Rua Almirante Alexandrino,664
1942479,515000.0,82.85,-19.9114635,-43.93233129999999,3,1,1,2.0,147.59,1000.0,leste,Floresta,12/08/18,Rua Pouso Alegre,650
23189,750000.0,142.0,-19.973663600000002,-43.96759939999998,4,5,2,3.0,273.0,300.0,oeste,Buritis,12/08/18,Rua Marco Aurélio de Miranda,316
3245429,365000.0,66.17,-19.9474231,-43.9851448,3,1,1,2.0,1.0,1.0,oeste,Salgado Filho,12/08/18,Rua Campo Formoso,140
167617,125000.0,40.0,-19.886147,-43.933307000000006,1,1,1,0.0,31.36,30.0,nordeste,Ipiranga,12/08/18,Rua Ingá,293
341023,130000.0,54.98,-19.845752100000002,-43.88567849999998,2,1,0,1.0,0.0,124.0,nordeste,Vitória,12/08/18,Rua dos Borges,1390
1657116,135000.0,47.0,-19.809275,-43.93803200000002,2,1,0,1.0,28.0,160.0,venda-nova,Venda Nova,12/08/18,Rua José Luiz Azevedo,186
3238263,135000.0,42.54,-19.9456108,-44.01082730000002,2,1,0,1.0,0.0,145.0,noroeste,Camargos,12/08/18,Rua Nióbio,175
1625303,158000.0,49.52,-19.822290300000002,-43.96690769999998,2,1,0,1.0,63.0,164.0,venda-nova,São João Batista,12/08/18,Rua Antônio Orlindo de Castro,361
220425,160000.0,56.0,-19.8224832,-43.97203560000003,2,1,0,0.0,0.0,120.0,pampulha,Santa Mônica,12/08/18,Rua Ministro Oliveira Salazar,818
356871,169000.0,42.0,-19.819685500000002,-43.943042200000036,2,1,0,1.0,27.0,190.0,norte,Juliana,12/08/18,Rua Acacio Costa Junior,711
165902,170000.0,55.19,-19.835878,-43.968039999999974,2,1,0,1.0,0.0,120.0,pampulha,Santa Mônica,12/08/18,Avenida Martinica,530
353026,174000.0,43.13,-19.8330416,-43.93782909999999,2,1,0,1.0,0.0,100.0,norte,Planalto,12/08/18,Rua Luiz Bondezan,180
359056,180000.0,50.41,-19.938648999999998,-44.01871240000003,2,1,0,1.0,0.0,175.0,noroeste,Camargos,12/08/18,Rua Luiza Efigênia Silva,397
341293,184000.0,51.0,-19.8284841,-43.93887280000001,2,1,0,1.0,59.43,150.0,norte,Jardim Guanabara,12/08/18,Rua Alga Verde,22
3256197,185000.0,53.0,-19.8833365,-43.95841419999999,3,2,0,1.0,27.41,250.0,noroeste,Nova Cachoeirinha,12/08/18,Praça Bernardo da Veiga,50
352098,188000.0,65.0,-19.8407432,-43.88925159999997,3,1,0,1.0,0.0,150.0,nordeste,Paulo Vi,12/08/18,Rua João Lemos,530
3249814,190000.0,45.0,-19.8847676,-43.95845250000002,2,1,0,0.0,251.0,220.0,noroeste,Nova Cachoeirinha,12/08/18,Rua Francisco Castelnau,40
24294,192000.0,50.0,-19.962014899999996,-43.98800790000002,2,1,0,1.0,60.0,200.0,oeste,Betânia,12/08/18,Rua das Canoas,555
49868,195000.0,60.0,-19.825554,-43.95348409999997,2,1,0,1.0,68.96,300.0,norte,Planalto,12/08/18,Rua Francisco Augusto Rocha,106
1837458,195000.0,47.0,-19.902008399999996,-43.91961789999999,2,1,0,1.0,0.0,150.0,leste,Sagrada Família,12/08/18,Rua Maria Martins Guimarães,1563
3237418,215000.0,55.0,-19.9622645,-43.96559790000003,3,1,0,1.0,27.37,280.0,oeste,Estoril,12/08/18,Rua Paulo Piedade Campos,833
359060,220000.0,54.0,-19.989813,-43.990711000000026,3,1,0,1.0,1.11,260.0,barreiro,Milionários,12/08/18,Rua José Diniz Melo,97
1671787,229000.0,57.0,-19.8727471,-43.957281800000025,3,1,0,1.0,74.0,225.0,pampulha,São Francisco,12/08/18,Rua Alcobaça,139
14909,240000.0,69.0,-19.889888,-43.93498599999998,3,2,1,1.0,66.0,220.0,nordeste,Silveira,12/08/18,Rua Carlos Turner,411
339734,240000.0,60.0,-19.8460681,-43.9764442,2,1,0,1.0,292.5,160.0,pampulha,Jardim Atlântico,12/08/18,Avenida Portugal,2857
351594,240000.0,100.0,-19.801882,-43.982875000000035,2,1,0,1.0,0.0,200.0,venda-nova,Mantiqueira,12/08/18,Rua José Félix Martins,575
353747,240000.0,100.85,-19.809048999999998,-43.98081500000001,2,1,0,1.0,76.0,200.0,venda-nova,Letícia,12/08/18,Rua Emídio Furtado,460
357375,240000.0,54.0,-19.9555594,-43.97720520000002,3,1,0,1.0,63.0,223.0,oeste,Havaí,12/08/18,Rua Maria Beatriz,1058
3240280,242000.0,65.0,-19.9144565,-43.92676660000001,2,1,0,1.0,0.0,150.0,leste,Floresta,12/08/18,Rua Salinas,856
3246866,249900.0,70.0,-19.9604323,-43.96646989999999,2,1,0,2.0,80.0,280.0,oeste,Estoril,12/08/18,Rua Mário Coutinho,601
3252690,250000.0,123.0,-19.9343371,-43.952635999999984,4,1,0,0.0,88.78,104.0,centro-sul,Centro,12/08/18,Avenida do Contorno,10673
3254576,250000.0,82.0,-19.8326805,-43.967215700000004,2,1,0,2.0,89.4,198.0,pampulha,Santa Branca,12/08/18,Rua Júlio Diniz,377
339547,260000.0,75.0,-19.9449114,-43.96459709999999,3,2,1,1.0,78.49,250.0,oeste,Nova Granada,12/08/18,Rua Marechal Jofre,237
340859,260000.0,78.69,-19.8835509,-43.95684549999999,3,1,0,1.0,677.26,303.0,noroeste,Nova Cachoeirinha,12/08/18,Rua Frei Cipriano,133
1826045,260000.0,93.73,-19.8985233,-43.99504130000002,2,1,1,2.0,95.31,180.0,pampulha,Manacás,12/08/18,Rua Leopoldo Campos Nunes,591
3235183,260000.0,98.0,-19.886748899999997,-44.002116,3,1,1,2.0,106.0,200.0,pampulha,Pampulha,12/08/18,Rua José Mendes de Carvalho,235
359457,269000.0,62.59,-19.8247225,-43.98106519999999,2,1,1,1.0,1.0,1.0,pampulha,Santa Mônica,12/08/18,Rua dos Uiacás,337
359462,269000.0,62.59,-19.824987,-43.981719,3,1,1,1.0,1.0,1.0,pampulha,Santa Mônica,12/08/18,Rua dos Uiacás,337
3245618,269000.0,100.0,-19.8693706,-43.93087409999998,2,2,0,1.0,85.0,220.0,nordeste,Palmares,12/08/18,Rua Delegado Álvaro Loureiro,196
359460,270000.0,62.59,-19.824785100000003,-43.98117809999997,3,1,1,1.0,1.0,1.0,pampulha,Santa Mônica,12/08/18,Rua dos Uiacás,337
2519064,270000.0,64.0,-19.892623,-43.94462899999996,3,1,1,1.0,180.0,99.0,nordeste,Cachoeirinha,12/08/18,Rua Nossa Senhora da Paz,140
2521270,270000.0,64.0,-19.892623,-43.94462899999996,3,1,1,1.0,180.0,99.0,nordeste,Cachoeirinha,12/08/18,Rua Nossa Senhora da Paz,140
2539670,270000.0,65.0,-19.9680256,-43.96877310000002,3,2,1,1.0,80.0,290.0,oeste,Buritis,12/08/18,Rua Ernani Agricola,684
3237995,270000.0,62.0,-19.8967301,-43.92787420000002,2,2,0,1.0,99.88,500.0,nordeste,Silveira,12/08/18,Avenida Cristiano Machado,1837
136579,280000.0,75.0,-19.979471899999997,-43.9632484,3,2,1,1.0,95.0,355.0,oeste,Buritis,12/08/18,Rua José Hemetério Andrade,485
340968,280000.0,63.53,-19.8911406,-43.99697960000003,3,1,1,1.0,62.78,140.0,pampulha,Castelo,12/08/18,Rua Desembargador José Burnier,13
359051,280000.0,89.0,-19.9088588,-43.94889599999999,2,2,0,1.0,800.0,270.0,noroeste,Carlos Prates,12/08/18,Rua José Ildeu Gramiscelli,145
364925,280000.0,116.0,-19.8194902,-43.94687010000001,3,2,1,1.0,998.15,1.0,norte,Juliana,12/08/18,Rua Tamarix,79
1672645,280000.0,60.0,-19.874124600000002,-43.99910190000003,2,1,1,2.0,85.0,150.0,pampulha,Castelo,12/08/18,Rua Castelo de Ajuda,363
1841187,280000.0,60.0,-19.881367,-43.9305822,2,1,0,1.0,105.76,300.0,nordeste,União,12/08/18,Rua Maura,1035
3244769,280000.0,63.97,-19.886278,-43.94146799999999,2,1,0,1.0,74.37,250.0,nordeste,Renascença,12/08/18,Rua Indianópolis,1108
166606,289000.0,100.0,-19.8526574,-43.9346615,2,2,0,1.0,82.2,300.0,norte,Minaslândia (P Maio),12/08/18,Rua Maria Madalena Esteves,206
352010,289000.0,136.28,-19.894737,-43.90613200000002,3,2,0,1.0,69.0,50.0,leste,Santa Inês,12/08/18,Rua Maria Francisca,142
145874,290000.0,75.0,-19.9447954,-43.92679609999999,2,2,0,0.0,97.55,300.0,centro-sul,Cruzeiro,12/08/18,Rua Sabino Barroso,133
365454,290000.0,84.0,-19.9236087,-43.94088069999998,3,1,0,0.0,122.37,500.0,centro-sul,Centro,12/08/18,Avenida Augusto de Lima ,609
1381166,290000.0,70.0,-19.894001,-43.93188900000001,2,1,0,2.0,79.29,150.0,nordeste,Silveira,12/08/18,Rua João Lourival Dias,67
3244038,290000.0,65.0,-19.922462600000003,-43.91537649999998,3,1,0,1.0,103.77,460.0,centro-sul,Santa Efigênia,12/08/18,Rua Joao Ribeiro,149
3256388,295000.0,100.0,-19.8607386,-43.94018010000002,2,2,0,2.0,85.0,220.0,pampulha,Jaraguá,12/08/18,Rua Desembargador Fernando Bhering,94
3215083,298900.0,106.0,-19.882746,-43.93331899999998,2,1,1,1.0,103.0,370.0,nordeste,Ipiranga,12/08/18,Rua Pio Xi,150
1145743,300000.0,78.0,-19.9689062,-43.96868760000001,3,1,1,2.0,112.0,440.41,oeste,Buritis,12/08/18,Rua Ernani Agricola,601
1951765,300000.0,58.58,-19.881943300000003,-43.92023449999999,2,2,1,1.0,115.0,300.0,nordeste,União,12/08/18,Rua Nelson,420
3258470,300000.0,98.0,-19.932632199999997,-43.98162159999998,3,2,1,1.0,0.0,185.0,oeste,Nova Suíssa,12/08/18,Rua Monte Simplon,464
363056,305000.0,91.5,-19.904823,-43.93841499999997,3,2,0,1.0,24.37,320.0,leste,Floresta,12/08/18,Rua Pitangui,1010
153287,310000.0,70.0,-19.890822399999998,-43.923995100000006,3,2,0,1.0,97.81,370.0,leste,Cidade Nova,12/08/18,Rua Irmãos Kennedy,85
179802,310000.0,70.0,-19.8720945,-43.919390099999994,2,2,1,2.0,87.0,350.0,nordeste,Fernão Dias,12/08/18,Rua Democrata,300
334029,315000.0,42.0,-19.9444893,-43.94781060000002,1,1,1,1.0,200.0,600.0,centro-sul,Santo Antônio,12/08/18,Rua Teixeira de Freitas,784
3245270,315000.0,80.0,-19.893961100000002,-43.99652639999999,3,1,1,1.0,77.15,320.0,pampulha,Manacás,12/08/18,Rua Doutor Luís Ratton,30
359439,319000.0,110.64,-19.8231659,-43.98220939999999,3,1,1,1.0,1.0,0.01,pampulha,Santa Mônica,12/08/18,Rua dos Uiacás,337
10870,320000.0,85.0,-19.874429,-43.93086499999998,3,2,1,2.0,76.32,500.0,nordeste,Palmares,12/08/18,Rua Luiz Zuddio,325
339155,320000.0,84.0,-19.965162300000003,-43.96974929999999,3,1,0,2.0,63.58,200.0,oeste,Estrela Dalva,12/08/18,Avenida Costa do Marfim,135
342973,320000.0,120.0,-19.882698,-43.93225100000001,2,2,0,1.0,100.89,196.0,nordeste,Nova Floresta,12/08/18,Rua Ozanam,20
2104831,320000.0,76.47,-19.8809885,-43.997404500000016,2,1,1,2.0,104.36,290.0,pampulha,Castelo,12/08/18,Rua Castelo de Alenquer,430
3257754,320000.0,65.0,-19.906743,-43.93292750000001,2,2,1,1.0,98.69,250.0,leste,Floresta,12/08/18,Rua Itaúna,503
337244,325000.0,99.13,-19.908617,-43.93544589999999,3,2,0,2.0,75.0,180.0,nordeste,Lagoinha,12/08/18,Rua Itabira,592
344425,329000.0,60.0,-19.8831924,-43.932871500000026,2,2,1,2.0,109.09,300.0,nordeste,Ipiranga,12/08/18,Rua Patriarca,515
3238366,329000.0,100.0,-19.859070000000003,-43.94323700000001,2,2,0,1.0,60.0,260.0,pampulha,Dona Clara,12/08/18,Rua Etelvina Vaz de Melo,50
1288136,330000.0,80.51,-19.889635000000002,-43.90716170000002,1,1,0,2.0,87.0,280.0,leste,Santa Inês,12/08/18,Rua Campanário,30
2187592,330000.0,90.0,-19.8885548,-44.00173630000001,3,1,1,1.0,88.68,300.0,pampulha,Pampulha,12/08/18,Rua Cantor Luiz Gonzaga,453
346970,339000.0,70.0,-19.8727703,-43.99094760000003,3,2,1,2.0,100.0,400.0,pampulha,Ouro Preto,12/08/18,Rua José Ribeiro Filho,35
352968,339000.0,75.68,-19.8728102,-43.92198329999997,3,2,1,1.0,88.0,370.0,nordeste,Fernão Dias,12/08/18,Rua Aiuruoca,25
354888,340000.0,52.0,-19.9320986,-43.9354659,1,0,1,1.0,136.68,513.56,centro-sul,Savassi,12/08/18,Rua Alagoas ,750
365306,349000.0,74.0,-19.8726604,-43.921859100000006,3,2,1,1.0,99.0,330.0,nordeste,Fernão Dias,12/08/18,Rua Aiuruoca,25
339605,350000.0,110.0,-19.8298165,-43.98022530000003,2,2,1,2.0,104.27,257.82,pampulha,Santa Mônica,12/08/18,Rua dos Bororós,105
1837827,350000.0,134.0,-19.894419199999998,-43.91027259999999,2,2,0,1.0,98.57,220.0,leste,Boa Vista,12/08/18,Rua Joviano Coelho,83
3238575,350000.0,85.0,-19.870365,-43.994410000000016,3,2,1,2.0,110.0,290.0,pampulha,Paquetá,12/08/18,Rua Maria Cândida de Jesus,446
26712,355000.0,65.0,-19.8797206,-43.92041449999999,2,2,1,2.0,89.06,257.27,nordeste,União,12/08/18,Rua Walace,269
26715,355000.0,65.0,-19.8797206,-43.92041449999999,2,2,1,2.0,89.36,257.27,nordeste,União,12/08/18,Rua Walace,269
2488976,360000.0,110.0,-19.966553100000002,-43.96895359999996,3,3,1,2.0,126.0,380.0,oeste,Buritis,12/08/18,Rua Paulo Diniz Carneiro,525
169514,362000.0,90.5,-19.875003,-43.93319600000001,3,2,1,2.0,62.5,250.0,nordeste,Palmares,12/08/18,Rua Antônio Peregrino Nascimento,438
342824,365000.0,83.65,-19.9193451,-43.987133899999996,3,2,1,2.0,83.05,294.0,noroeste,Padre Eustáquio,12/08/18,Rua Dona Ana,121
1630089,365000.0,80.0,-19.871968300000002,-44.0022452,3,1,1,2.0,89.9,300.0,pampulha,Paquetá,12/08/18,Rua Afonso Ferreira Gomes,110
39923,370000.0,95.0,-19.8843187,-43.92667169999999,3,3,1,2.0,110.25,280.0,leste,Cidade Nova,12/08/18,Rua Professor Lincoln Continentino,118
338392,370000.0,140.0,-19.8091701,-43.98111970000002,2,2,0,2.0,100.0,130.0,venda-nova,Venda Nova,12/08/18,Rua Emídio Furtado,447
3242192,370000.0,73.0,-19.9261641,-43.99243849999999,3,2,1,1.0,111.0,290.0,noroeste,Padre Eustáquio,12/08/18,Rua Dom Aristides Porto,124
3246535,370000.0,87.04,-19.955178,-43.93839300000002,3,2,1,2.0,145.58,280.0,centro-sul,Sion,12/08/18,Rua Costa Rica,232
1102453,375000.0,169.0,-19.879891600000004,-44.01421859999999,3,3,1,2.0,86.0,250.0,pampulha,Serrano,12/08/18,Rua Ondina Pedrosa Nahas,459
348001,380000.0,62.0,-19.913402899999998,-43.920568900000035,3,2,0,2.0,117.83,440.0,leste,Santa Tereza,12/08/18,Rua Anhangüera,95
366172,385000.0,110.0,-19.925289199999998,-43.96644979999997,3,2,1,1.0,93.5,220.0,oeste,Prado,12/08/18,Rua Conselheiro Dantas,82
1700061,390000.0,75.0,-19.9363615,-43.91810399999997,3,1,0,1.0,89.66,250.0,centro-sul,Serra,12/08/18,Rua Itaparica,334
166981,395000.0,86.38,-19.888281600000003,-43.9989951,3,1,2,2.0,95.57,250.0,pampulha,Castelo,12/08/18,Rua Doutor Sylvio Menicucci,75
3252984,399000.0,110.0,-19.973382,-43.970844,3,3,1,2.0,138.46,350.0,oeste,Buritis,12/08/18,Rua Clementino Viana Dotti,135
362492,400000.0,70.0,-19.900026,-43.92998799999998,3,2,1,2.0,140.0,350.0,leste,Graça,12/08/18,Rua Juacema,194
359464,419000.0,125.19,-19.824925600000004,-43.98173280000003,3,1,1,1.0,1.0,1.0,pampulha,Santa Mônica,12/08/18,Rua dos Uiacás,337
351630,420000.0,92.2,-19.888257,-43.93110100000001,3,2,1,1.0,169.66,480.0,nordeste,Silveira,12/08/18,Rua Carlos Turner,290
338864,425000.0,90.0,-19.8804866,-44.00888550000002,3,1,2,2.0,153.0,250.0,pampulha,Castelo,12/08/18,Rua Castelo de Windsor,340
363529,425000.0,77.0,-19.976580300000002,-43.9765443,2,3,1,2.0,174.45,300.0,oeste,Buritis,12/08/18,Avenida Aggeo Pio Sobrinho,401
3251730,430000.0,96.36,-19.8911655,-43.99653219999999,4,1,1,2.0,125.0,289.0,pampulha,Castelo,12/08/18,Rua Romualdo Lopes Cançado,582
1660535,440000.0,147.59,-19.930805399999997,-43.9140678,4,3,1,2.0,123.6,350.0,leste,São Lucas,12/08/18,Rua Nísio Batista de Oliveira,158
1831648,440000.0,90.0,-19.894042199999998,-43.930791,3,1,1,3.0,138.0,546.0,nordeste,Silveira,12/08/18,Rua Biaggio Polizzi,241
3246842,450000.0,110.5,-19.9430549,-43.95509390000001,3,2,1,1.0,152.35,250.0,centro-sul,Luxemburgo,12/08/18,Rua Doutor Sette Câmara,215
270982,460000.0,82.0,-19.887819,-43.93082600000002,3,1,1,2.0,145.0,660.0,nordeste,Silveira,12/08/18,Rua Ilacir Pereira Lima,419
1690161,479000.0,105.0,-19.973253,-43.96612500000003,3,2,1,2.0,247.87,875.0,oeste,Buritis,12/08/18,Rua Henrique Furtado Portugal,24
1468864,480000.0,158.5,-19.944574,-43.93857100000002,4,3,1,2.0,155.0,850.0,centro-sul,São Pedro,12/08/18,Rua Viçosa,710
1621501,480000.0,70.55,-19.8938428,-43.9332561,3,1,1,2.0,1286.1,130.0,nordeste,Silveira,12/08/18,Rua Horta Barbosa,237
2257541,480000.0,100.0,-19.972273,-43.96758890000001,3,1,1,2.0,227.8,919.2,oeste,Buritis,12/08/18,Rua Ernani Agricola,6
3254337,480000.0,137.11,-19.9801958,-43.96882019999998,3,2,1,2.0,1529.78,350.0,oeste,Buritis,12/08/18,Rua Alessandra Salum Cadar,330
2447706,485000.0,91.1,-19.921796,-43.988046000000004,3,2,1,2.0,1352.32,290.0,noroeste,Coração Eucarístico,12/08/18,Rua Dom José Pereira Lara,153
55306,490000.0,90.0,-19.899865899999998,-43.91849730000001,3,2,1,2.0,1.0,200.0,leste,Sagrada Família,12/08/18,Rua São Luiz,40
1817808,498000.0,100.0,-19.950565899999997,-43.92926699999998,3,3,1,2.0,133.98,450.0,centro-sul,Anchieta,12/08/18,Rua Professor Norton Kaiserman,45
143671,500000.0,106.56,-19.8637117,-43.95458450000001,4,3,1,2.0,108.13,384.0,pampulha,Indaiá,12/08/18,Rua Boaventura,1168
180502,500000.0,100.0,-19.946576999999998,-43.925343,3,2,0,1.0,130.0,400.0,centro-sul,Cruzeiro,12/08/18,Rua Vitório Marcola,666
2234694,500000.0,95.0,-19.902424399999997,-43.970334999999984,3,3,1,2.0,143.0,400.0,noroeste,Caiçaras,12/08/18,Rua Guaíra,205
9551,520000.0,119.25,-19.970933,-43.97355800000002,4,2,1,2.0,250.17,280.0,oeste,Buritis,12/08/18,Rua Maria Heilbuth Surette,430
168106,530000.0,60.0,-19.944958,-43.93409029999998,2,3,2,2.0,100.0,300.0,centro-sul,Cruzeiro,12/08/18,Rua Albita,120
364820,530000.0,110.0,-19.891666,-43.931306000000006,4,3,1,2.0,139.8,670.0,nordeste,Silveira,12/08/18,Rua Jornalista Juracy Manoel,40
34109,540000.0,63.0,-19.9440685,-43.92417230000001,2,2,2,2.0,112.0,280.0,centro-sul,Cruzeiro,12/08/18,Rua Mestre Lucas,190
1673617,540000.0,100.39,-19.882316,-43.98261000000002,3,2,1,2.0,201.58,540.2,pampulha,Ouro Preto,12/08/18,Rua Desembargador Paulo Mota,1665
145952,550000.0,97.0,-19.968410600000002,-43.96881880000001,3,3,1,3.0,260.83,750.0,oeste,Buritis,12/08/18,Rua Ernani Agricola,242
406922,550000.0,150.25,-19.8416536,-43.95412750000003,3,3,1,3.0,155.0,150.0,pampulha,Itapoã,12/08/18,Rua Gerson Morethzon,50
498985,550000.0,160.0,-19.868755899999996,-43.92340009999998,3,2,1,2.0,191.59,200.0,nordeste,Fernão Dias,12/08/18,Rua Aiuruoca,85
3237413,560000.0,183.0,-19.8618129,-43.9367939,3,2,1,2.0,1085.0,345.0,pampulha,Dona Clara,12/08/18,Rua Míriam Wanderley Lara,130
3235093,575000.0,78.0,-19.9473229,-43.92324559999997,3,1,0,1.0,144.0,400.0,centro-sul,Cruzeiro,12/08/18,Rua Cabo Verde,175
350044,589000.0,140.0,-19.945078,-43.95127680000002,4,3,1,2.0,275.0,670.0,centro-sul,Santo Antônio,12/08/18,Rua Henrique Sales,264
341712,594900.0,172.0,-19.8625422,-43.93911500000002,4,1,2,2.0,159.0,250.0,pampulha,Santa Rosa,12/08/18,Rua Deputado José Raimundo,319
3242340,595000.0,140.0,-19.975746100000002,-43.96823440000003,4,4,1,3.0,189.23,500.0,oeste,Buritis,12/08/18,Rua Doutor Célio Andrade,166
1672234,620000.0,120.0,-19.937904999999997,-43.9591317,4,3,1,2.0,126.57,350.0,oeste,Gutierrez,12/08/18,Rua Marechal Bittencourt,211
3244820,620000.0,104.78,-19.9714589,-43.96942630000001,4,3,1,3.0,239.0,780.0,oeste,Buritis,12/08/18,Rua Stella Hanriot,518
3250455,620000.0,77.0,-19.9248454,-43.96834839999997,2,3,1,2.0,149.4,420.0,oeste,Prado,12/08/18,Rua dos Andes,403
3248104,630000.0,127.42,-19.941616600000003,-43.96358450000002,3,2,1,3.0,172.35,450.0,oeste,Gutierrez,12/08/18,Rua Pedro Sigaud,467
354074,640000.0,187.0,-19.8408546,-43.95503450000001,3,3,1,2.0,143.76,250.0,pampulha,Itapoã,12/08/18,Rua Gerson Morethzon,98
1671682,650000.0,142.0,-19.9816659,-43.97402979999998,4,3,1,2.0,204.0,315.0,oeste,Buritis,12/08/18,Rua Pedro Natalício de Morais,375
1854252,650000.0,110.0,-19.8857453,-43.99476800000002,4,2,1,2.0,210.0,600.0,pampulha,Pampulha,12/08/18,Rua Elson Nunes de Souza,490
3235056,660000.0,180.0,-19.876684100000002,-43.99913479999998,3,2,1,2.0,153.0,300.0,pampulha,Pampulha,12/08/18,Rua Castelo Évora,750
356058,670000.0,101.08,-19.891179,-43.929593700000005,4,2,1,2.0,182.0,808.0,nordeste,Silveira,12/08/18,Rua Ilacir Pereira Lima,267
148549,680000.0,140.0,-19.9695245,-43.97173190000001,3,4,1,3.0,341.29,770.0,oeste,Buritis,12/08/18,Rua Maria Heilbuth Surette,1374
390281,680000.0,115.04,-19.978994699999998,-43.96989450000001,4,3,1,2.0,201.62,485.0,oeste,Buritis,12/08/18,Avenida Protásio de Oliveira Penna,265
352478,690000.0,81.55,-19.9122129,-43.92626259999997,3,2,1,2.0,156.29,650.0,leste,Santa Tereza,12/08/18,Rua Pouso Alegre,1800
346798,700000.0,162.0,-19.979477,-43.974526800000035,3,3,1,2.0,183.58,509.0,oeste,Buritis,12/08/18,Avenida Deputado Cristóvam Chiaradia,200
359403,700000.0,90.0,-19.9297536,-43.93291929999998,3,3,1,2.0,261.82,1100.0,centro-sul,Savassi,12/08/18,Rua dos Aimorés,463
45532,720000.0,85.0,-19.9384148,-43.92977380000002,3,3,1,2.0,217.18,890.0,centro-sul,Savassi,12/08/18,Rua Tomé de Souza,291
47662,727000.0,120.0,-19.882376999999998,-43.92846800000001,4,2,1,2.0,250.0,300.0,nordeste,União,12/08/18,Rua Flor-de-jequitibá,100
10534,750000.0,135.0,-19.8607039,-43.95443599999999,4,4,2,3.0,275.34,350.0,pampulha,Liberdade,12/08/18,Rua Doutor Teles,250
1895727,750000.0,100.0,-19.9524834,-43.93110230000002,3,2,1,2.0,252.41,870.0,centro-sul,Sion,12/08/18,Avenida Uruguai,966
2532759,750000.0,145.0,-19.9088799,-43.92894460000002,3,3,1,3.0,195.55,255.0,leste,Floresta,12/08/18,Rua Araripe,448
2242303,800000.0,200.0,-19.9703583,-43.9721065,3,4,1,3.0,275.24,500.0,oeste,Buritis,12/08/18,Rua Maria Heilbuth Surette,1227
2340119,801000.0,524.03,-19.9219157,-43.94317209999997,4,3,1,0.0,442.32,1500.0,centro-sul,Centro,12/08/18,Rua dos Goitacazes,52
1793834,860000.0,118.65,-19.9083698,-43.93075450000004,4,1,2,4.0,310.0,530.0,leste,Floresta,12/08/18,Rua Monte Alverne,166
57214,950000.0,170.0,-19.8881569,-43.92433819999997,3,3,1,2.0,200.0,400.0,nordeste,União,12/08/18,Rua Arapé,15
124638,990000.0,256.0,-19.8882159,-43.999257,4,2,1,4.0,120.0,300.0,pampulha,Pampulha,12/08/18,Rua Conceição Aparecida Augsten,265
16318,1050000.0,250.0,-19.975208,-43.96299799999997,5,7,3,5.0,773.04,1047.0,oeste,Estoril,12/08/18,Rua Líbero Leone,620
2453090,1070000.0,181.0,-19.8884241,-43.93173630000001,3,3,1,3.0,296.36,700.0,nordeste,Silveira,12/08/18,Rua José Geraldo Bessa,100
296330,1100000.0,90.33,-19.930270800000002,-43.93537420000001,3,3,1,2.0,191.41,825.0,centro-sul,Funcionários,12/08/18,Rua Bernardo Guimarães,1056
3236017,1200000.0,138.0,-19.946370853331963,-43.93923978413085,4,3,1,3.0,300.0,500.0,centro-sul,São Pedro,12/08/18,Rua Viçosa,270
2403620,1250000.0,140.0,-19.941639499999997,-43.92731149999997,4,2,1,2.0,420.55,1050.0,centro-sul,Cruzeiro,12/08/18,Rua Ouro Fino,141
3235003,1350000.0,279.56,-19.9459986,-43.95572370000002,4,4,1,3.0,401.6,1335.4,centro-sul,Luxemburgo,12/08/18,Rua Doutor Pereira de Melo,296
3258020,1550000.0,156.55,-19.956734899999997,-43.93737099999999,4,4,2,3.0,400.0,1380.0,centro-sul,Sion,12/08/18,Rua das Guianas,11
3233973,1600000.0,314.47,-19.9420766,-43.92068749999999,4,5,2,3.0,500.0,1800.0,centro-sul,Serra,12/08/18,Rua Caraça,235
343554,1700000.0,200.0,-19.9395361,-43.95661050000001,4,5,2,3.0,737.15,1950.0,oeste,Gutierrez,12/08/18,Rua Estácio de Sá,147
452994,145000.0,45.0,-19.860575100000002,-43.89117299999998,2,1,0,1.0,58.0,161.9,nordeste,Vitória,12/08/18,Avenida Magenta,135
1831856,150000.0,53.46,-19.9430479,-44.01197769999999,2,1,0,1.0,165.0,150.0,noroeste,Camargos,12/08/18,Rua Sócrates Alvim,11
3238236,159000.0,48.57,-19.933739399999997,-44.02108049999998,2,1,0,1.0,47.65,270.3,noroeste,Camargos,12/08/18,Rua Gentil Portugal do Brasil,55
3191382,170000.0,55.0,-19.8162081,-43.94558359999997,2,1,0,1.0,0.0,150.0,norte,Juliana,12/08/18,Rua Campo Verde,505
362268,175000.0,43.57,-19.9406245,-44.01643469999999,2,1,0,1.0,40.0,170.0,noroeste,Camargos,12/08/18,Rua Blenda,251
1868976,179000.0,62.0,-19.962474,-43.99038999999999,3,1,0,1.0,55.0,250.0,oeste,Salgado Filho,12/08/18,Rua Úrsula Paulino,711
146257,190000.0,50.0,-19.8075566,-43.96703439999999,2,1,0,1.0,0.0,150.0,venda-nova,Europa,12/08/18,Rua Guernica,39
512066,190000.0,50.0,-19.905075,-43.979719199999984,2,1,0,1.0,29.35,165.0,noroeste,Padre Eustáquio,12/08/18,Rua Henrique Gorceix,2209
3240549,200000.0,50.23,-19.8262564,-43.952886000000035,2,1,0,1.0,68.8,334.88,norte,Planalto,12/08/18,Rua Francisco Augusto Rocha,106
348435,205000.0,97.64,-19.940623100000003,-44.01644569999996,2,1,0,1.0,80.26,290.0,noroeste,Camargos,12/08/18,Rua Blenda,251
1906905,214641.82,26.81,-19.924035800000002,-43.93842570000004,1,1,1,0.0,0.01,250.0,centro-sul,Lourdes,12/08/18,Rua Espírito Santo,1059
345082,215000.0,60.7,-19.9380848,-44.01830059999998,3,1,0,1.0,60.0,180.0,noroeste,Camargos,12/08/18,Rua Deputado Joaquim Mariano,141
347377,217744.24,28.41,-19.924035800000002,-43.93842570000004,1,1,1,0.0,0.01,250.0,centro-sul,Centro,12/08/18,Rua Espírito Santo,1059
347416,219921.68,28.41,-19.924035800000002,-43.93842570000004,1,1,1,0.0,0.01,250.0,centro-sul,Lourdes,12/08/18,Rua Espírito Santo,1059
3246918,220000.0,52.0,-19.9688698,-43.96573280000001,2,2,1,1.0,90.0,308.0,oeste,Buritis,12/08/18,Rua Vitorio Magnavacca,125
3254626,220000.0,61.0,-19.9059994,-43.94180699999998,2,1,0,1.0,63.19,400.0,nordeste,Lagoinha,12/08/18,Rua Itabira,510
347438,222120.9,28.41,-19.924035800000002,-43.93842570000004,1,1,1,0.0,0.01,250.0,centro-sul,Lourdes,12/08/18,Rua Espírito Santo,1059
347799,224342.1,28.41,-19.924035800000002,-43.93842570000004,1,1,1,0.0,0.01,250.0,centro-sul,Centro,12/08/18,Rua Espírito Santo,1059
347890,226585.53,28.41,-19.924035800000002,-43.93842570000004,1,1,1,0.0,0.01,250.0,centro-sul,Lourdes,12/08/18,Rua Espírito Santo,1059
3253707,228851.38,28.31,-19.924035800000002,-43.93842570000004,1,1,1,1.0,1.0,234.0,centro-sul,Centro,12/08/18,Rua Espírito Santo,1059
2682115,229000.0,75.0,-19.868609,-43.921382,2,1,0,1.0,72.85,150.0,nordeste,São Paulo,12/08/18,Rua Perdigão,71
346602,233004.72,33.64,-19.924035800000002,-43.93842570000004,1,1,1,1.0,1.0,250.0,centro-sul,Lourdes,12/08/18,Rua Espírito Santo,1059
346587,234798.72,34.01,-19.924035800000002,-43.93842570000004,1,1,1,1.0,1.0,250.0,centro-sul,Lourdes,12/08/18,Rua Espírito Santo,1059
333989,240000.0,59.41,-19.9570339,-43.98354549999999,2,1,0,1.0,66.3,246.0,oeste,Betânia,12/08/18,Rua Júlio de Castilho,133
339313,240000.0,46.0,-19.8749982,-43.9893467,1,1,0,1.0,200.0,250.0,pampulha,Ouro Preto,12/08/18,Rua Professor Domício Murta,181
3254869,240000.0,80.0,-19.942815399999997,-43.91383080000003,3,3,1,1.0,108.87,462.87,centro-sul,Serra,12/08/18,Rua Caraça,977
3216867,245000.0,60.0,-19.936674800000002,-44.022203699999984,3,2,0,1.0,450.0,250.0,noroeste,Camargos,12/08/18,Rua Gentil Portugal do Brasil,55
3253698,252310.72,33.64,-19.924035800000002,-43.93842570000004,1,1,1,1.0,1.0,234.0,centro-sul,Centro,12/08/18,Rua Espírito Santo,1059
3253708,252863.91,32.95,-19.924035800000002,-43.93842570000004,1,1,1,1.0,1.0,234.0,centro-sul,Centro,12/08/18,Rua Espírito Santo,1059
3253699,254253.37,34.01,-19.924035800000002,-43.93842570000004,1,1,1,1.0,1.0,234.0,centro-sul,Centro,12/08/18,Rua Espírito Santo,1059
3253709,254833.83,33.64,-19.924035800000002,-43.93842570000004,1,1,1,1.0,1.0,234.0,centro-sul,Centro,12/08/18,Rua Espírito Santo,1059
1525806,260000.0,50.0,-19.89426,-43.90329400000002,2,1,1,1.0,66.81,195.0,leste,Boa Vista,12/08/18,Rua Maria Francisca,60
350113,269000.0,63.0,-20.0057585,-44.00760279999997,3,1,1,1.0,87.3,326.0,barreiro,Cardoso,12/08/18,Rua Augusto Muniz,255
355149,270000.0,55.0,-19.904053,-43.92776090000001,2,2,0,1.0,68.74,200.0,leste,Sagrada Família,12/08/18,Rua Itajubá,1851
239766,280000.0,94.0,-19.945375,-43.971993,3,1,1,1.0,81.0,200.0,oeste,Jardim América,12/08/18,Rua Indiana,1350
3254061,290000.0,75.0,-19.962399800000004,-43.96563520000001,3,1,1,1.0,87.85,270.0,oeste,Estoril,12/08/18,Rua Paulo Piedade Campos,687
347132,296423.37,41.07,-19.924035800000002,-43.93842570000004,1,1,1,1.0,1.0,1.0,centro-sul,Lourdes,12/08/18,Rua Espírito Santo,1059
3250466,315000.0,62.75,-19.9332308,-43.975819,2,2,1,1.0,90.0,250.0,oeste,Nova Suíssa,12/08/18,Rua Java,185
3213487,320000.0,100.0,-19.948211800000003,-43.94231639999998,3,2,1,1.0,115.2,450.0,centro-sul,Santo Antônio,12/08/18,Rua Professor Aníbal Mattos,451
3255841,320000.0,110.0,-19.9207474,-43.94266260000001,3,0,0,1.0,54.74,530.0,centro-sul,Centro,12/08/18,Rua Tupis,171
3253710,336253.54,62.28,-19.924035800000002,-43.93842570000004,1,1,1,1.0,1.0,234.0,centro-sul,Centro,12/08/18,Rua Espírito Santo,1059
3257154,340000.0,88.15,-19.895407000000002,-43.99754100000001,3,1,1,2.0,150.57,630.0,pampulha,Manacás,12/08/18,Rua Geraldo Magela de Almeida,135
41907,345000.0,95.0,-19.8857329,-43.99685490000002,3,2,1,2.0,1044.0,274.0,pampulha,Castelo,12/08/18,Rua Romualdo Lopes Cançado,346
3199576,345000.0,62.78,-19.9812272,-43.97834820000003,3,0,0,2.0,73.0,410.0,oeste,Buritis,12/08/18,Avenida Senador José Augusto,110
158811,350000.0,95.0,-19.9429323,-43.966903099999975,3,2,1,2.0,110.0,200.0,oeste,Nova Granada,12/08/18,Rua Maracaju,235
332259,369000.0,59.76,-19.9701056,-43.968133800000025,2,2,1,2.0,138.0,485.0,oeste,Buritis,12/08/18,Rua Tereza Mota Valadares,273
2441223,375000.0,62.0,-19.968287,-43.96658300000002,2,1,1,2.0,133.45,650.0,oeste,Buritis,12/08/18,Rua Engenheiro Alberto Pontes,184
3241598,398000.0,83.0,-19.979019100000002,-43.97297470000001,3,2,1,2.0,156.0,431.0,oeste,Buritis,12/08/18,Rua Pedro Natalício de Morais,397
3249925,399000.0,140.0,-19.972986,-43.97143399999999,3,3,1,2.0,127.54,405.64,oeste,Buritis,12/08/18,Rua Tereza Mota Valadares,958
134824,400000.0,150.0,-19.937188,-43.961594399999974,3,3,1,1.0,90.0,350.0,oeste,Gutierrez,12/08/18,Rua Oscar Trompowsky,1275
2344031,400000.0,72.0,-19.8598915,-43.94176019999998,3,2,1,2.0,112.74,477.64,pampulha,Dona Clara,12/08/18,Rua Leopoldina Cardoso,18
3252326,430000.0,70.57,-19.9813693,-43.976458999999984,2,3,2,2.0,172.66,750.0,oeste,Buritis,12/08/18,Rua Rubens Caporali Ribeiro,752
3245517,450000.0,82.05,-19.912728100000002,-43.9092379,3,2,1,2.0,1500.0,437.7,leste,Santa Tereza,12/08/18,Rua São Gotardo,384
3251358,450000.0,135.0,-19.9757336,-43.9682211,4,3,1,2.0,143.54,620.0,oeste,Buritis,12/08/18,Rua Doutor Célio Andrade,162
3253018,450000.0,120.0,-19.933683816297023,-43.92330015081785,3,2,1,1.0,142.0,600.0,centro-sul,Serra,12/08/18,Rua do Ouro,229
1630703,455800.0,82.0,-19.9596056,-43.98167169999999,3,2,1,2.0,205.26,550.0,oeste,Palmeiras,12/08/18,Rua Júlio de Castilho,651
355725,470000.0,180.0,-19.898678,-43.92184800000001,4,3,1,2.0,192.0,416.0,leste,Sagrada Família,12/08/18,Rua São Roque,469
3241653,471358.3,96.13,-19.88654,-43.89061409999999,3,2,1,2.0,40.0,400.0,leste,Cidade Nova,12/08/18,Rua José Silva Passos,300
3241658,471358.3,96.13,-19.8863738,-43.8904379,3,2,1,2.0,40.0,400.0,leste,Cidade Nova,12/08/18,Rua José Silva Passos,300
3252830,475000.0,106.0,-19.937648,-43.98073599999998,4,3,1,1.0,0.0,200.0,oeste,Salgado Filho,12/08/18,Rua Maestro José Flores,46
3241573,484999.0,96.13,-19.8876268,-43.89277849999996,3,2,1,2.0,40.0,400.0,leste,Cidade Nova,12/08/18,Rua José Silva Passos,300
180780,495000.0,100.0,-19.9783923,-43.96782519999999,3,3,1,2.0,140.0,470.0,oeste,Buritis,12/08/18,Avenida Protásio de Oliveira Penna,281
3257866,499000.0,116.23,-19.943243300000002,-43.973901100000035,3,3,1,2.0,145.43,340.0,oeste,Nova Suíssa,12/08/18,Rua Lindolfo de Azevedo,1205
3241725,501235.82,96.13,-19.8863738,-43.8904379,3,2,1,2.0,40.0,400.0,leste,Cidade Nova,12/08/18,Rua José Silva Passos,300
3241626,507358.3,96.13,-19.88654,-43.89061409999999,3,2,1,2.0,40.0,400.0,leste,Cidade Nova,12/08/18,Rua José Silva Passos,300
3242401,520000.0,85.0,-19.929801100000002,-43.96749699999998,3,3,1,2.0,159.0,390.0,oeste,Prado,12/08/18,Rua Selenio,190
3243911,520000.0,75.0,-19.880911800000003,-43.92922929999998,3,3,1,2.0,201.21,520.0,nordeste,União,12/08/18,Rua Artur de Sá,554
3241637,531235.51,96.13,-19.88654,-43.89061409999999,3,2,1,2.0,40.0,400.0,leste,Cidade Nova,12/08/18,Rua José Silva Passos,300
3241643,531235.51,96.13,-19.8863738,-43.8904379,3,2,1,2.0,40.0,400.0,leste,Cidade Nova,12/08/18,Rua José Silva Passos,300
3241638,531235.78,96.13,-19.88654,-43.89061409999999,3,2,1,2.0,40.0,400.0,leste,Cidade Nova,12/08/18,Rua José Silva Passos,300
3241676,543867.0,118.0,-19.8865331,-43.89065579999999,4,2,1,2.0,40.0,400.0,leste,Cidade Nova,12/08/18,Rua José Silva Passos,300
3241727,543867.0,118.0,-19.8865331,-43.89065579999999,4,2,1,2.0,40.0,400.0,leste,Cidade Nova,12/08/18,Rua José Silva Passos,300
3257795,550000.0,80.0,-19.929088399999998,-43.96807869999998,2,3,2,2.0,0.0,300.0,oeste,Prado,12/08/18,Rua Atenas,237
3241723,565136.96,118.0,-19.8863738,-43.8904379,4,2,1,2.0,40.0,400.0,leste,Cidade Nova,12/08/18,Rua José Silva Passos,300
3241811,567403.39,118.0,-19.8865331,-43.89065579999999,4,2,1,2.0,40.0,400.0,leste,Cidade Nova,12/08/18,Rua José Silva Passos,300
360201,590000.0,122.0,-19.974363,-43.96664809999999,4,2,1,2.0,231.42,1300.0,oeste,Estoril,12/08/18,Rua José Hemetério Andrade,91
1701548,600000.0,180.0,-19.977936,-43.970604400000006,3,2,1,2.0,192.18,400.0,oeste,Buritis,12/08/18,Rua José Amaury Ferrara,150
3241746,600829.2,118.0,-19.8865331,-43.89065579999999,4,2,1,2.0,40.0,400.0,leste,Cidade Nova,12/08/18,Rua José Silva Passos,300
3247498,600829.2,118.0,-19.8863738,-43.8904379,4,2,1,2.0,40.0,400.0,leste,Cidade Nova,12/08/18,Rua José Silva Passos,300
3241750,608593.37,118.0,-19.8863738,-43.8904379,4,2,1,2.0,40.0,400.0,leste,Cidade Nova,12/08/18,Rua José Silva Passos,300
3247496,618234.81,118.0,-19.88654,-43.89061409999999,4,2,1,2.0,40.0,400.0,leste,Boa Vista,12/08/18,Rua José Silva Passos,300
3241752,618239.34,118.0,-19.8865331,-43.89065579999999,4,2,1,2.0,40.0,400.0,leste,Cidade Nova,12/08/18,Rua José Silva Passos,300
3243801,618239.34,118.0,-19.88654,-43.89061409999999,4,2,1,2.0,40.0,400.0,leste,Cidade Nova,12/08/18,Rua José Silva Passos,300
136061,620000.0,160.0,-19.977671700000002,-43.977512400000016,4,4,1,3.0,181.88,600.0,oeste,Estoril,12/08/18,Rua Sílvio Menicucci,365
1582307,620000.0,134.46,-19.8603631,-43.93858019999999,3,1,1,2.0,141.63,185.0,pampulha,Jaraguá,12/08/18,Rua Ministro Ivan Lins,321
3241933,628058.29,118.0,-19.8865331,-43.89065579999999,4,2,1,2.0,40.0,400.0,leste,Cidade Nova,12/08/18,Rua José Silva Passos,300
3241934,628058.29,118.0,-19.8865331,-43.89065579999999,4,2,1,2.0,40.0,400.0,leste,Cidade Nova,12/08/18,Rua José Silva Passos,300
3255333,630000.0,60.0,-19.928148,-43.95084500000002,1,1,1,1.0,230.0,917.0,centro-sul,Santo Agostinho,12/08/18,Rua Araguari ,1399
3241751,635058.29,118.0,-19.8865331,-43.89065579999999,4,2,1,2.0,40.0,400.0,leste,Cidade Nova,12/08/18,Rua José Silva Passos,300
3233552,640000.0,130.0,-19.972952199999998,-43.96821979999999,4,3,1,3.0,240.67,695.41,oeste,Buritis,12/08/18,Rua Stella Hanriot,420
358110,650000.0,140.0,-19.937526199999997,-43.96722620000003,4,3,1,2.0,136.0,320.0,oeste,Grajaú,12/08/18,Rua Litargirio,116
3246694,650000.0,170.0,-19.893713,-43.932615000000006,4,3,1,2.0,115.0,450.0,nordeste,Silveira,12/08/18,Rua Hélium,48
158864,660000.0,150.0,-19.967942100000002,-43.96671349999997,4,3,1,2.0,218.07,867.0,oeste,Buritis,12/08/18,Rua Engenheiro Alberto Pontes,535
345758,680000.0,58.0,-19.933634100000003,-43.9577602,2,2,1,2.0,200.0,600.0,oeste,Gutierrez,12/08/18,Rua Herculano de Freitas,40
3238172,680000.0,117.0,-19.966667,-43.968119,4,3,1,2.0,208.0,580.0,oeste,Buritis,12/08/18,Rua Ernani Agricola,420
1582616,700000.0,159.0,-19.8599632,-43.938401,3,2,1,2.0,170.88,230.0,pampulha,Jaraguá,12/08/18,Rua Ministro Ivan Lins,321
3246569,750000.0,126.0,-19.9470473,-43.92059440000003,4,3,1,2.0,520.74,840.0,centro-sul,Serra,12/08/18,Rua Bambuí,119
3249424,780000.0,161.64,-19.932658,-43.97178610000003,3,3,1,3.0,316.21,500.0,oeste,Nova Suíssa,12/08/18,Rua Aramirim,35
165053,850000.0,239.72,-19.928607999999997,-43.95859819999998,3,3,1,3.0,200.0,400.0,oeste,Prado,12/08/18,Rua Aristides Duarte,136
3247497,873996.97,197.92,-19.8863738,-43.8904379,3,2,1,2.0,40.0,400.0,leste,Cidade Nova,12/08/18,Rua José Silva Passos,300
3251940,878996.0,96.13,-19.8876035,-43.89305630000001,3,2,1,2.0,40.0,400.0,leste,Boa Vista,12/08/18,Rua José Silva Passos,300
359672,920000.0,181.59,-19.9396445,-43.95664179999999,3,2,1,3.0,347.5,400.0,oeste,Gutierrez,12/08/18,Rua Estácio de Sá,388
1806374,920000.0,110.0,-19.9716631,-43.97585000000004,3,1,1,3.0,269.3,550.0,oeste,Buritis,12/08/18,Rua Henrique Badaró Portugal,33
334746,970000.0,144.0,-19.9810355,-43.97664229999998,3,2,3,4.0,360.03,540.0,oeste,Buritis,12/08/18,Rua Rubens Caporali Ribeiro,752
3241935,1082377.58,197.92,-19.88654,-43.89061409999999,4,2,1,2.0,40.0,400.0,leste,Cidade Nova,12/08/18,Rua José Silva Passos,300
3241936,1082377.58,241.69,-19.88654,-43.89061409999999,3,2,1,2.0,40.0,400.0,leste,Cidade Nova,12/08/18,Rua José Silva Passos,300
1853091,1100000.0,160.0,-19.9496949,-43.92397489999996,4,3,1,2.0,279.92,1150.0,centro-sul,Cruzeiro,12/08/18,Rua Bambuí,1189
1634318,1150000.0,126.83,-19.9353037,-43.93172659999999,4,3,1,2.0,330.0,1100.0,centro-sul,Savassi,12/08/18,Rua Santa Rita Durão,699
2701307,1700000.0,141.53,-19.9326698,-43.95898790000001,4,4,2,3.0,1.0,0.01,oeste,Gutierrez,12/08/18,Rua André Cavalcanti,730
1329526,2700000.0,380.0,-19.936965,-43.92722349999997,3,5,3,4.0,814.46,1900.0,centro-sul,Savassi,12/08/18,Rua Maranhão,1737
3237939,1190000.0,160.67,-19.876813100000003,-44.00102549999997,4,2,2,4.0,10.0,10.0,pampulha,Castelo,12/08/18,Rua Castelo de Amieira,63
1609748,2603635.0,259.53,-19.9361919,-43.955288,4,2,2,4.0,1.0,1.0,oeste,Gutierrez,12/08/18,Rua General Dionísio Cerqueira,200
330740,500000.0,146.04,-19.887819,-43.93082600000002,3,1,1,2.0,139.19,808.0,nordeste,Silveira,12/08/18,Rua Ilacir Pereira Lima,419
3244008,420000.0,123.14,-19.969384899999998,-43.971843499999984,3,4,2,3.0,190.2,250.0,oeste,Buritis,12/08/18,Rua Maria Heilbuth Surette,1353
342650,455000.0,78.0,-19.8909527,-43.92993009999998,3,1,1,2.0,133.84,650.0,nordeste,Silveira,12/08/18,Rua Ilacir Pereira Lima,419
202983,990000.0,280.0,-19.8796435,-43.9105596,4,3,1,4.0,1015.17,350.0,nordeste,União,12/08/18,Praça Cajuri,122
3255005,475000.0,82.0,-19.8643311,-43.94420830000002,3,2,1,2.0,125.45,250.0,pampulha,Santa Rosa,12/08/18,Rua David Alves do Vale,60
21833,718000.0,124.55,-19.9721042,-43.96464359999999,4,4,2,3.0,420.0,870.0,oeste,Estoril,12/08/18,Rua Líbero Leone,620
3245909,180000.0,50.0,-19.890433899999998,-43.93079799999998,2,1,0,1.0,70.29,400.0,nordeste,Silveira,12/08/18,Rua Agostinho Azzi,75
3215472,185000.0,70.0,-19.9520737,-43.9803028,3,1,0,1.0,0.0,190.0,oeste,Havaí,12/08/18,Rua B,20
3243900,275000.0,100.0,-19.8607888,-43.94015819999999,2,2,0,1.0,75.0,220.0,pampulha,Jaraguá,12/08/18,Rua Desembargador Fernando Bhering,94
178812,275000.0,50.0,-19.872711,-43.939639,2,1,0,1.0,73.23,250.0,nordeste,Palmares,12/08/18,Rua José Cleto,291
16923,370000.0,75.0,-19.862196,-43.919351000000006,3,2,1,1.0,102.66,150.0,nordeste,São Paulo,12/08/18,Rua Império,925
1526059,140000.0,48.0,-19.8027584,-43.93650049999997,2,1,0,1.0,0.0,130.0,norte,Jaqueline,12/08/18,Rua Carlos Romeu,123
3215015,200000.0,70.0,-19.9575646,-43.96755280000002,3,1,0,1.0,220.0,400.0,oeste,Estoril,12/08/18,Rua Paulo Piedade Campos,455
2381292,235000.0,51.59,-19.959660600000003,-43.96950390000001,2,2,1,1.0,78.4,140.0,oeste,Havaí,12/08/18,Rua Estácio Rodrigues,548
2351868,240000.0,54.0,-19.959660600000003,-43.96950390000001,2,2,1,2.0,84.47,140.0,oeste,Havaí,12/08/18,Rua Estácio Rodrigues,548
2353809,240000.0,52.85,-19.959660600000003,-43.96950390000001,2,2,1,2.0,84.18,140.0,oeste,Havaí,12/08/18,Rua Estácio Rodrigues,548
154630,300000.0,86.0,-19.8262564,-43.952886000000035,3,2,1,2.0,71.35,394.0,norte,Planalto,12/08/18,Rua Francisco Augusto Rocha,66
44785,359000.0,69.27,-19.968052800000002,-43.98403270000001,3,2,1,2.0,1.11,0.0,oeste,Palmeiras,12/08/18,Rua Senhora do Porto,1600
58032,646788.0,83.83,-19.884502800000003,-43.93346780000002,3,3,1,2.0,0.0,518.15,nordeste,Ipiranga,12/08/18,Rua Princesa Leopoldina,163
357536,657327.0,83.83,-19.884502800000003,-43.93346780000002,3,3,1,2.0,0.0,518.15,nordeste,Ipiranga,12/08/18,Rua Princesa Leopoldina,163
341094,669000.0,182.0,-19.97774,-43.97373700000003,2,3,1,3.0,0.0,350.0,oeste,Buritis,12/08/18,Avenida Deputado Cristóvam Chiaradia,25
341095,669000.0,182.0,-19.97774,-43.97373700000003,2,3,1,3.0,0.0,350.0,oeste,Buritis,12/08/18,Avenida Deputado Cristóvam Chiaradia,25
352670,680000.0,183.0,-19.8833027,-43.92167519999998,3,2,1,3.0,263.37,0.0,nordeste,União,12/08/18,Rua Domingos Fernandes,214
9590,750000.0,120.0,-19.858114,-43.95596000000001,4,2,1,2.0,265.0,0.0,pampulha,Pampulha,12/08/18,Rua dos Aeroviários,397
24057,830000.0,190.31,-19.9259613,-43.9900768,3,2,1,2.0,0.0,380.0,noroeste,Coração Eucarístico,12/08/18,Rua Dom Joaquim Silvério,435
17001,930000.0,162.73,-19.9721042,-43.96464359999999,4,6,4,3.0,420.0,870.0,oeste,Buritis,12/08/18,Rua Líbero Leone,620
3249271,1100000.0,126.0,-19.930088,-43.95187299999998,4,2,1,2.0,480.0,0.0,centro-sul,Santo Agostinho,12/08/18,Rua Martim de Carvalho,240
356745,980000.0,97.52,-19.9572903,-43.9367297,2,2,1,2.0,259.0,620.0,centro-sul,Sion,12/08/18,Rua da Groelândia ,401
1674519,260000.0,66.0,-19.923984100000002,-43.911439400000006,3,1,0,1.0,24.0,140.0,centro-sul,Santa Efigênia,12/08/18,Rua Lignito,70
347001,230000.0,57.0,-19.8262551,-43.95290469999998,2,1,0,1.0,56.0,179.0,pampulha,Pampulha,12/08/18,Rua Francisco Augusto Rocha,106
366192,162000.0,66.0,-19.8277397,-43.96315559999999,2,1,0,1.0,31.5,330.0,venda-nova,São João Batista,12/08/18,Rua Augusto Franco,651
43949,499000.0,52.0,-19.9471152,-43.94794000000002,2,2,1,2.0,143.48,475.0,centro-sul,Santo Antônio,12/08/18,Rua Teixeira de Freitas,600
340761,190000.0,57.0,-19.872711,-43.939639,3,1,0,1.0,60.13,180.0,nordeste,Palmares,12/08/18,Rua José Cleto,1859
388136,240000.0,67.4,-19.9201795,-43.95096520000004,2,1,0,0.0,1.0,425.39,centro-sul,Centro,12/08/18,Rua dos Goitacazes,991
1890066,330000.0,70.0,-19.9812693,-43.97835069999997,3,1,1,1.0,50.9,410.0,oeste,Buritis,12/08/18,Avenida Senador José Augusto,110
1523705,335000.0,69.3,-19.8279533,-43.939916400000016,3,2,1,2.0,86.06,263.37,norte,Jardim Guanabara,12/08/18,Rua Alga Vermelha,120
360137,360000.0,100.0,-19.977733999999998,-43.97042799999997,3,3,1,2.0,100.0,350.0,oeste,Buritis,12/08/18,Rua José Amaury Ferrara,182
605182,560000.0,190.0,-19.960992899999997,-43.94753639999999,3,2,1,2.0,170.5,600.0,centro-sul,São Bento,12/08/18,Rua Centauro,541
146255,1298700.0,220.0,-19.9422454,-43.9580484,4,3,2,3.0,0.0,0.0,oeste,Gutierrez,12/08/18,Rua Nascimento Gurgel,15
9042,2400000.0,440.0,-19.937607,-43.95044200000001,4,5,4,2.0,525.0,1150.0,centro-sul,Cidade Jardim,12/08/18,Rua Eduardo Porto,624
350645,540000.0,120.0,-19.9409895,-43.95363420000001,3,2,1,1.0,190.0,350.0,centro-sul,Luxemburgo,12/08/18,Rua Doutor Sette Câmara,341
346481,170000.0,44.0,-19.798685,-43.935613999999994,2,1,0,1.0,0.0,150.0,norte,Jaqueline,12/08/18,Rua Ana Marques da Silva,141
391222,175000.0,40.95,-19.9287801,-44.0037395,2,1,0,1.0,26.59,170.0,noroeste,João Pinheiro,12/08/18,Rua Bueno do Prado,375
348187,179000.0,40.0,-19.922314800000002,-43.946081700000036,1,1,0,0.0,0.0,293.0,centro-sul,Centro,12/08/18,Avenida Augusto de Lima,1142
336705,193000.0,40.0,-19.9201625,-43.94695660000002,1,1,1,0.0,53.49,376.0,centro-sul,Barro Preto,12/08/18,Avenida Bias Fortes,1577
55207,200000.0,57.0,-19.824722100000002,-43.95480800000002,2,1,0,1.0,56.0,300.0,pampulha,Pampulha,12/08/18,Rua Francisco Augusto Rocha,106
135350,425000.0,73.05,-19.9153384,-43.90522579999998,3,1,1,2.0,121.13,192.4,leste,Paraíso,12/08/18,Avenida Alphonsus de Guimarães,382
135364,440000.0,73.05,-19.9153384,-43.90522579999998,3,1,1,2.0,121.13,192.4,leste,Paraíso,12/08/18,Avenida Alphonsus de Guimarães,382
334135,460000.0,82.0,-19.9444893,-43.94781060000002,2,2,0,1.0,126.45,510.31,centro-sul,Santo Antônio,12/08/18,Rua Teixeira de Freitas,336
373837,1200000.0,190.0,-19.937752399999997,-43.92249010000001,4,2,1,3.0,564.38,1200.0,centro-sul,Serra,12/08/18,Rua Dona Marianinha,20
1532918,960000.0,140.0,-19.9396036,-43.9466698,4,2,1,2.0,0.01,790.0,centro-sul,Santo Antônio,12/08/18,Rua Marquês de Maricá,207
1939306,120000.0,45.0,-19.9295859,-44.0169022,2,1,0,1.0,0.0,150.0,noroeste,Camargos,12/08/18,Rua Crepúsculo,73
371719,125000.0,50.0,-19.7990701,-43.97142339999999,2,1,0,1.0,0.0,120.0,venda-nova,Venda Nova,12/08/18,Rua C,20
3245406,130000.0,45.0,-20.0108715,-44.01080430000002,2,1,0,1.0,0.0,120.0,barreiro,Solar do Barreiro (Barreiro),12/08/18,Rua Bruno Felipe Ferreira,170
3250225,130000.0,50.32,-19.80725,-43.935292800000006,2,1,0,1.0,27.37,190.0,norte,Jaqueline,12/08/18,Rua Izabel Raso,72
1745336,135000.0,45.26,-19.8630168,-43.890943799999995,2,1,0,1.0,0.0,170.0,nordeste,Vitória,12/08/18,Rua Nilza Brito,50
3245359,135000.0,50.0,-19.8211823,-43.95571159999997,2,1,0,1.0,63.3,175.0,venda-nova,Venda Nova,12/08/18,Rua Santo Antônio,800
343016,140000.0,45.0,-19.800985999999998,-43.944322,2,1,0,1.0,0.0,70.0,norte,Juliana,12/08/18,Rua Noé Marques de Oliveira,26
342186,143000.0,45.0,-19.845752100000002,-43.88567849999998,2,1,0,1.0,0.0,125.0,nordeste,Vitória,12/08/18,Rua dos Borges,1390
48441,145000.0,44.44,-19.844025199999997,-43.87886379999998,2,1,0,1.0,558.63,120.0,nordeste,Jardim Vitória,12/08/18,Rua dos Borges,1390
1702101,145000.0,42.0,-19.9447271,-44.01094810000001,2,1,0,1.0,0.0,145.0,noroeste,Camargos,12/08/18,Rua Nióbio,175
3246747,145000.0,47.0,-19.9928355,-44.027244,2,1,0,1.0,27.38,160.0,barreiro,Olaria,12/08/18,Rua Monte Carmelo,110
1672432,149000.0,51.0,-19.890982,-43.99496499999998,2,1,0,0.0,0.0,166.0,pampulha,Castelo,12/08/18,Rua Cecília Fonseca Coutinho,678
365260,150000.0,48.0,-19.955675600000003,-43.96416869999996,2,1,0,1.0,0.0,145.0,oeste,Jardim América,12/08/18,Rua Dezenove de Dezembro,205
3238661,150000.0,55.0,-19.810722199999997,-43.97043630000002,2,1,0,1.0,0.0,90.0,venda-nova,Venda Nova,12/08/18,Rua Farmacêutico Raul Machado,121
3244564,150000.0,41.11,-19.9456138,-44.01080409999997,2,1,0,1.0,0.0,145.0,noroeste,Vila Magnesita,12/08/18,Rua Nióbio,175
3256645,150000.0,50.0,-19.800718,-43.97017899999997,2,1,0,1.0,0.0,100.0,venda-nova,Venda Nova,12/08/18,Rua Basiléia,40
142907,155000.0,48.0,-19.833110100000003,-43.93836139999996,2,1,0,1.0,0.0,100.0,norte,Floramar,12/08/18,Rua Lúcio de Oliveira,210
174828,155000.0,50.0,-19.860499100000002,-43.89117139999996,2,1,0,1.0,60.0,220.0,nordeste,Vitória,12/08/18,Avenida Magenta,135
356134,155000.0,43.68,-20.0047413,-44.00462099999999,2,1,0,1.0,0.0,180.0,barreiro,Cardoso,12/08/18,Rua Augusto Muniz,117
3238760,155000.0,60.0,-19.875914,-43.95892500000002,2,1,0,1.0,0.0,160.0,pampulha,São Francisco,12/08/18,Rua Padre Leopoldo Mertens,1020
3254766,155000.0,50.0,-19.8342569,-43.94253300000002,2,1,0,1.0,0.0,200.0,norte,Planalto,12/08/18,Rua Waldemar Falcão,186
362688,158000.0,50.0,-19.840067899999998,-43.8929387,2,1,0,1.0,50.0,200.0,norte,Ribeiro de Abreu,12/08/18,Rua Antônio Mariano de Abreu,1030
1638984,159900.0,73.0,-19.8220599,-43.97103429999999,2,1,0,1.0,700.0,150.0,pampulha,Santa Mônica,12/08/18,Rua Visconde de Taunay,651
1526174,160000.0,50.0,-19.831850399999997,-43.97079580000002,2,1,0,1.0,33.0,160.0,pampulha,Santa Branca,12/08/18,Rua Campista,220
3257005,160000.0,54.46,-19.83069,-43.932433,2,1,0,1.0,0.0,190.0,norte,Jardim Guanabara,12/08/18,Rua Mário Renno Gomes,83
343688,162000.0,50.0,-19.8583776,-43.8887507,2,1,0,1.0,35.0,190.0,nordeste,Vitória,12/08/18,Rua Ernesto Tognolo,90
411613,165000.0,52.0,-19.8588529,-43.88998149999998,2,1,0,1.0,55.16,220.0,nordeste,Vitória,12/08/18,Rua Ernesto Tognolo,90
3239789,165000.0,50.0,-19.8211823,-43.95571159999997,2,1,0,1.0,65.0,176.0,venda-nova,Venda Nova,12/08/18,Rua Santo Antônio,800
3244094,165000.0,70.65,-19.8950484,-43.99975289999998,3,1,0,1.0,56.0,120.0,pampulha,Manacás,12/08/18,Avenida Wiver Hernandes da Silva,270
3247416,165000.0,60.0,-19.870335999999998,-43.95482000000004,2,1,0,1.0,56.0,180.0,pampulha,São Francisco,12/08/18,Rua Alcobaça,1500
3257819,165000.0,50.0,-19.8250235,-43.9594348,2,1,0,1.0,0.0,170.0,venda-nova,Venda Nova,12/08/18,Rua Doutor Álvaro Camargos,284
364052,169000.0,60.0,-19.8682191,-44.00603339999998,2,1,0,2.0,0.0,275.0,pampulha,Santa Terezinha,12/08/18,Rua Bom Jesus da Penha,709
3240118,170000.0,50.37,-19.8784673,-43.96148089999997,2,1,0,1.0,0.0,180.0,pampulha,São Francisco,12/08/18,Rua Padre Leopoldo Mertens,1631
3247134,170000.0,72.0,-19.964433,-43.967536,2,1,0,1.0,25.0,200.0,oeste,Estrela Dalva,12/08/18,Avenida Costa do Marfim,120
3251904,170000.0,74.15,-19.8734215,-43.95779579999999,2,1,0,1.0,660.0,220.0,pampulha,São Francisco,12/08/18,Rua Alcobaça,1500
339642,177000.0,69.3,-19.8092147,-43.93702540000004,3,1,0,1.0,67.0,200.0,norte,Frei Leopoldo,12/08/18,Rua Armando Greco,333
356869,180000.0,51.0,-19.918434299999998,-43.8883874,2,1,0,1.0,0.0,160.0,leste,Vera Cruz,12/08/18,Rua Fósforo,22
357399,180000.0,46.77,-19.943655,-44.0153297,2,1,0,1.0,26.59,200.0,noroeste,Camargos,12/08/18,Rua Zircônio,105
1534203,180000.0,61.62,-19.918052,-43.94000729999999,2,1,0,0.0,56.0,390.0,centro-sul,Centro,12/08/18,Rua São Paulo,684
1786601,180000.0,50.0,-19.825484600000003,-43.96672109999997,2,1,0,2.0,63.0,162.0,venda-nova,São João Batista,12/08/18,Rua Antônio Orlindo de Castro,361
3236091,180000.0,45.0,-19.925698,-44.014128899999996,2,1,0,1.0,56.38,220.0,noroeste,Califórnia,12/08/18,Rua Visconde de Mauá,95
3238551,180000.0,47.0,-19.919678,-43.94826899999998,1,1,0,0.0,54.75,270.0,centro-sul,Barro Preto,12/08/18,Rua Araguari,37
3251476,180000.0,55.0,-19.9468476,-43.97302239999999,2,1,0,1.0,0.0,170.0,oeste,Nova Suíssa,12/08/18,Rua Santos,2089
341934,185000.0,50.0,-19.9366695,-44.02219739999998,2,1,0,1.0,56.0,220.0,noroeste,Camargos,12/08/18,Rua Gentil Portugal do Brasil,55
365867,185000.0,50.0,-19.9472614,-44.00232159999996,2,1,0,1.0,0.0,150.0,oeste,Madre Gertrudes,12/08/18,Rua São Carlos,326
3257516,185000.0,60.0,-19.811242,-43.980523300000016,3,1,0,1.0,0.0,180.0,venda-nova,Venda Nova,12/08/18,Avenida Elias Antônio Issa,943
342801,189000.0,65.0,-19.8824564,-44.00725669999997,3,1,0,1.0,60.89,160.0,pampulha,Serrano,12/08/18,Rua Aluísio Lobão Veras,316
345487,189000.0,55.0,-19.8318035,-43.94204739999998,2,1,0,1.0,26.59,190.0,norte,Planalto,12/08/18,Rua Terezinha Lopes Azevedo,53
3242606,189000.0,72.0,-19.9654497,-43.9679107,2,2,0,1.0,25.09,200.0,oeste,Estrela Dalva,12/08/18,Rua Geórgia,34
3242174,190000.0,70.0,-19.8402065,-43.937531499999984,3,1,0,1.0,62.0,250.0,norte,Heliópolis,12/08/18,Rua Lila Borja,39
3244350,190000.0,50.0,-19.8784673,-43.96148089999997,2,1,0,1.0,0.0,180.0,pampulha,São Francisco,12/08/18,Rua Padre Leopoldo Mertens,1631
3253358,190000.0,70.0,-19.843124600000003,-43.9398946,2,1,0,1.0,0.0,200.0,norte,Heliópolis,12/08/18,Rua Nair Pentagna Guimarães,195
343213,194000.0,53.64,-19.876576500000002,-43.99615519999998,2,1,0,1.0,62.88,120.0,pampulha,Manacás,12/08/18,Rua Castelo da Beira,404
350161,195000.0,53.0,-19.936301,-44.01964599999997,2,1,0,1.0,116.0,180.0,noroeste,Camargos,12/08/18,Rua Pastor Mamélio Ferreira,147
361289,195000.0,47.0,-19.946211899999998,-43.980479599999974,2,1,0,1.0,21.04,160.0,oeste,Salgado Filho,12/08/18,Rua Divisa Nova,593
1534256,195000.0,54.28,-19.876020999999998,-44.01450599999998,2,1,0,1.0,0.0,100.0,pampulha,Serrano,12/08/18,Rua Quatro,135
360207,199000.0,86.0,-19.965631100000003,-43.96792879999998,3,1,0,1.0,48.0,200.0,oeste,Havaí,12/08/18,Rua Geórgia,34
1616893,199000.0,45.77,-19.935184,-44.00606260000001,2,1,0,1.0,30.0,215.0,noroeste,Vila Oeste,12/08/18,Rua do Garimpo,155
3252615,199000.0,48.0,-19.904183,-43.98021299999999,2,1,0,1.0,0.0,200.0,norte,Adelaide,12/08/18,Rua Boreal,300
135193,200000.0,52.0,-19.8800107,-43.93308239999999,2,1,0,1.0,62.0,280.0,nordeste,Ipiranga,12/08/18,Rua Joaquim Francisco da Silveira,760
143781,200000.0,50.32,-19.825541,-43.96290299999998,2,1,0,1.0,0.0,70.0,pampulha,Santa Branca,12/08/18,Rua São Pedro do Havaí,175
178495,200000.0,50.0,-19.8320108,-43.94339020000001,2,1,0,1.0,0.0,130.0,norte,Planalto,12/08/18,Rua Senador Campos Vergueiro,403
186981,200000.0,66.0,-19.826867800000002,-43.96137709999999,2,1,0,1.0,104.0,350.0,venda-nova,São João Batista,12/08/18,Rua Doutor Álvaro Camargos,1790
1695526,200000.0,50.0,-19.858984500000002,-43.937310499999974,2,1,0,1.0,61.0,270.0,pampulha,Jaraguá,12/08/18,Rua Rita Alves Castanheiras,106
3239425,200000.0,57.0,-19.9220169,-43.94578150000001,1,1,0,0.0,59.45,289.0,centro-sul,Centro,12/08/18,Avenida Bias Fortes,1785
3252874,200000.0,70.0,-19.94182,-44.016642400000016,3,1,0,1.0,0.0,160.0,noroeste,Coração Eucarístico,12/08/18,Rua Stella Camargos,343
1834647,200216.27,48.0,-19.944076100000004,-43.971757300000036,2,1,0,1.0,0.0,200.0,oeste,Jardim América,12/08/18,Rua Gama Cerqueira,1123
3234194,205000.0,65.1,-19.8076788,-43.9859305,3,2,1,1.0,70.95,200.0,venda-nova,Piratininga (venda Nova),12/08/18,Rua Limeira,566
348016,206000.0,55.0,-19.8137464,-43.9751794,1,0,1,1.0,50.0,200.0,venda-nova,Venda Nova,12/08/18,Rua Corretor Juventino de Jesus,71
1834384,206252.94,48.0,-19.944076100000004,-43.971757300000036,2,1,0,1.0,0.0,180.0,oeste,Jardim América,12/08/18,Rua Gama Cerqueira,1123
1834386,206252.94,48.0,-19.944076100000004,-43.971757300000036,2,1,0,1.0,0.0,180.0,oeste,Jardim América,12/08/18,Rua Gama Cerqueira,1123
3242594,208545.73,48.0,-19.9430147,-43.9724678,2,0,0,2.0,0.0,200.0,oeste,Jardim América,12/08/18,Rua Gama Cerqueira,1123
346665,210000.0,61.4,-19.802038699999997,-43.93558469999999,2,1,0,1.0,65.48,135.0,norte,Jaqueline,12/08/18,Rua Rua Orlando Mendes,100
3235881,210000.0,45.0,-19.9091615,-43.9226607,2,1,0,1.0,76.63,170.0,leste,Sagrada Família,12/08/18,Rua Santa Bárbara,704
3249218,210000.0,47.42,-19.9615987,-43.97659010000001,2,1,0,1.0,68.0,203.77,oeste,Marajó,12/08/18,Rua Carvalho,312
3249726,210000.0,64.42,-19.835751199999997,-43.9712705,3,2,1,1.0,62.54,320.0,pampulha,Santa Branca,12/08/18,Avenida Deputado Anuar Menhen,1212
1832162,212280.19,48.0,-19.9440415,-43.9717776,2,1,0,1.0,0.0,180.0,oeste,Jardim América,12/08/18,Rua Gama Cerqueira,1123
308165,215000.0,56.02,-19.977980399999996,-43.970560500000026,2,1,0,1.0,802.56,412.0,oeste,Buritis,12/08/18,Rua Alessandra Salum Cadar,920
339529,215000.0,48.66,-19.8736949,-44.01414139999997,2,1,0,1.0,26.59,200.0,pampulha,Serrano,12/08/18,Avenida Professor Clóvis Salgado,2545
3213343,215000.0,40.0,-19.916123199999998,-43.92225020000001,1,1,0,1.0,26.59,238.0,leste,Santa Tereza,12/08/18,Rua Cristal,210
3244394,215000.0,60.0,-19.960487699999998,-43.96986270000002,2,1,0,1.0,72.0,200.0,oeste,Havaí,12/08/18,Rua Professor Duque,315
367002,216000.0,84.0,-19.965527899999998,-43.972393600000025,3,1,0,1.0,60.0,200.0,oeste,Havaí,12/08/18,Rua Havana,165
1832053,216341.06,48.0,-19.9440415,-43.9717776,2,1,0,1.0,0.0,180.0,oeste,Jardim América,12/08/18,Rua Gama Cerqueira,1123
366866,218000.0,47.0,-19.824154999999998,-43.975056,2,1,1,1.0,1.0,1.0,pampulha,Santa Mônica,12/08/18,Rua Mosaico,54
1525327,219000.0,50.0,-19.9596056,-43.98167169999999,2,1,0,1.0,27.36,173.77,oeste,Palmeiras,12/08/18,Rua Júlio de Castilho,1187
206533,220000.0,50.0,-19.831207199999998,-43.945326000000016,2,1,0,1.0,45.0,140.0,norte,Planalto,12/08/18,Rua Osório Duque Estrada - Lado Par,560
339150,220000.0,48.66,-19.8735884,-44.013857400000006,2,1,0,1.0,26.59,200.0,pampulha,Serrano,12/08/18,Avenida Professor Clóvis Salgado,2545
341085,220000.0,50.0,-19.959150899999997,-43.96631150000002,2,1,0,1.0,132.97,230.0,oeste,Estoril,12/08/18,Rua Paulo Piedade Campos,833
360457,220000.0,55.0,-19.826946,-43.95741350000003,2,2,1,1.0,77.09,200.0,norte,Planalto,12/08/18,Rua Ely Murilo Cláudio,125
365220,220000.0,43.0,-19.921066,-43.91231590000001,2,1,0,1.0,70.6,160.0,leste,São Lucas,12/08/18,Rua Cardoso,11
1839013,220000.0,47.45,-19.9570583,-43.98361420000003,2,1,0,1.0,68.24,236.65,oeste,Palmeiras,12/08/18,Rua Júlio de Castilho,133
1848010,220000.0,55.0,-19.878802800000003,-43.93151380000001,2,1,0,1.0,68.3,405.0,nordeste,Palmares,12/08/18,Rua Conde Monte Cristo,285
3239859,220000.0,53.25,-19.8920054,-43.95474389999998,2,1,0,1.0,0.0,175.0,noroeste,Aparecida,12/08/18,Avenida Pinheiros,715
3246471,220000.0,55.0,-19.9692461,-43.96780239999998,2,1,0,1.0,73.59,250.0,oeste,Estrela Dalva,12/08/18,Rua Professora Bartira Mourão,710
3254016,220000.0,65.0,-19.824575,-43.94733300000002,2,1,0,1.0,21.0,0.0,norte,Vila Cloris,12/08/18,Rua das Emas,141
1832157,223356.84,48.0,-19.9440415,-43.9717776,2,1,0,2.0,0.0,180.0,oeste,Jardim América,12/08/18,Rua Gama Cerqueira,1123
351352,224900.0,55.0,-19.903166270878405,-43.90119793284907,2,2,1,1.0,72.0,380.0,leste,Saudade,12/08/18,Rua Demétrio Ribeiro,75
349527,225000.0,109.37,-19.940878299999998,-44.01816700000001,2,2,0,1.0,855.38,250.0,noroeste,Camargos,12/08/18,Rua Blenda,109
3228675,225000.0,70.0,-19.814813100000002,-43.9526381,3,2,0,1.0,55.0,226.0,venda-nova,Venda Nova,12/08/18,Rua Embaixador José Aparecido,138
3253886,225000.0,60.0,-19.9233115,-43.942556500000016,2,1,0,0.0,93.0,382.0,centro-sul,Centro,12/08/18,Avenida Augusto de Lima,233
1589494,228000.0,75.0,-19.825662100000002,-43.96054720000001,3,1,0,1.0,70.0,170.0,venda-nova,São João Batista,12/08/18,Rua Eugenio Volpini,130
139230,230000.0,50.0,-19.8714895,-43.94563979999998,2,1,0,1.0,25.45,250.0,nordeste,Palmares,12/08/18,Rua Meira de Vasconcelos,240
171548,230000.0,60.0,-19.871535199999997,-43.99767370000001,3,1,1,1.0,54.0,200.0,pampulha,Paquetá,12/08/18,Rua Frei Martinho Burnier,8
338777,230000.0,98.2,-19.821970999999998,-43.970753,3,2,1,1.0,84.24,150.0,pampulha,Santa Mônica,12/08/18,Rua Visconde de Taunay,651
343968,230000.0,50.0,-19.874603600000004,-43.91922009999996,2,1,0,1.0,67.34,210.0,nordeste,Fernão Dias,12/08/18,Avenida Joaquim José Diniz,429
351559,230000.0,50.0,-19.9606953,-43.990655800000006,2,1,0,1.0,60.18,190.0,oeste,Betânia,12/08/18,Rua das Canoas,555
353200,230000.0,69.68,-19.9386883,-44.018655800000026,3,1,0,1.0,714.0,237.0,noroeste,Camargos,12/08/18,Rua Luiza Efigênia Silva,321
420441,230000.0,130.0,-19.8140308,-43.9527736,2,2,0,1.0,86.52,260.0,venda-nova,Venda Nova,12/08/18,Rua Rosa Barbosa Pinto,59
1675243,230000.0,59.19,-19.8407439,-43.93682239999998,3,0,0,1.0,675.0,250.0,norte,Heliópolis,12/08/18,Rua Lila Borja,39
1847157,230000.0,90.86,-19.936674800000002,-44.022203699999984,2,1,0,1.0,82.0,377.0,noroeste,Camargos,12/08/18,Rua Gentil Portugal do Brasil,55
3215735,230000.0,50.0,-19.8607888,-43.94015819999999,2,1,0,1.0,56.0,220.0,pampulha,Jaraguá,12/08/18,Rua Desembargador Fernando Bhering,94
3243906,230000.0,71.43,-19.8764188,-43.9404083,3,1,0,1.0,61.66,250.0,nordeste,Palmares,12/08/18,Avenida Artur Guimarães,135
3250214,230000.0,80.0,-19.8236765,-43.95208819999999,2,1,0,1.0,86.0,300.0,pampulha,Itapoã,12/08/18,Avenida Doutor Cristiano Guimarães,50
3255847,230000.0,37.99,-19.920127800000003,-43.940304800000035,1,1,0,0.0,55.0,285.0,centro-sul,Centro,12/08/18,Rua São Paulo,351
3252193,231500.0,37.56,-19.86083,-43.939422000000036,1,1,1,1.0,1.0,150.0,pampulha,Dona Clara,12/08/18,Rua Bento Mendes Castanheira,40
3252196,233500.0,37.56,-19.86083,-43.939422000000036,1,1,1,1.0,1.0,150.0,pampulha,Dona Clara,12/08/18,Rua Bento Mendes Castanheira,40
3237374,235000.0,63.0,-19.8607821,-43.93501620000001,2,1,0,1.0,78.06,220.0,pampulha,Dona Clara,12/08/18,Rua Dona Celuta Monteiro,112
3252775,235000.0,57.09,-19.8737519,-43.93879149999998,3,2,1,1.0,80.0,360.0,nordeste,Palmares,12/08/18,Rua José Cleto,423
1694566,239000.0,67.0,-19.932636499999997,-43.95770290000002,2,2,1,0.0,96.46,220.0,oeste,Gutierrez,12/08/18,Rua André Cavalcanti,59
147484,240000.0,38.0,-19.9377516,-43.9365932,1,1,1,1.0,131.92,2000.0,centro-sul,Savassi,12/08/18,Rua Antônio de Albuquerque,335
217527,240000.0,52.94,-19.886670000000002,-43.9581609,3,1,0,1.0,650.0,220.0,noroeste,Ermelinda,12/08/18,Rua Álvaro Mata,55
340988,240000.0,56.94,-19.8797855,-43.991741299999994,2,2,1,1.0,103.81,330.0,pampulha,Paquetá,12/08/18,Rua Gustavo Ladeira,11
343175,240000.0,80.0,-19.965162300000003,-43.96974929999999,2,1,0,1.0,65.0,130.0,oeste,Estrela Dalva,12/08/18,Avenida Costa do Marfim,140
352202,240000.0,69.0,-19.8366255,-43.95455900000002,3,1,0,1.0,85.0,230.0,norte,Planalto,12/08/18,Avenida Doutor Cristiano Guimarães,1808
358338,240000.0,70.0,-19.8012976,-43.99329180000001,3,1,1,2.0,1.0,0.01,venda-nova,Lagoinha (venda Nova),12/08/18,Rua João Ferreira da Silva,2095
358356,240000.0,70.0,-19.8012976,-43.99329180000001,3,1,1,2.0,1.0,0.01,venda-nova,Lagoinha (venda Nova),12/08/18,Rua João Ferreira da Silva,2095
1524230,240000.0,48.38,-19.9438985,-43.98064850000003,2,1,0,1.0,135.0,175.0,oeste,Salgado Filho,12/08/18,Rua Machado Nunes,152
2089521,240000.0,68.0,-19.959418799999998,-43.98407570000001,3,1,0,1.0,70.0,241.0,oeste,Palmeiras,12/08/18,Avenida Dom João VI,561
3236478,240000.0,91.0,-19.9650919,-43.96888799999999,3,1,0,1.0,68.68,140.0,oeste,Estrela Dalva,12/08/18,Avenida Costa do Marfim,100
3239648,240000.0,60.0,-19.9220169,-43.94578150000001,2,2,0,1.0,65.0,360.0,centro-sul,Centro,12/08/18,Avenida Bias Fortes,1801
3243280,240000.0,87.04,-19.9016889,-43.92944019999999,2,1,0,1.0,80.0,150.0,leste,Graça,12/08/18,Rua Silveira,256
3243827,240000.0,60.0,-19.8833354,-44.00612100000001,3,2,1,1.0,72.0,357.0,pampulha,Serrano,12/08/18,Avenida Heráclito Mourão de Miranda,295
3249266,240000.0,66.25,-19.8779383,-43.93751620000001,3,1,0,1.0,69.31,250.0,nordeste,Palmares,12/08/18,Avenida Artur Guimarães,135
365777,244000.0,61.0,-19.89226,-43.99917900000003,2,1,0,1.0,68.63,140.0,pampulha,Manacás,12/08/18,Rua Maria de Souza Alves,419
366849,244900.0,67.0,-19.824154999999998,-43.975056,2,1,1,1.0,1.0,1.0,pampulha,Santa Mônica,12/08/18,Rua Mosaico,54
366848,245000.0,67.0,-19.824154999999998,-43.975056,2,1,1,1.0,1.0,1.0,pampulha,Santa Mônica,12/08/18,Rua Mosaico,54
1526178,245000.0,53.03,-19.891151,-43.90685980000001,2,1,0,1.0,100.0,510.0,venda-nova,Ana Lúcia,12/08/18,Avenida Contagem,330
3237332,245000.0,48.34,-19.875756399999997,-43.99423890000003,2,2,1,1.0,98.0,250.0,pampulha,Castelo,12/08/18,Avenida Miguel Perrela,975
156808,250000.0,70.0,-19.8903237,-43.9308337,3,2,1,1.0,88.25,320.0,nordeste,Silveira,12/08/18,Rua Agostinho Azzi,51
161266,250000.0,69.85,-19.8932042,-43.94832789999998,3,2,1,1.0,101.1,450.0,nordeste,Cachoeirinha,12/08/18,Rua Itapetinga,912
347646,250000.0,58.0,-19.9121387,-43.98082120000004,2,1,0,1.0,61.42,220.0,noroeste,Padre Eustáquio,12/08/18,Rua Vila Rica,110
357550,250000.0,63.1,-19.921901899999998,-43.9478006,2,2,0,0.0,53.0,440.0,centro-sul,Centro,12/08/18,Avenida Bias Fortes,1801
357996,250000.0,62.17,-19.887206,-43.932808000000016,2,1,0,1.0,921.7,135.7,nordeste,Ipiranga,12/08/18,Rua Dom Cabral,10
362470,250000.0,110.0,-19.8203867,-43.97694609999997,2,1,0,1.0,1.0,1.0,pampulha,Santa Mônica,12/08/18,Rua Humberto de Campos,152
3235511,250000.0,59.16,-19.828045,-43.939077000000005,3,2,0,1.0,92.69,560.0,norte,Jardim Guanabara,12/08/18,Rua Alga Azul,145
3236231,250000.0,52.0,-19.9812272,-43.97834820000003,2,2,1,1.0,68.13,410.0,oeste,Buritis,12/08/18,Avenida Senador José Augusto,110
3243872,250000.0,100.0,-19.890828,-44.007848500000016,2,2,0,1.0,64.0,400.0,pampulha,Serrano,12/08/18,Avenida Heráclito Mourão de Miranda,295
3243896,250000.0,60.0,-19.9001004,-43.93218719999999,2,2,1,1.0,115.0,250.0,nordeste,Nova Floresta,12/08/18,Rua Itaquera,921
3248500,250000.0,72.0,-19.980251100000004,-43.97345430000002,3,1,0,1.0,91.78,200.0,oeste,Buritis,12/08/18,Rua Pedro Natalício de Morais,400
1629907,255000.0,65.0,-19.941836,-43.91474900000003,2,2,0,1.0,56.56,290.0,centro-sul,Serra,12/08/18,Rua Henrique Passini,721
2424144,255000.0,56.97,-19.8729258,-43.99088560000001,2,1,1,1.0,100.32,332.0,pampulha,Ouro Preto,12/08/18,Rua José Ribeiro Filho,35
161074,258000.0,60.47,-19.944559100000003,-43.96445289999997,3,2,1,1.0,131.47,260.0,oeste,Nova Granada,12/08/18,Rua Dantas,30
58629,260000.0,75.0,-19.826687,-43.955492700000036,2,2,1,1.0,139.8,200.0,norte,Planalto,12/08/18,Rua Ely Murilo Cláudio,125
170375,260000.0,60.0,-19.9732945,-43.966101699999975,3,2,1,1.0,804.0,200.0,oeste,Buritis,12/08/18,Rua Henrique Furtado Portugal,140
354839,260000.0,65.72,-19.8922533,-43.990931199999984,2,1,0,1.0,69.14,200.0,pampulha,Paquetá,12/08/18,Rua Francisca Santos Anastásia,333
1673763,260000.0,65.8,-19.8630682,-43.952786599999975,3,2,0,1.0,0.0,15.0,pampulha,Jaraguá,12/08/18,Rua Barrinha,156
3258432,260000.0,63.5,-19.919645000000003,-43.94259469999997,1,1,0,0.0,0.0,310.0,centro-sul,Centro,12/08/18,Avenida Paraná,466
134129,265000.0,58.0,-19.9231781,-43.94253789999999,2,1,0,0.0,83.0,270.0,centro-sul,Centro,12/08/18,Avenida Augusto de Lima,233
339575,265000.0,69.18,-19.8824143,-44.00810660000002,2,1,1,1.0,94.4,370.0,pampulha,Serrano,12/08/18,Rua Shirley Regina das Chagas,50
346021,265000.0,68.06,-19.855758399999996,-43.9588412,3,2,1,1.0,73.11,225.0,pampulha,São Luiz (pampulha),12/08/18,Rua Mascarenhas de Morais,195
360131,265000.0,57.0,-19.8774849,-43.99624540000002,2,1,1,2.0,65.0,320.0,pampulha,Pampulha,12/08/18,Avenida Miguel Perrela,766
1468901,265000.0,54.77,-19.877855899999997,-43.93023370000003,2,1,0,1.0,734.0,380.0,nordeste,Palmares,12/08/18,Rua Wilson Modesto Ribeiro,120
1746250,265000.0,60.0,-19.922933,-43.93719440000001,1,1,0,0.0,92.37,285.0,centro-sul,Lourdes,12/08/18,Rua da Bahia,1192
2424146,265000.0,65.0,-19.96685742516061,-43.96841428518064,3,1,1,1.0,89.12,290.0,oeste,Buritis,12/08/18,Rua Ernani Agricola,684
3239469,265000.0,53.64,-19.8888503,-43.997671200000006,2,1,0,1.0,103.99,280.0,pampulha,Castelo,12/08/18,Rua Doutor Rubens Guimarães,31
3253337,265000.0,56.04,-19.981261,-43.978367299999995,2,2,1,1.0,70.93,410.0,oeste,Buritis,12/08/18,Avenida Senador José Augusto,110
3256136,265000.0,130.0,-19.8261806,-43.992888,2,1,0,1.0,0.0,200.0,venda-nova,Jardim Leblon,12/08/18,Rua Marrocos,1145
3256670,265000.0,130.0,-19.824525356790907,-43.99340298413085,2,1,0,1.0,0.0,200.0,venda-nova,Jardim Leblon,12/08/18,Rua Marrocos,1145
3258082,265000.0,65.0,-19.8662283,-43.945264200000004,3,1,0,1.0,71.31,250.0,pampulha,Santa Rosa,12/08/18,Rua José de Melo,525
55700,268000.0,70.0,-19.8306913,-43.93888709999999,3,2,1,1.0,92.0,240.0,norte,Jardim Guanabara,12/08/18,Rua Alga Vermelha,120
346489,269000.0,90.0,-19.9278039,-43.9655234,3,2,0,0.0,33.0,5.0,oeste,Prado,12/08/18,Rua Pedra Bonita,647
358878,269000.0,65.0,-19.891672,-43.931889599999984,2,2,0,1.0,0.0,130.0,nordeste,Silveira,12/08/18,Rua Engenheiro Correia,250
1382287,269000.0,65.0,-19.8726843,-43.920967099999984,3,1,0,1.0,111.0,250.0,nordeste,São Paulo,12/08/18,Rua Doresópolis,664
7370,270000.0,70.0,-19.961569600000004,-43.97251249999999,3,2,1,1.0,68.31,220.0,oeste,Havaí,12/08/18,Rua Barroso Neto,404
60330,270000.0,72.8,-19.942839806823887,-43.97505805186768,2,1,0,1.0,72.8,300.0,oeste,Jardim América,12/08/18,Rua Santos,689
358204,270000.0,84.0,-19.94096,-43.91669400000001,2,2,1,0.0,0.0,220.0,centro-sul,Serra,12/08/18,Rua Capivari,694
3194667,270000.0,93.66,-19.9317178,-43.97038259999999,3,1,0,1.0,69.04,240.0,oeste,Barroca,12/08/18,Rua Viamão,711
3239817,270000.0,76.0,-19.9575465,-43.9676068,3,2,0,1.0,23.0,400.0,oeste,Estoril,12/08/18,Rua Paulo Piedade Campos,457
3258053,270000.0,86.69,-19.896701999999998,-43.996939000000005,3,2,1,2.0,131.63,340.0,pampulha,Manacás,12/08/18,Rua Raimunda Simões da Silva,115
348541,273000.0,60.0,-19.8442,-43.93564900000001,2,2,1,1.0,104.24,400.0,norte,Heliópolis,12/08/18,Rua Maria Manoela Braz,370
170836,275000.0,75.09,-19.871848,-43.93773599999997,3,2,1,2.0,110.0,430.0,nordeste,Palmares,12/08/18,Rua Pastor Achilles Barbosa,365
332278,275000.0,55.0,-19.9433622,-43.977470400000016,2,1,0,2.0,65.0,250.0,oeste,Nova Suíssa,12/08/18,Rua Omega,430
352292,275000.0,90.0,-19.9596471,-43.96612909999999,3,3,1,1.0,91.0,410.0,oeste,Estoril,12/08/18,Rua Paulo Piedade Campos,850
787336,275000.0,64.27,-19.873433600000002,-43.99719640000001,2,1,0,2.0,56.0,180.0,pampulha,Pampulha,12/08/18,Rua Castelo de Lisboa ,40
1580716,275000.0,50.0,-19.9207327,-43.9460618,2,2,0,1.0,65.0,550.0,centro-sul,Centro,12/08/18,Rua Rio Grande do Sul,720
146520,279000.0,62.0,-19.8967575,-43.931694100000016,2,1,0,1.0,88.0,295.0,nordeste,Nova Floresta,12/08/18,Rua Jataí,850
358267,279000.0,72.46,-19.8119809,-43.98173380000003,3,2,1,1.0,923.37,200.0,venda-nova,Rio Branco,12/08/18,Rua Célio Diniz,276
3242451,279000.0,62.93,-19.888975100000003,-44.01003239999999,2,1,0,1.0,909.65,280.0,pampulha,Serrano,12/08/18,Rua Ocidental,126
22428,280000.0,70.0,-19.8441354,-43.936781199999984,3,1,0,1.0,47.45,150.0,norte,Heliópolis,12/08/18,Rua Praça Padre Lage,110
346187,280000.0,70.0,-19.967942100000002,-43.96671349999997,3,2,1,1.0,112.0,260.0,oeste,Buritis,12/08/18,Rua Engenheiro Alberto Pontes,530
352797,280000.0,70.0,-19.8263266,-43.95283689999997,3,2,1,1.0,80.0,400.0,pampulha,Itapoã,12/08/18,Rua Francisco Augusto Rocha,101
1671761,280000.0,65.1,-19.871813500000002,-43.94514500000002,3,2,1,1.0,65.0,335.0,nordeste,Santa Cruz,12/08/18,Rua Meira de Vasconcelos,240
1859324,280000.0,77.0,-19.875779100000003,-43.99368870000001,3,1,1,2.0,86.67,300.0,pampulha,Pampulha,12/08/18,Rua Jornalista Tarcísio Henriques,105
3246659,280000.0,57.17,-19.8957087,-43.92878989999997,2,2,0,1.0,924.0,400.0,nordeste,Silveira,12/08/18,Rua Wânia Carvalho Silveira,51
3256782,280000.0,65.0,-19.9728735,-43.97137980000002,3,2,1,1.0,88.56,360.0,oeste,Buritis,12/08/18,Rua Tereza Mota Valadares,820
3258194,280000.0,122.0,-19.802820999999998,-43.93925200000001,4,2,1,1.0,48.0,159.0,norte,Jaqueline,12/08/18,Rua Agenor de Paula Estrela,1082
3242489,285000.0,70.0,-19.920693,-43.93641220000001,2,1,0,0.0,50.0,400.0,centro-sul,Centro,12/08/18,Rua da Bahia,325
3243673,285000.0,80.0,-19.872345199999998,-43.9513346,3,1,0,1.0,56.0,250.0,pampulha,Jaraguá,12/08/18,Rua Beira-alta,135
358280,289000.0,57.34,-19.8263411,-43.982740499999984,2,1,0,1.0,671.64,200.0,pampulha,Santa Mônica,12/08/18,Rua dos Uiacás,307
365504,289000.0,80.0,-19.827945800000002,-43.97550849999999,2,2,1,1.0,1.0,1.0,pampulha,Santa Mônica,12/08/18,Rua Navajos,228
271072,290000.0,41.0,-19.9154203,-43.96724599999999,3,2,1,2.0,63.04,300.0,noroeste,Padre Eustáquio,12/08/18,Rua Riachuelo,551
349156,290000.0,96.74,-19.874312,-43.95881800000001,2,1,0,1.0,594.0,185.0,pampulha,São Francisco,12/08/18,Rua Alcobaça,139
1527336,290000.0,87.0,-19.8663618,-43.917748500000016,3,2,1,2.0,104.0,250.0,nordeste,Pirajá,12/08/18,Rua Crispim,386
1847830,290000.0,89.6,-19.944845899999997,-43.96855399999998,2,2,1,1.0,70.36,250.0,oeste,Nova Granada,12/08/18,Rua Conselheiro Joaquim Caetano,1355
140144,294000.0,70.0,-19.827754000000002,-43.93857020000002,3,2,1,1.0,124.0,300.0,norte,Jardim Guanabara,12/08/18,Rua Alga Verde,77
355546,295000.0,78.0,-19.832353,-43.942364000000005,3,2,1,2.0,75.0,150.0,norte,Planalto,12/08/18,Rua Jorge Lima,92
847801,295000.0,125.86,-19.947176199999998,-43.97966559999998,2,2,0,1.0,79.13,237.0,oeste,Salgado Filho,12/08/18,Rua Catadupas,30
3250295,295000.0,41.0,-19.927815,-43.934192,1,1,0,0.0,54.94,350.0,centro-sul,Funcionários,12/08/18,Rua Alagoas,16
32734,295087.5,62.69,-19.922230600000002,-44.010401099999974,3,1,1,2.0,135.0,368.8,noroeste,João Pinheiro,12/08/18,Avenida das Castanholas,246
3252322,298000.0,60.0,-19.963515700000002,-43.965450000000025,2,2,1,1.0,62.0,600.0,oeste,Estoril,12/08/18,Rua Engenheiro Godofredo dos Santos,48
183017,299000.0,65.0,-19.9029115,-43.96166289999997,3,1,2,2.0,106.84,180.0,noroeste,Nova Esperança,12/08/18,Rua Almeida Melo,102
3245304,299000.0,82.0,-19.961894,-43.98061150000001,2,1,1,1.0,77.0,299.0,oeste,Betânia,12/08/18,Rua Júlio de Castilho,1022
3246449,299000.0,140.0,-19.837536,-43.94853890000002,2,2,0,1.0,55.0,130.0,norte,Planalto,12/08/18,Rua Iracema Souza Pinto,128
134903,300000.0,40.0,-19.9394334,-43.93134029999999,1,1,1,1.0,125.0,750.0,centro-sul,Cidade Jardim,12/08/18,Avenida do Contorno,7315
348485,300000.0,47.84,-19.967576,-43.964945,2,2,1,1.0,71.27,250.0,oeste,Buritis,12/08/18,Rua Vitorio Magnavacca,145
3234999,300000.0,54.0,-19.882246,-43.91889900000001,2,2,1,2.0,1250.0,235.0,nordeste,União,12/08/18,Rua Camilo Prates,737
3238988,300000.0,140.0,-19.869435100000004,-43.98820069999999,3,2,0,1.0,65.0,100.0,pampulha,Ouro Preto,12/08/18,Rua Brasiléia,608
3244202,300000.0,96.0,-19.879343,-44.00134600000001,3,1,1,1.0,70.0,250.0,pampulha,Castelo,12/08/18,Rua Castelo Santarém,51
3245938,300000.0,60.0,-19.878959299999998,-43.9982225,2,1,1,2.0,110.0,100.0,pampulha,Pampulha,12/08/18,Rua Castelo Guimarães,187
3249039,300000.0,81.25,-19.8253,-43.95405,3,2,1,2.0,86.15,430.0,norte,Planalto,12/08/18,Rua Francisco Augusto Rocha,66
191039,305000.0,75.0,-19.8798408,-43.991803999999995,3,1,1,1.0,124.92,280.0,pampulha,Paquetá,12/08/18,Rua Gustavo Ladeira,11
3236009,307400.0,68.0,-19.872263399999998,-43.92109770000002,3,2,1,1.0,70.0,354.0,nordeste,Fernão Dias,12/08/18,Rua Doresópolis,591
349948,308900.0,63.0,-19.9205033,-43.90337169999998,3,1,1,1.0,72.0,200.0,leste,Paraíso,12/08/18,Rua Aureliano Magalhães,432
338365,309900.0,120.0,-19.895426999999998,-43.93199909999999,3,2,0,1.0,84.19,333.0,nordeste,Nova Floresta,12/08/18,Rua São Gonçalo,872
55256,310000.0,72.0,-19.915750759195348,-43.96969709332046,3,1,1,1.0,63.72,200.0,noroeste,Padre Eustáquio,12/08/18,Rua Wilson Mendes,115
63003,310000.0,111.0,-19.95872228228269,-43.96725827514649,4,2,1,1.0,80.0,400.0,oeste,Nova Barroca,12/08/18,Rua Paulo Piedade Campos,680
141877,310000.0,70.0,-19.9093145,-43.9180485,3,1,0,1.0,72.74,240.0,leste,Horto,12/08/18,Rua Manuel Caillaux,190
216985,310000.0,60.0,-19.9201287,-43.96135240000001,2,2,0,1.0,60.0,350.0,oeste,Prado,12/08/18,Rua dos Pampas,538
2859621,310000.0,72.0,-19.975021899999998,-43.9631235,2,1,1,2.0,97.0,250.0,oeste,Buritis,12/08/18,Rua Jandiatuba,100
3233652,310000.0,73.81,-19.9315928,-43.91846440000001,2,2,0,1.0,94.54,350.0,leste,São Lucas,12/08/18,Rua Camões,390
3255569,310000.0,80.0,-19.8427889,-43.92931520000002,3,2,1,2.0,75.0,150.0,norte,Guarani,12/08/18,Rua Carimbé,77
3256778,310000.0,63.57,-19.9209538,-43.90790759999999,2,1,0,0.0,66.97,350.0,leste,Paraíso,12/08/18,Rua Cônego Pinheiro,22
146282,315000.0,85.0,-19.8881128,-43.99456120000002,3,1,1,2.0,75.0,350.0,pampulha,Pampulha,12/08/18,Rua Elson Nunes de Souza,730
221838,315000.0,82.53,-19.892916,-43.93117440000003,4,1,1,1.0,96.02,300.0,nordeste,Silveira,12/08/18,Rua São Claret,409
348195,315000.0,70.0,-19.8818949,-44.00955650000003,3,2,1,2.0,119.01,390.0,pampulha,Serrano,12/08/18,Rua Shirley Regina das Chagas,50
1348214,315000.0,60.0,-19.8831701,-43.92144150000002,2,2,1,2.0,100.0,250.0,nordeste,União,12/08/18,Rua Domingos Fernandes,246
349806,318000.0,100.0,-19.9603493,-43.96567349999998,4,3,1,1.0,77.2,450.0,oeste,Estoril,12/08/18,Rua Paulo Piedade Campos,680
354841,319000.0,90.05,-19.8922533,-43.990931199999984,2,1,0,1.0,93.84,200.0,pampulha,Paquetá,12/08/18,Rua Francisca Santos Anastásia,333
65606,320000.0,80.0,-19.8245289,-43.96908300000001,3,1,1,2.0,65.0,290.0,pampulha,Santa Mônica,12/08/18,Rua Visconde de Taunay,912
135465,320000.0,83.0,-19.86761,-43.98520020000001,3,1,1,1.0,0.0,326.0,pampulha,Ouro Preto,12/08/18,Avenida Fleming,871
164272,320000.0,80.0,-19.948872199999997,-43.94305829999996,3,3,1,1.0,124.0,200.0,centro-sul,Santo Antônio,12/08/18,Rua Deputado Álvaro Sales,380
331697,320000.0,86.75,-19.904729500000002,-43.91905439999999,3,1,0,1.0,74.46,260.0,leste,Sagrada Família,12/08/18,Rua Horizontal,183
348463,320000.0,45.0,-19.9747508,-43.96487450000001,1,2,1,1.0,123.42,400.0,oeste,Buritis,12/08/18,Rua Henrique Furtado Portugal,83
1614037,320000.0,108.25,-19.8909955,-43.925116300000006,3,1,1,1.0,106.68,170.0,leste,Cidade Nova,12/08/18,Rua Afonso Pena Júnior,119
3235362,320000.0,64.9,-19.889810100000002,-43.9350503,3,1,1,1.0,90.69,250.0,nordeste,Renascença,12/08/18,Rua Mossoró,150
3240645,320000.0,95.0,-19.9263924,-43.91693670000001,3,2,0,1.0,100.0,123.0,centro-sul,Santa Efigênia,12/08/18,Rua Tenente Anastácio de Moura,1000
3253916,320000.0,80.0,-19.962399800000004,-43.96563520000001,3,2,0,2.0,81.0,370.0,oeste,Havaí,12/08/18,Rua Paulo Piedade Campos,909
817999,325000.0,56.48,-19.8995219,-43.9300907,2,2,1,1.0,1057.0,430.0,leste,Graça,12/08/18,Rua Juacema,85
2054149,325000.0,66.0,-19.8752343,-43.9303425,2,2,1,1.0,98.0,335.0,nordeste,Palmares,12/08/18,Rua Joaquim Ribeiro Costa,430
54325,330000.0,74.0,-19.9714034,-43.97304800000001,2,2,1,1.0,100.0,300.0,oeste,Buritis,12/08/18,Rua Ulisses Marcondes Escobar,109
407309,330000.0,36.0,-19.9353037,-43.93172659999999,1,1,0,1.0,110.36,500.0,centro-sul,Savassi,12/08/18,Rua Rio Grande do Norte,641
1896784,330000.0,101.0,-19.9293586,-43.97023389999998,3,3,1,1.0,87.58,200.0,oeste,Prado,12/08/18,Rua Contria,236
2399528,330000.0,112.23,-19.979689699999998,-43.96552889999998,3,3,1,2.0,145.0,350.0,oeste,Buritis,12/08/18,Rua Esmeraldo Botelho,212
3241049,330000.0,86.0,-19.873972390638567,-43.91742605994113,3,2,1,2.0,106.0,250.0,nordeste,Fernão Dias,12/08/18,Rua Paulista,835
3251850,330000.0,75.0,-19.884973000000002,-43.92399899999998,2,2,1,1.0,146.24,420.0,leste,Cidade Nova,12/08/18,Rua Carvalhais de Paiva,260
362427,334039.05,109.98,-19.9223863,-44.00968590000002,2,1,1,2.0,135.0,368.8,noroeste,Dom Cabral,12/08/18,Avenida das Castanholas,246
363066,334039.05,109.98,-19.922333399999996,-44.01018779999998,2,2,1,2.0,135.0,368.8,noroeste,João Pinheiro,12/08/18,Avenida das Castanholas,246
144188,335000.0,75.0,-19.872345199999998,-43.9513346,3,2,1,2.0,82.08,338.0,pampulha,São Francisco,12/08/18,Rua Beira-alta,135
160866,335000.0,90.0,-19.869587600000003,-43.93328109999999,3,2,1,2.0,80.0,600.0,nordeste,Palmares,12/08/18,Rua Luiz Zuddio,325
280720,335000.0,75.0,-19.8729503,-43.92153550000001,3,1,1,1.0,95.0,450.0,nordeste,Fernão Dias,12/08/18,Avenida Joaquim José Diniz,20
124952,340000.0,98.0,-19.933792485756587,-43.97117971750486,3,1,0,1.0,78.0,350.0,oeste,Barroca,12/08/18,Rua Campos Eliseos,871
355054,340000.0,69.02,-19.896822,-43.93192999999997,2,1,1,2.0,119.26,200.0,leste,Graça,12/08/18,Rua Jussara,395
1841948,340000.0,105.0,-19.835141,-43.97531860000004,3,2,1,1.0,150.7,65.0,pampulha,Santa Amélia,12/08/18,Rua Heitor Sócrates Cardoso,679
37796,345000.0,70.0,-19.874048199999997,-43.91670550000004,3,2,1,1.0,78.5,270.0,nordeste,Fernão Dias,12/08/18,Rua Doresópolis,591
350571,345000.0,78.0,-19.9304827,-43.9700919,3,2,1,1.0,118.0,670.0,oeste,Prado,12/08/18,Rua Contria,294
3247340,345000.0,82.0,-19.9824005,-43.97995259999999,3,1,1,2.0,82.0,300.0,oeste,Buritis,12/08/18,Avenida Senador José Augusto,80
3256340,345000.0,82.12,-19.8722773,-43.997735600000006,3,1,1,2.0,90.0,450.0,pampulha,Paquetá,12/08/18,Rua Afonso Ferreira Gomes,110
3251722,348000.0,75.0,-19.969860399999998,-43.96889880000003,3,2,1,2.0,120.0,385.0,oeste,Buritis,12/08/18,Rua Ernani Agricola,320
146812,350000.0,80.0,-19.9080231,-43.91947720000002,3,1,0,1.0,82.29,420.0,leste,Sagrada Família,12/08/18,Rua Dona Nancy de Vasconcelos Gomes,173
194404,350000.0,95.0,-19.903026999999998,-43.92757900000004,3,2,1,1.0,120.0,397.0,leste,Sagrada Família,12/08/18,Rua Itajubá,2065
349263,350000.0,85.0,-19.9435835,-43.97495179999999,3,1,1,2.0,80.0,250.0,oeste,Jardim América,12/08/18,Rua Santos,989
420940,350000.0,75.0,-19.943676999999997,-43.928533000000016,3,3,1,1.0,149.24,300.0,centro-sul,Cruzeiro,12/08/18,Rua Oliveira,390
1848014,350000.0,110.0,-19.9692918,-43.97251640000002,4,2,1,2.0,167.87,350.0,oeste,Buritis,12/08/18,Rua Professor Euclydes Ferreira,153
1907671,350000.0,95.0,-19.8911962,-43.92533900000001,3,1,0,1.0,131.0,240.0,leste,Cidade Nova,12/08/18,Rua Paulo Nunes Vieira,64
3243806,350000.0,79.49,-19.905542999999998,-43.92492099999998,2,2,1,1.0,119.41,310.0,leste,Sagrada Família,12/08/18,Rua Célia de Sousa,322
3245087,350000.0,120.0,-19.905801500000003,-43.93919010000002,3,2,1,1.0,71.77,190.0,nordeste,Lagoinha,12/08/18,Rua Galena,79
3256511,350000.0,83.0,-19.892314199999998,-43.90081650000002,3,2,1,1.0,115.81,200.0,leste,Santa Inês,12/08/18,Rua Engenheiro Caldas,78
3257271,350000.0,69.0,-19.950152,-43.926994000000036,2,1,0,1.0,119.06,225.0,centro-sul,Anchieta,12/08/18,Rua Penafiel,190
3238981,353500.0,72.0,-19.961160500000002,-43.972757900000026,3,2,1,2.0,1.0,1.0,oeste,Havaí,12/08/18,Rua Barroso Neto,317
3251335,355000.0,69.85,-19.9763904,-43.97638899999998,2,2,1,1.0,122.18,400.0,oeste,Buritis,12/08/18,Rua Eli Seabra Filho,100
166218,360000.0,80.0,-19.914754300000002,-43.96159840000002,3,2,1,2.0,90.0,250.0,noroeste,Padre Eustáquio,12/08/18,Rua Porto Alegre,297
2858306,360000.0,66.0,-19.8862943,-43.9247216,2,1,0,1.0,125.0,250.0,leste,Cidade Nova,12/08/18,Rua Cardeal Stepinac,555
3233563,360000.0,88.0,-19.9694514,-43.96896700000002,3,2,1,2.0,125.0,320.0,oeste,Buritis,12/08/18,Rua Ulisses Marcondes Escobar,311
3239835,360000.0,90.0,-19.8825018,-43.93282909999999,2,2,0,1.0,98.1,225.0,nordeste,Nova Floresta,12/08/18,Rua Ozanam,20
162911,365000.0,90.0,-19.887988663406134,-43.927028222229005,3,1,1,1.0,127.97,225.0,leste,Cidade Nova,12/08/18,Rua Tabelião Ferreira de Carvalho,225
3241164,365000.0,120.0,-19.912475399999998,-43.95925379999999,3,2,1,2.0,85.0,215.0,noroeste,Padre Eustáquio,12/08/18,Rua Prados,544
3245316,365000.0,130.0,-19.9546575,-43.97676780000001,3,1,1,2.0,111.42,280.0,oeste,Palmeiras,12/08/18,Rua Peônia,352
787341,369000.0,103.4,-19.9203382,-43.93826179999997,3,2,1,0.0,100.0,550.0,centro-sul,Centro,12/08/18,Avenida Afonso Pena,398
200412,370000.0,90.0,-19.9748935,-43.96406379999996,3,2,1,2.0,140.0,350.0,oeste,Buritis,12/08/18,Rua Aripuana,95
337197,370000.0,70.0,-19.962144199999997,-43.98025710000002,3,1,1,2.0,106.87,384.0,oeste,Betânia,12/08/18,Rua Júlio de Castilho,1050
347830,370000.0,64.85,-19.8959074,-43.99690399999997,3,2,1,2.0,115.84,260.0,pampulha,Manacás,12/08/18,Rua Raimunda Simões da Silva,83
357761,370000.0,100.0,-19.9269042,-43.96824879999997,3,2,1,2.0,85.0,280.0,oeste,Prado,12/08/18,Rua Turquesa,1382
362224,370000.0,82.0,-19.8577371,-43.93954009999999,3,2,1,2.0,113.0,250.0,pampulha,Dona Clara,12/08/18,Rua Desembargador Fernando Bhering,402
455205,370000.0,70.0,-19.9694401,-43.96692459999997,3,2,1,1.0,99.77,370.0,oeste,Buritis,12/08/18,Rua Walter Guimarães Figueiredo,275
812196,370000.0,89.0,-19.926143600000003,-43.992423299999984,3,1,1,1.0,104.0,291.0,noroeste,Coração Eucarístico,12/08/18,Rua Dom Aristides Porto,124
1696003,370000.0,82.0,-19.8994935,-43.92603489999999,3,2,1,2.0,123.0,250.0,leste,Sagrada Família,12/08/18,Rua São Lázaro,1164
161916,371000.0,77.66,-19.8715505,-43.92215770000002,3,2,1,1.0,103.94,380.0,nordeste,São Paulo,12/08/18,Rua Aiuruoca,25
363820,372000.0,75.0,-19.9495018,-43.97051620000002,3,2,1,2.0,124.81,125.0,oeste,Jardim América,12/08/18,Rua Lindolfo de Azevedo,2611
358236,375000.0,107.0,-19.8912306,-43.998578899999984,2,2,0,2.0,112.0,350.0,pampulha,Manacás,12/08/18,Rua Doutor Luís Ratton,108
1349380,375000.0,110.0,-19.9712921,-43.96999549999998,3,2,1,2.0,142.0,450.0,oeste,Buritis,12/08/18,Rua Stella Hanriot,165
2094967,375000.0,119.54,-19.8876268,-43.89277849999996,2,2,1,2.0,1.0,0.01,leste,Boa Vista,12/08/18,Rua José Silva Passos,450
3246879,375000.0,64.0,-19.9756496,-43.97644939999998,2,1,1,1.0,113.0,400.0,oeste,Buritis,12/08/18,Rua Eli Seabra Filho,100
129064,380000.0,35.0,-19.9245782,-43.94161700000001,1,0,1,1.0,121.41,395.0,centro-sul,Lourdes,12/08/18,Rua São Paulo,1636
161408,380000.0,75.0,-19.873016699999997,-43.99108910000001,3,1,1,2.0,83.4,380.0,pampulha,Ouro Preto,12/08/18,Rua José Ribeiro Filho,396
179123,380000.0,63.51,-19.9286067,-43.96244960000002,2,2,1,1.0,106.46,290.0,oeste,Prado,12/08/18,Rua Esmeralda,319
303276,380000.0,78.0,-19.8821401,-43.92606119999999,3,1,1,1.0,133.45,300.0,nordeste,União,12/08/18,Rua Lincoln,157
339599,380000.0,100.0,-19.883765,-43.92407879999996,3,2,1,2.0,117.08,270.0,nordeste,União,12/08/18,Rua Pitt,636
341107,380000.0,132.0,-19.878630800000003,-43.91938200000004,2,1,1,2.0,80.0,260.0,nordeste,União,12/08/18,Rua Walace,269
346816,380000.0,88.0,-19.970606600000004,-43.97115680000002,3,2,1,2.0,120.84,320.0,oeste,Buritis,12/08/18,Rua Ulisses Marcondes Escobar,311
347172,380000.0,100.0,-19.9739086,-43.97098349999999,3,2,1,2.0,115.38,360.0,oeste,Buritis,12/08/18,Rua Sílvio de Oliveira Martins,236
359726,380000.0,58.16,-19.974294699999998,-43.9722031,2,1,1,2.0,135.84,481.7,oeste,Estoril,12/08/18,Rua Tereza Mota Valadares,273
362351,380000.0,45.0,-19.9365498,-43.9251208,1,1,1,1.0,134.38,1662.0,centro-sul,Lourdes,12/08/18,Avenida do Contorno,7315
1691233,380000.0,35.97,-19.929837600000003,-43.930326000000036,1,1,1,1.0,117.63,523.6,centro-sul,Funcionários,12/08/18,Rua Rio Grande do Norte,641
3228684,380000.0,80.0,-19.9756504,-43.97643060000002,2,2,1,1.0,111.0,330.0,oeste,Buritis,12/08/18,Rua Eli Seabra Filho,100
3243299,380000.0,67.0,-19.871354,-43.93970170000001,2,2,1,2.0,169.0,259.0,nordeste,Palmares,12/08/18,Rua Jorge Angel Livraga,154
3250922,380000.0,105.0,-19.970697,-43.97254909999998,3,3,1,2.0,175.0,300.0,oeste,Estoril,12/08/18,Rua Maria Heilbuth Surette,1223
3258462,380000.0,80.0,-19.9021038,-43.97327840000003,2,1,0,1.0,67.0,150.0,noroeste,Caiçaras,12/08/18,Rua Anhangaí,350
159575,381940.1,62.55,-19.8676907,-43.994663300000006,2,2,1,2.0,0.01,460.0,pampulha,Paquetá,12/08/18,Rua Frei Martinho Burnier,721
1832124,382322.52,95.0,-19.9440415,-43.9717776,3,1,0,2.0,0.0,180.0,oeste,Jardim América,12/08/18,Rua Gama Cerqueira,1123
159574,382549.48,62.13,-19.8676907,-43.994663300000006,2,2,1,2.0,0.01,460.0,pampulha,Paquetá,12/08/18,Rua Frei Martinho Burnier,721
159576,382549.48,62.13,-19.8676907,-43.994663300000006,2,2,1,2.0,0.01,460.0,pampulha,Paquetá,12/08/18,Rua Frei Martinho Burnier,721
363836,384224.54,75.0,-19.9495018,-43.97051620000002,3,2,1,2.0,124.81,125.0,oeste,Jardim América,12/08/18,Rua Lindolfo de Azevedo,2611
1931159,385000.0,85.0,-19.9462764,-43.92945510000004,3,1,0,1.0,100.0,200.0,centro-sul,Carmo,12/08/18,Rua Passa Tempo,27
159578,385065.1,62.55,-19.8676907,-43.994663300000006,2,2,1,2.0,0.01,460.0,pampulha,Paquetá,12/08/18,Rua Frei Martinho Burnier,721
363849,388068.09,75.0,-19.9495018,-43.97051620000002,3,2,1,2.0,125.83,125.0,oeste,Jardim América,12/08/18,Rua Lindolfo de Azevedo,2611
66114,389000.0,130.0,-19.950837,-43.958060999999994,4,3,1,2.0,195.0,400.0,centro-sul,Luxemburgo,12/08/18,Rua Doutor Juvenal dos Santos,396
149703,390000.0,87.0,-19.8883892,-43.92644210000003,3,2,1,1.0,104.67,250.0,leste,Cidade Nova,12/08/18,Rua Tabelião Ferreira de Carvalho,509
338851,390000.0,130.0,-19.930882699999998,-43.96865439999999,3,2,1,1.0,75.0,300.0,oeste,Prado,12/08/18,Rua Maranguape,327
356480,390000.0,98.0,-19.979945999999998,-43.97323990000001,3,3,1,2.0,128.0,250.0,oeste,Buritis,12/08/18,Rua Pedro Natalício de Morais,193
3243975,390000.0,78.0,-19.8832376,-43.94013760000002,3,2,1,2.0,165.73,573.0,nordeste,Palmares,12/08/18,Avenida Bernardo Vasconcelos,2061
3250052,390000.0,75.0,-19.9700979,-43.966534799999984,2,2,1,1.0,148.84,556.22,oeste,Buritis,12/08/18,Rua Engenheiro Alberto Pontes,30
3255030,390000.0,85.0,-19.8748134,-43.99157779999996,3,2,1,2.0,85.0,490.0,pampulha,Ouro Preto,12/08/18,Rua José Ribeiro Filho,396
365082,395000.0,117.0,-19.9278544,-43.91563689999998,3,2,1,1.0,75.0,330.0,centro-sul,Santa Efigênia,12/08/18,Rua Juiz Costa Val,91
637040,395000.0,158.03,-19.913648499999997,-43.97587250000004,3,3,0,1.0,141.09,562.0,noroeste,Carlos Prates,12/08/18,Rua Rio Pomba,1444
3242415,395000.0,136.0,-19.933713,-43.9716464,3,2,1,1.0,85.0,250.0,oeste,Barroca,12/08/18,Rua Campos Eliseos,450
1840126,399000.0,65.0,-19.950446499999998,-43.95662449999998,2,1,1,2.0,222.2,629.0,centro-sul,São Bento,12/08/18,Rua Doutor Juvenal dos Santos,324
1682461,400000.0,105.31,-19.9436049,-43.94915770000001,3,2,1,1.0,145.24,300.0,centro-sul,Luxemburgo,12/08/18,Rua Donato da Fonseca,677
3236878,400000.0,95.0,-19.8881569,-43.92433819999997,3,2,1,1.0,135.0,200.0,leste,Cidade Nova,12/08/18,Avenida Doutor Júlio Otaviano Ferreira,344
3243934,400000.0,88.68,-19.8861283,-44.004224300000025,3,1,1,2.0,88.68,300.0,pampulha,Pampulha,12/08/18,Rua Cantor Luiz Gonzaga,453
3251508,400000.0,90.0,-19.955341100000002,-43.93634589999999,3,3,1,1.0,400.0,400.0,centro-sul,Sion,12/08/18,Rua Assunção,365
3257225,402000.0,69.51,-19.8717933,-43.99055929999997,3,1,1,1.0,118.55,365.05,pampulha,Ouro Preto,12/08/18,Rua José Ribeiro Filho,35
1786350,405000.0,106.4,-20.003824899999998,-44.00818870000001,3,2,1,2.0,942.0,200.0,barreiro,Urucuia,12/08/18,Rua Osvaldo Lima e Silva,851
345909,410000.0,170.0,-19.962314300000003,-43.96550430000002,3,2,1,2.0,1104.5,400.0,oeste,Estoril,12/08/18,Rua Paulo Piedade Campos,335
367784,410000.0,84.0,-19.899117699999998,-43.9783309,3,1,1,2.0,85.0,250.0,noroeste,Caiçaras,12/08/18,Rua Pratinha,37
566711,410000.0,152.67,-19.8626002,-43.95509419999996,4,2,0,2.0,1405.1,330.0,pampulha,Liberdade,12/08/18,Rua Boaventura,1319
1843898,410000.0,90.0,-19.948641000000002,-43.942772399999974,3,2,1,1.0,157.8,480.0,centro-sul,Santo Antônio,12/08/18,Rua Guilherme de Almeida,400
3240708,410000.0,130.0,-19.877948999999997,-44.00098300000002,3,2,1,2.0,80.0,250.0,pampulha,Castelo,12/08/18,Rua Castelo de Lisboa,1025
3246759,410000.0,90.0,-19.8328003,-43.94567189999998,3,2,1,2.0,110.0,350.0,norte,Planalto,12/08/18,Rua Professor José Esteves,68
337151,410800.0,76.76,-19.8975063,-43.89446340000001,3,2,1,2.0,120.0,300.0,leste,São Geraldo,12/08/18,Rua Arapari,74
455187,415000.0,91.0,-19.967051899999998,-43.970892799999994,3,2,1,2.0,120.0,600.0,oeste,Buritis,12/08/18,Rua Iracy Manata,98
3256308,415000.0,140.0,-19.83515,-43.97708699999998,3,3,1,2.0,70.0,100.0,pampulha,Santa Amélia,12/08/18,Rua Maria da Conceição Patrus,12
3245638,418000.0,80.0,-19.94771,-43.93699300000003,2,2,1,2.0,128.0,380.0,centro-sul,São Pedro,12/08/18,Rua Padre Severino,461
142554,420000.0,90.0,-19.8847926,-43.924470499999984,3,2,1,1.0,145.55,380.0,leste,Cidade Nova,12/08/18,Rua Elyseu Dias Coelho,20
166264,420000.0,90.0,-19.9135786,-43.91406870000003,3,1,0,1.0,112.0,457.0,leste,Santa Tereza,12/08/18,Rua Barão de Saramenha,472
345080,420000.0,105.0,-19.8928194,-43.9120752,3,3,1,2.0,60.0,200.0,leste,Santa Inês,12/08/18,Rua Conceição do Pará,52
350000,420000.0,90.0,-19.8770207,-43.99946850000004,2,2,1,2.0,99.12,300.0,pampulha,Castelo,12/08/18,Rua Castelo Évora,315
358278,420000.0,140.71,-19.8286099,-43.99483679999997,3,1,1,2.0,1341.77,200.0,pampulha,Céu Azul,12/08/18,Rua José Joaquim dos Santos,411
363324,420000.0,88.09,-19.942908300000003,-43.91507780000001,3,3,1,1.0,181.31,600.0,leste,São Lucas,12/08/18,Rua Capelinha,269
1615797,420000.0,159.0,-19.9266943,-43.93962379999999,3,2,0,0.0,153.83,953.0,centro-sul,Lourdes,12/08/18,Rua Espírito Santo,1111
1672406,420000.0,80.0,-19.8703483,-43.98969579999999,3,2,1,2.0,154.63,500.0,pampulha,Ouro Preto,12/08/18,Rua Flor-de-esparódia,51
3251763,420000.0,160.0,-19.9455234,-43.950517100000006,4,3,1,1.0,142.0,499.0,centro-sul,Coração de Jesus,12/08/18,Rua Conde de Linhares,1093
3254335,420000.0,127.25,-19.936922699999997,-43.98106849999999,3,1,1,2.0,124.5,250.0,oeste,Nova Suíssa,12/08/18,Rua Herculano Pena,102
3257455,420000.0,83.0,-19.9816902,-43.97407959999998,3,2,1,2.0,156.17,431.0,oeste,Buritis,12/08/18,Rua Pedro Natalício de Morais,397
338505,425000.0,85.0,-19.975878299999998,-43.9682406,3,2,1,2.0,136.3,450.0,oeste,Buritis,12/08/18,Rua Doutor Célio Andrade,201
367416,425000.0,90.0,-19.885527300000003,-43.9266864,3,2,1,2.0,181.0,380.0,leste,Cidade Nova,12/08/18,Rua Júlio Pereira da Silva,526
3255519,425000.0,90.56,-19.899324,-43.92967599999997,3,1,1,2.0,149.2,553.0,leste,Graça,12/08/18,Rua Juacema,238
403191,429000.0,86.26,-19.875065,-43.93243999999999,3,1,1,2.0,116.0,340.0,nordeste,Palmares,12/08/18,Rua Coronel Jairo Pereira,51
3240845,429000.0,102.0,-19.974737,-43.967849,3,2,1,2.0,226.22,700.0,oeste,Buritis,12/08/18,Avenida Professor Mário Werneck,2444
129201,430000.0,78.44,-19.9831479,-43.9740693,3,2,1,2.0,104.0,500.0,oeste,Buritis,12/08/18,Avenida Deputado Cristóvam Chiaradia,391
352222,430000.0,88.0,-19.942320000000002,-43.94653199999999,2,1,0,1.0,143.93,489.8,centro-sul,Santo Antônio,12/08/18,Rua Nunes Vieira,388
355341,430000.0,97.0,-19.993702399999997,-44.02015560000001,3,2,1,2.0,112.57,230.0,barreiro,Novo Diamante,12/08/18,Rua Antônio Araújo Penido,330
1819023,430000.0,110.0,-19.87991,-44.01003600000002,3,2,1,2.0,109.82,390.0,pampulha,Serrano,12/08/18,Rua Jornalista Mário Eugênio,165
2708100,430000.0,140.0,-19.9692355,-43.96786659999998,4,2,1,2.0,153.73,350.0,oeste,Buritis,12/08/18,Rua Professora Bartira Mourão,165
3235935,430000.0,120.0,-19.957102600000002,-43.96689279999998,3,4,2,2.0,198.0,300.0,oeste,Estoril,12/08/18,Rua Vereador Nelson Cunha,664
3244623,430000.0,97.0,-19.8867069,-43.892213399999996,3,3,1,2.0,40.0,400.0,leste,Santa Inês,12/08/18,Rua José Silva Passos,300
3245537,430000.0,86.0,-19.889998203244343,-43.930010608459504,3,3,1,1.0,81.4,500.0,nordeste,Silveira,12/08/18,Rua Ilacir Pereira Lima,497
159570,430366.67,74.31,-19.8676907,-43.994663300000006,2,2,1,2.0,0.01,460.0,pampulha,Paquetá,12/08/18,Rua Frei Martinho Burnier,721
337154,431600.0,76.76,-19.8975063,-43.89446340000001,3,2,1,2.0,120.0,300.0,leste,São Geraldo,12/08/18,Rua Arapari,74
53948,435000.0,160.0,-19.9683143,-43.9689095,4,2,1,2.0,118.0,450.0,oeste,Buritis,12/08/18,Rua Tito Guimarães,51
2423082,435000.0,129.0,-19.8262551,-43.95290469999998,2,1,0,1.0,63.0,334.0,norte,Planalto,12/08/18,Rua Francisco Augusto Rocha,106
158395,435033.33,68.15,-19.8676907,-43.994663300000006,2,2,1,2.0,0.01,460.0,pampulha,Paquetá,12/08/18,Rua Frei Martinho Burnier,721
151651,439000.0,78.44,-19.9831479,-43.9740693,3,2,1,2.0,125.0,500.0,oeste,Buritis,12/08/18,Avenida Deputado Cristóvam Chiaradia,391
730497,439000.0,120.0,-19.9707749,-43.97293880000001,4,3,1,1.0,165.0,400.0,oeste,Buritis,12/08/18,Rua Maria Heilbuth Surette,585
158418,440000.0,110.0,-19.8967116,-43.92813200000001,3,2,1,2.0,127.58,200.0,nordeste,Silveira,12/08/18,Rua Juruá,1009
536429,440000.0,105.0,-19.8728956,-43.91966880000001,2,2,0,2.0,150.0,200.0,nordeste,Fernão Dias,12/08/18,Rua Democrata,400
536430,440000.0,105.0,-19.8728956,-43.91966880000001,2,2,0,2.0,150.0,200.0,nordeste,Fernão Dias,12/08/18,Rua Democrata,400
2233065,440000.0,50.0,-19.943120899999997,-43.94857430000002,1,0,1,1.0,184.6,507.0,centro-sul,Cidade Jardim,12/08/18,Avenida Prudente de Morais,70
14859,449000.0,105.0,-19.978692000000002,-43.97016789999998,3,1,1,2.0,220.0,380.0,oeste,Buritis,12/08/18,Rua Alessandra Salum Cadar,345
350949,449000.0,164.39,-19.971053,-43.97394919999999,3,1,1,2.0,168.85,400.0,oeste,Buritis,12/08/18,Rua Maria Heilbuth Surette,338
3235998,449000.0,100.0,-19.9720961,-43.96629039999999,3,1,1,1.0,180.0,505.0,oeste,Buritis,12/08/18,Avenida Professor Mário Werneck,2409
151340,450000.0,104.0,-19.881441,-43.99984699999999,3,3,1,2.0,157.86,500.0,pampulha,Castelo,12/08/18,Rua Castelo Guimarães,438
165503,450000.0,190.0,-19.8851223,-43.94510760000003,3,2,1,1.0,127.26,100.0,nordeste,Cachoeirinha,12/08/18,Rua Cônego Santana,1330
177850,450000.0,90.0,-19.9099884,-43.974126100000035,3,2,1,2.0,80.0,150.0,noroeste,Pedro II,12/08/18,Rua Hematita,584
177894,450000.0,90.0,-19.90981840775575,-43.9740209730469,3,2,1,2.0,80.0,150.0,noroeste,Pedro II,12/08/18,Rua Hematita,584
183583,450000.0,74.0,-19.9194641,-43.91248359999997,3,1,0,1.0,101.0,330.0,centro-sul,Santa Efigênia,12/08/18,Rua Niquelina,236
196541,450000.0,76.85,-19.9056074,-43.90003179999997,3,2,1,2.0,111.78,310.0,leste,São Geraldo,12/08/18,Rua Cravinas,430
346255,450000.0,75.0,-19.899894,-43.93015179999998,3,2,1,2.0,170.0,390.0,nordeste,Silveira,12/08/18,Rua Juacema,49
350578,450000.0,125.0,-19.9696527,-43.971042099999984,3,3,1,2.0,196.11,300.0,oeste,Buritis,12/08/18,Rua Fidélis Martins,25
355207,450000.0,95.0,-19.8973398,-43.93354210000001,3,2,1,1.0,126.63,395.0,nordeste,Silveira,12/08/18,Rua Jataí,350
365139,450000.0,57.77,-19.9260187,-43.91899839999997,2,2,1,2.0,200.0,240.0,centro-sul,Santa Efigênia,12/08/18,Rua Tenente Garro,252
371229,450000.0,131.34,-19.869055399999997,-43.92353259999999,3,2,1,1.0,165.0,250.0,nordeste,Fernão Dias,12/08/18,Rua Aiuruoca,85
1673220,450000.0,190.0,-19.881918399999996,-43.92187560000002,4,3,2,1.0,179.0,300.0,nordeste,União,12/08/18,Rua Dias da Mota,47
1673568,450000.0,190.0,-19.881918399999996,-43.92187560000002,3,3,1,2.0,178.0,300.0,nordeste,União,12/08/18,Rua Dias da Mota,47
1834910,450000.0,180.0,-19.883651800000003,-43.92433510000001,5,3,1,2.0,110.0,350.0,nordeste,União,12/08/18,Rua Pitt,575
2472536,450000.0,70.0,-19.873834,-43.98941500000001,3,1,1,2.0,140.0,500.0,pampulha,Ouro Preto,12/08/18,Rua Professor Domício Murta,121
2494548,450000.0,140.0,-19.883051199999997,-43.9268644,2,2,1,1.0,110.99,280.0,nordeste,União,12/08/18,Rua Flor-de-guambé,173
3234392,450000.0,85.0,-19.9815513,-43.97398090000002,3,3,1,2.0,153.38,803.47,oeste,Buritis,12/08/18,Rua Pedro Natalício de Morais,275
3236698,450000.0,180.0,-19.8578685,-43.94627709999998,3,4,2,2.0,96.82,250.0,pampulha,Dona Clara,12/08/18,Rua Ministro Ivan Lins,479
3237291,450000.0,105.0,-19.888109,-43.93114700000001,3,2,1,2.0,106.46,330.0,nordeste,Silveira,12/08/18,Rua Carlos Turner,285
3243246,450000.0,73.24,-19.926944,-43.96504099999999,3,2,1,1.0,117.0,300.0,oeste,Prado,12/08/18,Rua Turfa,698
3245606,450000.0,100.84,-19.881452,-44.001959899999974,3,2,1,2.0,135.59,170.0,pampulha,Pampulha,12/08/18,Rua Castelo de Windsor,91
3246096,450000.0,80.0,-19.945307500000002,-43.95123860000001,2,3,1,2.0,264.0,1000.0,centro-sul,Luxemburgo,12/08/18,Rua Perdigão Malheiros,686
3253195,450000.0,102.0,-19.8832376,-43.94013760000002,3,2,1,1.0,188.3,750.0,nordeste,Palmares,12/08/18,Avenida Bernardo Vasconcelos,2350
140364,455000.0,130.0,-19.827754000000002,-43.93857020000002,3,2,1,2.0,159.64,400.0,norte,Jardim Guanabara,12/08/18,Rua Alga Verde,77
2397489,455000.0,152.0,-19.912691100000004,-43.920654000000006,4,2,0,1.0,80.5,110.0,leste,Santa Tereza,12/08/18,Rua Pouso Alegre,2575
56283,455045.0,130.0,-19.8296663,-43.93970179999997,3,2,1,2.0,120.0,300.0,norte,Jardim Guanabara,12/08/18,Rua Alga Vermelha,120
535224,459000.0,110.0,-19.8728956,-43.91966880000001,3,2,1,2.0,150.0,200.0,nordeste,Fernão Dias,12/08/18,Rua Democrata,400
30739,460000.0,95.0,-19.879365,-43.99703490000002,3,2,1,2.0,80.0,250.0,pampulha,Castelo,12/08/18,Rua Castelo de Tordesilhas,145
161171,460000.0,83.0,-19.9712587,-43.969361899999974,3,2,1,2.0,139.18,290.0,oeste,Buritis,12/08/18,Rua Cônsul Walter,483
165436,460000.0,58.0,-19.924345153104536,-43.960555086755335,2,1,1,1.0,100.0,200.0,oeste,Prado,12/08/18,Rua Cássia,245
170091,460000.0,95.0,-19.947324899999998,-43.92211859999998,3,2,1,1.0,154.0,283.0,centro-sul,Mangabeiras,12/08/18,Rua Ramalhete,66
1609917,460000.0,80.0,-19.8909449,-43.92990209999999,3,2,1,2.0,126.0,670.0,nordeste,Silveira,12/08/18,Rua Ilacir Pereira Lima,419
1845912,460000.0,97.0,-19.9231518,-43.965486199999994,3,2,1,1.0,84.2,450.0,oeste,Prado,12/08/18,Rua Coronel Pedro Jorge,26
3256035,460000.0,127.0,-19.921283,-43.93654300000003,3,1,1,0.0,159.41,396.0,centro-sul,Centro,12/08/18,Rua da Bahia,1010
340731,465000.0,80.0,-19.9717826,-43.96652740000002,3,3,1,2.0,176.78,700.0,oeste,Buritis,12/08/18,Avenida Professor Mário Werneck,1802
1837444,469000.0,125.0,-19.9378794,-43.948626399999974,4,1,0,1.0,160.0,300.0,centro-sul,Cidade Jardim,12/08/18,Rua Bernardo Mascarenhas,331
137678,470000.0,155.0,-19.9330806,-43.91681619999997,4,2,1,2.0,135.0,960.0,leste,São Lucas,12/08/18,Rua Cabrália,185
190129,470000.0,120.0,-19.9755195,-43.96369470000002,4,3,1,3.0,220.0,580.0,oeste,Buritis,12/08/18,Rua Jandiatuba,107
353794,470000.0,110.0,-19.9375101,-43.961632099999974,3,2,1,2.0,195.0,420.0,oeste,Gutierrez,12/08/18,Rua Oscar Trompowsky,1245
353811,470000.0,90.0,-19.9723998,-43.96539540000003,3,1,1,2.0,200.27,660.0,oeste,Buritis,12/08/18,Rua Doutor Lucídio Avelar,27
834867,470000.0,65.52,-19.9548578,-43.93492200000003,2,2,1,1.0,152.87,550.0,centro-sul,Sion,12/08/18,Rua Califórnia,889
360369,475000.0,80.0,-19.886699899999996,-43.93207960000001,3,3,2,2.0,176.01,200.0,nordeste,Silveira,12/08/18,Rua Seritinga,130
396988,475000.0,160.0,-19.889260999999998,-43.994966999999974,3,3,1,4.0,149.56,300.0,pampulha,Castelo,12/08/18,Rua Cecília Fonseca Coutinho,541
337158,477880.0,76.76,-19.8975063,-43.89446340000001,3,2,1,2.0,120.0,300.0,leste,São Geraldo,12/08/18,Rua Arapari,74
360087,479000.0,130.0,-19.836582,-43.98059799999999,2,1,1,2.0,1.0,1.0,pampulha,Santa Amélia,12/08/18,Rua Maria Cândida Cerqueira,45
61729,480000.0,85.0,-19.969770800000003,-43.96982650000001,3,1,1,2.0,193.9,730.0,oeste,Buritis,12/08/18,Rua Lauro Ferreira,163
143860,480000.0,102.0,-19.975775600000002,-43.96968149999998,3,3,1,2.0,189.38,548.0,oeste,Buritis,12/08/18,Avenida Professor Mário Werneck,2444
169893,480000.0,120.0,-19.9483899,-43.936642800000016,4,2,1,2.0,90.76,350.0,centro-sul,São Pedro,12/08/18,Rua Bolívia,31
363245,480000.0,100.0,-19.821699,-43.983974999999994,3,1,1,2.0,1.0,1.0,venda-nova,Rio Branco,12/08/18,Rua Vera Lúcia,225
818001,480000.0,77.0,-19.9781837,-43.97578909999999,2,2,2,2.0,215.0,350.0,oeste,Buritis,12/08/18,Rua Geraldo Lúcio Vasconcelos,885
1331903,480000.0,88.8,-19.889342000000003,-43.99424669999996,3,1,1,2.0,207.47,700.0,pampulha,Castelo,12/08/18,Rua Elson Nunes de Souza,444
2700019,480000.0,104.0,-19.9681264,-43.9708349,4,2,1,2.0,205.06,420.0,oeste,Buritis,12/08/18,Rua Fidélis Martins,173
3236410,480000.0,90.0,-19.902352899999997,-43.922121800000006,3,3,1,2.0,130.0,330.0,leste,Sagrada Família,12/08/18,Rua Oswaldo Ferraz,476
3242234,480000.0,120.0,-19.9452775,-43.94880860000001,2,2,0,2.0,143.4,385.9,centro-sul,Santo Antônio,12/08/18,Rua Marabá,359
3246850,480000.0,118.0,-19.904403600000002,-43.93730410000001,3,1,1,1.0,77.46,320.0,nordeste,Concórdia,12/08/18,Rua Itamaracá,22
3254944,480000.0,78.0,-19.9331453,-43.97746899999999,3,3,1,2.0,96.0,410.0,oeste,Nova Suíssa,12/08/18,Rua Java,83
3247333,485000.0,88.0,-19.968981,-43.96787280000001,3,2,1,2.0,164.96,837.0,oeste,Buritis,12/08/18,Rua Professora Bartira Mourão,126
2427345,489000.0,84.0,-19.937903100000003,-43.98000660000002,3,1,1,2.0,178.0,430.0,oeste,Salgado Filho,12/08/18,Rua Monte Simplon,1395
140153,490000.0,130.0,-19.9480413,-43.94291529999998,4,3,1,2.0,182.18,800.0,centro-sul,Santo Antônio,12/08/18,Rua Professor Aníbal Mattos,450
337836,490000.0,170.0,-19.882022199999998,-43.99815100000001,3,2,1,2.0,93.0,280000.0,pampulha,Pampulha,12/08/18,Rua Castelo de Abrantes,210
342764,490000.0,140.0,-19.9795919,-43.96609699999999,4,2,1,2.0,173.13,370.0,oeste,Buritis,12/08/18,Rua Esmeraldo Botelho,125
991900,490000.0,120.0,-19.838134699999998,-43.95276569999999,2,3,1,2.0,200.0,250.0,norte,Planalto,12/08/18,Rua Roberto Lúcio Aroeira,481
2843917,490000.0,220.0,-19.9950256,-44.0201798,3,1,1,2.0,900.0,200.0,barreiro,Diamante,12/08/18,Rua Aparecida Feitosa Furtado,55
3243715,490000.0,103.75,-19.979411,-43.96732900000001,3,2,1,3.0,265.0,660.0,oeste,Buritis,12/08/18,Rua Esmeraldo Botelho,157
3250919,490000.0,80.0,-19.9689576,-43.97074739999999,3,2,1,2.0,211.77,852.49,oeste,Buritis,12/08/18,Rua Fidélis Martins,90
1751363,495000.0,96.0,-19.9809905,-43.97499970000001,3,3,1,2.0,155.32,380.0,oeste,Buritis,12/08/18,Rua Geraldo Lúcio Vasconcelos,946
3258165,495000.0,74.83,-19.927648100000003,-43.97827949999999,3,2,1,2.0,122.09,600.0,oeste,Nova Suíssa,12/08/18,Rua Campos Sales,530
3247491,497000.0,96.0,-19.8994935,-43.92603489999999,3,2,1,2.0,208.0,550.0,leste,Sagrada Família,12/08/18,Rua São Lázaro,1394
352482,498000.0,70.42,-19.8585135,-43.95730359999999,3,2,1,2.0,100.0,400.0,pampulha,Liberdade,12/08/18,Rua Boaventura,1935
170327,499000.0,105.0,-19.972507500000003,-43.96740940000001,3,3,1,2.0,185.49,760.0,oeste,Buritis,12/08/18,Rua Ernani Agricola,6
346667,499000.0,110.0,-19.9441433,-43.9587626,3,2,1,2.0,294.0,1200.0,oeste,Gutierrez,12/08/18,Rua Professor Baroni,250
345154,500000.0,105.0,-19.8701355,-43.9200275,3,1,1,2.0,110.0,280.0,nordeste,Fernão Dias,12/08/18,Rua Jornalista Theódulo Pereira,55
346946,500000.0,101.0,-19.9750049,-43.96667780000002,3,3,1,2.0,184.45,690.0,oeste,Buritis,12/08/18,Rua José Hemetério Andrade,430
362913,500000.0,120.0,-19.9494285,-43.93328380000003,3,2,0,1.0,144.0,370.0,centro-sul,Sion,12/08/18,Rua Boa Esperança,423
395060,500000.0,100.0,-19.983609,-43.97418700000003,4,2,1,2.0,161.0,500.0,oeste,Buritis,12/08/18,Avenida Deputado Cristóvam Chiaradia,430
3236754,500000.0,152.03,-19.949331,-43.96912509999999,3,3,1,1.0,119.46,200.0,oeste,Jardim América,12/08/18,Rua Professor Tavares Paes,462
3246398,500000.0,210.0,-19.8681826,-43.930632,3,3,1,2.0,104.0,250.0,nordeste,Palmares,12/08/18,Rua Divinolândia de Minas,64
161411,510000.0,185.0,-19.897080600000002,-43.99795080000001,3,2,1,3.0,140.0,160.0,pampulha,Manacás,12/08/18,Rua Raul Seixas,634
358904,510000.0,97.0,-19.9676213,-43.959359000000006,3,3,1,2.0,176.46,400.0,oeste,Estoril,12/08/18,Rua Olympio Teixeira Guimarães,25
362685,510000.0,85.0,-19.9316776,-43.975216999999994,3,2,1,2.0,0.0,200.0,oeste,Nova Suíssa,12/08/18,Rua Helianto,178
1381802,510000.0,100.0,-19.8885618,-43.92897219999998,3,2,1,2.0,160.2,300.0,leste,Cidade Nova,12/08/18,Avenida Cristiano Machado,1616
1700342,510000.0,105.0,-19.978892300000002,-43.9698257,3,3,1,2.0,219.37,380.0,oeste,Buritis,12/08/18,Avenida Protásio de Oliveira Penna,253
1783156,510000.0,138.61,-19.8262551,-43.95290469999998,2,2,0,2.0,85.0,300.0,pampulha,Itapoã,12/08/18,Rua Francisco Augusto Rocha,106
3238942,510400.0,144.0,-19.961160500000002,-43.972757900000026,3,2,1,3.0,1.0,1.0,oeste,Havaí,12/08/18,Rua Barroso Neto,317
267473,515000.0,95.0,-19.888189999999998,-43.99617260000002,3,2,1,2.0,190.0,450.0,pampulha,Castelo,12/08/18,Rua Desembargador José Satyro,324
362682,515000.0,162.0,-19.9414017,-43.97503589999997,2,1,1,2.0,0.0,260.0,oeste,Jardim América,12/08/18,Rua Lindolfo de Azevedo,1305
615459,515000.0,110.0,-19.9756669,-43.9764303,3,2,1,2.0,210.0,1257.86,oeste,Buritis,12/08/18,Rua Eli Seabra Filho,157
3240861,515000.0,85.0,-19.968950600000003,-43.9708109,3,1,1,2.0,205.0,770.0,oeste,Buritis,12/08/18,Rua Fidélis Martins,90
137472,520000.0,84.0,-19.8758709,-43.98791560000001,3,2,1,2.0,180.0,400.0,pampulha,Ouro Preto,12/08/18,Rua Senador Firmino,355
148817,520000.0,90.0,-19.903420399999998,-43.922396299999996,3,3,1,2.0,157.72,380.0,leste,Sagrada Família,12/08/18,Rua Doutor Vieira Marques,985
155317,520000.0,135.0,-19.925548899999995,-43.9435891,3,1,0,0.0,54.71,600.0,centro-sul,Lourdes,12/08/18,Avenida Bias Fortes,1150
1528762,520000.0,165.0,-19.9331573,-43.96992569999998,3,2,1,3.0,78.87,350.0,oeste,Prado,12/08/18,Rua Viamão,347
2756312,520000.0,83.94,-19.9722284,-43.97502659999998,3,3,1,3.0,155.31,350.0,oeste,Buritis,12/08/18,Rua Orlando Moretzsohn,47
171571,525000.0,83.0,-19.9819183,-43.9763011,3,2,1,2.0,154.27,542.04,oeste,Buritis,12/08/18,Rua Rubens Caporali Ribeiro,533
326832,525000.0,72.77,-19.899666600000003,-43.967790199999975,2,2,1,2.0,207.88,514.37,pampulha,Ouro Preto,12/08/18,Rua Agostinho Bretas,8
1672647,529000.0,76.0,-19.8704618,-43.92972090000001,3,2,1,2.0,139.9,350.0,nordeste,Palmares,12/08/18,Rua Nelson Lemos de Carvalho,43
341601,530000.0,100.0,-19.934269,-43.96887700000002,3,3,1,2.0,80.0,420.0,oeste,Grajaú,12/08/18,Rua Contria,1278
346305,530000.0,97.0,-19.8582721,-43.943926000000026,3,0,0,2.0,100.0,200.0,pampulha,Jaraguá,12/08/18,Rua Paulino Vaz de Melo,169
359071,530000.0,170.0,-19.871845,-43.93195400000002,4,3,1,2.0,139.77,400.0,nordeste,Palmares,12/08/18,Rua Joviano Naves,244
365348,530000.0,170.45,-19.945871,-43.97451699999999,3,2,1,3.0,228.0,250.0,oeste,Jardim América,12/08/18,Rua Corcovado,562
366825,530000.0,155.0,-19.858015771750857,-43.95720878944093,4,1,2,2.0,104.36,200.0,pampulha,Pampulha,12/08/18,Rua General Aranha,452
3246853,530000.0,85.0,-19.972639899999997,-43.968452000000006,3,2,1,2.0,189.84,596.47,oeste,Buritis,12/08/18,Rua Stella Hanriot,420
1675198,535000.0,120.0,-19.975128,-43.96672699999999,2,1,1,3.0,130.0,400.0,oeste,Buritis,12/08/18,Rua Marco Aurélio de Miranda,120
536431,539000.0,140.0,-19.8728956,-43.91966880000001,3,2,1,2.0,170.0,200.0,nordeste,Fernão Dias,12/08/18,Rua Democrata,400
37311,540000.0,155.0,-19.968602,-43.96777420000001,4,1,1,2.0,166.68,700.0,oeste,Buritis,12/08/18,Rua Professora Bartira Mourão,406
45700,545000.0,120.0,-19.977600919863136,-43.97235464655762,3,1,1,2.0,254.0,720.0,oeste,Buritis,12/08/18,Rua Pedro Natalício de Morais,74
337150,549120.0,127.47,-19.8975063,-43.89446340000001,3,2,1,2.0,120.0,300.0,leste,São Geraldo,12/08/18,Rua Arapari,74
28677,550000.0,150.0,-19.9946014,-44.01925219999998,3,1,1,2.0,62.0,180.0,barreiro,Diamante,12/08/18,Rua Aparecida Feitosa Furtado,186
138416,550000.0,188.0,-19.919573800000002,-43.93969349999998,4,3,0,0.0,88.2,550.0,centro-sul,Centro,12/08/18,Avenida Amazonas,718
336560,550000.0,88.41,-19.8782389,-43.9955349,3,2,1,3.0,185.0,700.0,pampulha,Castelo,12/08/18,Rua Castelo de Avis,65
346355,550000.0,100.0,-19.8734213,-43.93028090000002,3,2,1,2.0,191.0,330.0,nordeste,Palmares,12/08/18,Rua Nestor Soares de Melo,277
351376,550000.0,150.0,-19.9481535,-43.92271549999998,4,3,1,2.0,205.62,580.0,centro-sul,Cruzeiro,12/08/18,Rua Muzambinho,265
352051,550000.0,150.0,-19.9741885,-43.97079420000001,4,3,1,3.0,284.2,660.0,oeste,Buritis,12/08/18,Rua Sílvio de Oliveira Martins,61
367237,550000.0,174.0,-19.8603242,-43.94721559999999,5,2,1,2.0,75.0,200.0,pampulha,Santa Rosa,12/08/18,Rua Irmã Eufêmia,180
606161,550000.0,145.0,-19.9681264,-43.9708349,4,1,1,3.0,330.0,530.0,oeste,Buritis,12/08/18,Rua Fidélis Martins,303
1822994,550000.0,126.5,-19.9743805,-43.96667780000002,4,2,1,2.0,250.0,1100.0,oeste,Buritis,12/08/18,Rua José Hemetério Andrade,91
2384267,550000.0,79.0,-19.9511961,-43.92506600000002,2,1,1,1.0,209.36,811.0,centro-sul,Cruzeiro,12/08/18,Rua Luiz Silva,45
3242205,550000.0,116.0,-19.895048499999998,-43.93027870000003,3,2,1,2.0,160.0,550.0,nordeste,Silveira,12/08/18,Rua Vicente de Paulo Almeida,221
3247486,550000.0,78.0,-19.881093,-43.93091429999998,3,3,0,2.0,151.0,700.0,nordeste,Ipiranga,12/08/18,Rua Maura,1001
3249745,550000.0,93.34,-19.9692976,-43.9689841,3,3,1,2.0,240.0,650.0,oeste,Buritis,12/08/18,Rua Ernani Agricola,242
3250260,550000.0,88.0,-19.882498499999997,-43.9279904,3,2,1,2.0,122.33,600.0,nordeste,União,12/08/18,Rua Flor-de-jequitibá,183
348731,555000.0,110.0,-19.9694514,-43.96896700000002,4,3,1,2.0,205.0,430.0,oeste,Buritis,12/08/18,Rua Ernani Agricola,170
1690798,560000.0,93.42,-19.907712600000004,-43.91914059999999,3,3,1,2.0,136.54,300.0,leste,Sagrada Família,12/08/18,Rua Alexandre Tourinho,315
3244098,560000.0,105.39,-19.972639899999997,-43.968452000000006,4,3,1,3.0,243.04,695.0,oeste,Buritis,12/08/18,Rua Stella Hanriot,420
337816,570000.0,100.0,-19.945078,-43.95127680000002,3,3,1,2.0,258.41,850.0,centro-sul,Luxemburgo,12/08/18,Rua Doutor Juvenal dos Santos,227
359501,570000.0,144.0,-19.943213399999998,-43.94601620000003,2,2,0,2.0,166.16,475.68,centro-sul,Santo Antônio,12/08/18,Rua Carlos Gomes,272
3244142,570000.0,123.0,-19.974188899999998,-43.971065100000025,3,3,1,3.0,233.0,600.0,oeste,Buritis,12/08/18,Rua Cônsul Walter,203
3254860,570000.0,104.0,-19.9750305,-43.96290669999996,3,3,1,2.0,219.0,700.0,oeste,Buritis,12/08/18,Rua Jandiatuba,52
13191,575000.0,66.0,-19.925085,-43.960174,2,3,1,2.0,110.0,250.0,oeste,Prado,12/08/18,Rua Chapecó,165
3249673,575000.0,136.58,-19.928757,-43.97036000000003,3,2,1,2.0,117.15,350.0,oeste,Prado,12/08/18,Rua João da Cunha,50
117632,580000.0,172.0,-19.8927831,-43.925242499999975,3,2,1,1.0,182.3,330.0,leste,Cidade Nova,12/08/18,Rua Francisco de Paula Castro,401
152669,580000.0,120.0,-19.8711656,-43.9346066,3,2,1,2.0,124.98,330.0,nordeste,Palmares,12/08/18,Rua Itajaí,91
166364,580000.0,74.57,-19.9191735,-43.96424279999997,3,2,1,2.0,139.49,530.0,oeste,Prado,12/08/18,Rua dos Pampas,990
177788,580000.0,85.0,-19.9688753,-43.97085379999999,3,2,1,2.0,188.05,690.0,oeste,Buritis,12/08/18,Rua Fidélis Martins,90
340285,580000.0,73.49,-19.895932100000003,-43.9287223,3,2,1,2.0,120.0,424.0,leste,Graça,12/08/18,Rua Juruá,422
340297,580000.0,73.49,-19.895932100000003,-43.9287223,3,2,1,2.0,120.0,424.0,leste,Graça,12/08/18,Rua Juruá,422
355186,580000.0,105.0,-19.9798708,-43.97422219999999,3,1,1,2.0,205.0,710.87,oeste,Buritis,12/08/18,Avenida Deputado Cristóvam Chiaradia,395
1841945,580000.0,105.0,-19.9713389,-43.9706832,4,3,1,3.0,245.8,825.0,oeste,Buritis,12/08/18,Rua Stella Hanriot,518
3237015,580000.0,180.0,-19.9074823,-43.939364899999994,4,2,1,1.0,114.83,250.0,nordeste,Lagoinha,12/08/18,Rua Itinga,60
3244637,580000.0,106.0,-19.969344800000002,-43.963485799999994,3,1,1,2.0,225.92,992.15,oeste,Estoril,12/08/18,Rua José Rodrigues Pereira,1218
3245854,580000.0,75.0,-19.918867499999998,-43.966160400000035,3,3,1,2.0,130.0,550.0,oeste,Prado,12/08/18,Rua dos Pampas,990
3258204,580000.0,60.0,-19.935235600000002,-43.95561729999997,2,2,1,2.0,180.28,692.0,oeste,Gutierrez,12/08/18,Rua Ludgero Dolabela,390
21623,584000.0,79.1,-19.909862,-43.92615599999999,3,2,1,2.0,181.47,700.0,leste,Sagrada Família,12/08/18,Rua Campestre,40
3251674,589000.0,81.0,-19.9478611,-43.95956510000002,2,3,1,2.0,320.0,650.0,centro-sul,Luxemburgo,12/08/18,Rua Flavita Bretas,201
166991,590000.0,110.0,-19.9678115,-43.96630540000001,3,2,1,2.0,219.0,1100.0,oeste,Buritis,12/08/18,Rua Engenheiro Alberto Pontes,427
171754,590000.0,212.0,-19.8936699,-43.93027960000001,4,4,1,3.0,167.0,400.0,nordeste,Silveira,12/08/18,Rua Ana de Carvalho Silveira,287
206423,590000.0,100.0,-19.8776195,-43.930578800000035,4,2,1,2.0,150.0,850.0,nordeste,Palmares,12/08/18,Rua Wilson Modesto Ribeiro,185
340726,590000.0,146.0,-19.968462600000002,-43.96770179999999,3,3,1,2.0,264.0,1225.0,oeste,Buritis,12/08/18,Rua Professora Bartira Mourão,209
517085,590000.0,228.0,-19.947471263435336,-43.93625944019777,4,1,1,2.0,181.0,400.0,centro-sul,São Pedro,12/08/18,Rua Campo Belo,64
532031,590000.0,160.0,-19.868745999999998,-43.923362,3,2,1,2.0,193.25,200.0,nordeste,Fernão Dias,12/08/18,Rua Aiuruoca,85
953026,590000.0,89.91,-19.968775,-43.96980500000001,3,2,2,2.0,205.0,650.0,oeste,Buritis,12/08/18,Rua Lauro Ferreira,101
128275,595000.0,66.0,-19.9273232,-43.923792299999995,2,2,1,2.0,266.23,260.0,centro-sul,Santa Efigênia,12/08/18,Rua Romano Stochiero,39
354711,595000.0,145.0,-19.9752018,-43.96544269999998,3,3,2,2.0,170.0,396.0,oeste,Buritis,12/08/18,Rua José Hemetério Andrade,160
345360,595602.0,83.83,-19.884339999999998,-43.93362000000002,3,1,1,2.0,150.0,650.0,nordeste,Palmares,12/08/18,Rua Princesa Leopoldina,163
1895726,599000.0,220.0,-19.9727633,-43.97379180000002,3,3,1,2.0,260.0,450.0,oeste,Estoril,12/08/18,Rua Maria Heilbuth Surette,484
51683,600000.0,118.0,-19.8860951,-43.89048539999999,4,4,1,2.0,31.6,480.0,leste,Santa Inês,12/08/18,Rua José Silva Passos,300
165513,600000.0,170.0,-19.9712643,-43.9696434,4,2,2,3.0,296.0,450.0,oeste,Buritis,12/08/18,Rua Stella Hanriot,186
170533,600000.0,85.0,-19.9700461,-43.97090800000001,3,2,1,2.0,176.5,690.0,oeste,Buritis,12/08/18,Rua Fidélis Martins,90
355018,600000.0,110.0,-19.857225500000002,-43.94582379999997,4,2,1,2.0,167.07,280.0,pampulha,Jaraguá,12/08/18,Rua Luiz Chagas Carvalho,325
363955,600000.0,180.0,-19.9266948,-43.981330800000016,4,4,1,2.0,110.0,375.0,oeste,Nova Suíssa,12/08/18,Rua Genebra,526
1525381,600000.0,220.0,-19.928899800000003,-43.97029789999999,4,2,1,1.0,80.0,310.0,oeste,Prado,12/08/18,Rua Contria,520
3234916,600000.0,200.0,-19.8453324,-43.97500479999997,4,4,1,2.0,99.98,80.0,pampulha,Santa Branca,12/08/18,Rua das Canárias,879
3251600,600000.0,260.0,-19.9269,-43.96445210000002,4,2,0,1.0,73.0,350.0,oeste,Prado,12/08/18,Rua Cura D Ars,588
3253053,600000.0,230.0,-19.838515899999997,-43.95228050000003,4,1,1,3.0,155.0,350.0,pampulha,Itapoã,12/08/18,Avenida Doutor Cristiano Guimarães,1133
345392,600362.0,83.83,-19.884339999999998,-43.93362000000002,3,2,1,2.0,150.0,650.0,nordeste,Ipiranga,12/08/18,Rua Princesa Leopoldina,163
1848194,610000.0,110.0,-19.9313381,-43.95911899999999,3,1,1,1.0,0.0,200.0,oeste,Gutierrez,12/08/18,Rua Holanda Lima,209
1854932,610000.0,150.0,-19.9681332,-43.9698788,3,2,1,2.0,210.0,1100.0,oeste,Buritis,12/08/18,Rua Lauro Ferreira,163
3240790,610000.0,110.0,-19.9703583,-43.9721065,3,1,1,2.0,190.0,420.0,oeste,Buritis,12/08/18,Rua Maria Heilbuth Surette,1227
342158,615000.0,142.0,-19.9391785,-43.94759269999997,4,1,1,1.0,138.0,825.0,centro-sul,Cidade Jardim,12/08/18,Rua Teixeira Mendes,25
3239551,615000.0,95.0,-19.8870954,-43.998281599999984,3,1,1,2.0,2120.36,700.0,pampulha,Manacás,12/08/18,Rua Doutor Rubens Guimarães,310
338074,630000.0,80.0,-19.8739151,-43.9314541,3,2,1,2.0,195.68,660.0,nordeste,Palmares,12/08/18,Rua Coronel Jairo Pereira,580
472375,630000.0,165.0,-19.890486600000003,-43.995746699999984,3,2,1,2.0,225.6,400.0,pampulha,Castelo,12/08/18,Rua Desembargador José Satyro,801
481545,630000.0,106.0,-19.890048,-43.930005,4,1,1,2.0,220.0,980.0,nordeste,Silveira,12/08/18,Rua Ilacir Pereira Lima,667
3240562,630000.0,202.54,-19.8747388,-43.931775000000016,4,4,1,2.0,217.84,298.0,nordeste,Palmares,12/08/18,Rua Décio Salema,200
351328,640000.0,65.0,-19.9215255,-43.94217170000002,2,1,1,2.0,245.0,700.0,centro-sul,Lourdes,12/08/18,Rua Curitiba,1289
2702698,640000.0,158.0,-19.905695,-43.90002399999997,3,2,1,2.0,134.85,430.0,leste,Esplanada,12/08/18,Rua Cravinas,430
3129905,640000.0,197.0,-19.872481699999998,-43.93008550000002,4,2,1,2.0,180.0,400.0,nordeste,Palmares,12/08/18,Rua Coronel Jairo Pereira,345
367647,648900.0,170.0,-19.857419600000004,-43.94610260000002,3,2,1,3.0,193.0,280.0,pampulha,Jaraguá,12/08/18,Rua Erasmo Figueiredo Silva,304
1522831,649000.0,140.0,-19.943603699999997,-43.9588364,4,2,1,2.0,222.94,800.0,oeste,Gutierrez,12/08/18,Rua Porto Carrero,111
1574748,649000.0,80.0,-19.930375199999997,-43.9625739,3,3,1,2.0,135.0,285.0,oeste,Prado,12/08/18,Rua Esmeralda,425
46882,650000.0,144.0,-19.9707155,-43.965188700000006,4,1,1,2.0,162.0,840.0,oeste,Buritis,12/08/18,Rua Vitorio Magnavacca,260
153781,650000.0,160.0,-19.953823999999997,-43.94754669999998,4,2,1,2.0,227.87,927.0,centro-sul,São Bento,12/08/18,Rua Artur Bernardes,1350
173757,650000.0,191.16,-19.8598915,-43.94176019999998,3,2,1,2.0,172.14,470.0,pampulha,Jaraguá,12/08/18,Rua Leopoldina Cardoso,18
185742,650000.0,80.0,-19.9272824,-43.93790409999997,2,2,0,1.0,233.36,529.0,centro-sul,Centro,12/08/18,Rua da Bahia,1449
335009,650000.0,145.0,-19.9407217,-43.95084759999998,3,2,1,2.0,244.0,600.0,centro-sul,Cidade Jardim,12/08/18,Rua Teixeira Mendes,59
348846,650000.0,170.0,-19.879970800000002,-43.99447809999998,3,1,1,4.0,210.0,450.0,pampulha,Pampulha,12/08/18,Rua Castelo de Beja,13
350460,650000.0,108.0,-19.8949322,-43.93054489999997,3,2,1,2.0,210.0,880.0,nordeste,Silveira,12/08/18,Rua Vicente de Paulo Almeida,48
356767,650000.0,113.0,-19.9666182,-43.96552739999999,4,3,1,3.0,280.0,1000.0,oeste,Estoril,12/08/18,Rua Engenheiro Alberto Pontes,460
358739,650000.0,174.0,-19.9074181,-43.90382850000003,3,2,1,2.0,152.56,300.0,leste,Esplanada,12/08/18,Rua Campinas,715
359007,650000.0,186.25,-19.874949100000002,-43.986401399999984,3,3,1,4.0,165.4,400.0,pampulha,Ouro Preto,12/08/18,Rua Apucarana,119
365846,650000.0,118.0,-19.8306691,-43.954574999999984,3,1,1,4.0,100.0,250.0,norte,Planalto,12/08/18,Rua Mário Batista da Costa,30
1528472,650000.0,120.0,-19.9019382,-43.92370249999999,4,2,1,2.0,240.56,890.0,leste,Sagrada Família,12/08/18,Rua Conselheiro Lafaiete,2079
1672208,650000.0,105.56,-19.9713389,-43.9706832,4,3,1,3.0,243.0,780.9,oeste,Buritis,12/08/18,Rua Stella Hanriot,420
2200224,650000.0,141.8,-19.9719192,-43.96947820000002,3,3,1,2.0,240.56,400.0,oeste,Buritis,12/08/18,Rua Stella Hanriot,211
3243002,650000.0,180.0,-19.9737694,-43.96700540000001,2,3,1,2.0,210.0,380.0,oeste,Buritis,12/08/18,Rua José Hemetério Andrade,20
3245387,650000.0,162.99,-19.953692999999998,-43.95026200000001,4,4,2,2.0,206.0,450.0,centro-sul,Santa Lúcia,12/08/18,Rua Artur Bernardes,1370
3246594,650000.0,120.0,-19.882489,-43.917824,3,3,1,2.0,180.0,100.0,nordeste,União,12/08/18,Rua Andesita,175
3249931,650000.0,100.6,-19.9770833,-43.9776766,3,2,1,2.0,248.94,520.0,oeste,Buritis,12/08/18,Rua Ignácio Alves Martins,191
3250342,650000.0,101.08,-19.889551899999997,-43.92968619999999,4,2,1,2.0,1744.2,802.0,nordeste,Silveira,12/08/18,Rua Ilacir Pereira Lima,267
3252553,650000.0,190.0,-19.928973000000003,-43.96945900000003,5,4,1,2.0,138.0,300.0,oeste,Prado,12/08/18,Rua Sagres,522
3254808,650000.0,190.0,-19.9289812,-43.96956749999998,5,5,1,2.0,138.98,300.0,oeste,Prado,12/08/18,Rua Sagres,552
3256026,650000.0,120.0,-19.9381366,-43.93302399999999,3,2,1,1.0,235.39,1150.0,centro-sul,Savassi,12/08/18,Rua Rio Grande do Norte,862
3236408,655000.0,127.0,-19.8859702,-43.919614799999984,3,3,1,3.0,245.0,450.0,nordeste,União,12/08/18,Rua Manoel Miranda,39
223620,660000.0,128.0,-19.970606600000004,-43.97115680000002,4,2,1,3.0,231.08,500.0,oeste,Buritis,12/08/18,Rua Ulisses Marcondes Escobar,16
343708,660000.0,100.0,-19.9772052,-43.97818389999998,3,1,1,2.0,220.24,538.59,oeste,Buritis,12/08/18,Rua Ignácio Alves Martins,191
1287007,660000.0,105.0,-19.9580759,-43.937703000000006,3,3,1,2.0,200.0,900.0,centro-sul,Sion,12/08/18,Rua Patagônia,19
980251,680000.0,240.0,-19.971564899999997,-43.97216750000001,3,2,1,3.0,345.0,941.6,oeste,Buritis,12/08/18,Rua Stella Hanriot,25
3237799,680000.0,192.0,-19.8928738,-43.92908620000003,4,2,2,3.0,219.3,610.0,nordeste,Silveira,12/08/18,Rua Ana de Carvalho Silveira,199
180503,690000.0,160.0,-19.9603486,-43.94729530000001,3,2,1,1.0,169.02,300.0,centro-sul,Santa Lúcia,12/08/18,Rua Via Láctea,330
363097,690000.0,210.0,-19.8989102,-43.92467540000001,4,4,2,3.0,188.0,300.0,leste,Sagrada Família,12/08/18,Rua Godofredo de Araújo,491
365373,690000.0,180.0,-19.972877,-43.97366699999998,4,2,1,2.0,154.0,500.0,oeste,Buritis,12/08/18,Rua Maria Heilbuth Surette,236
365847,690000.0,132.0,-19.8306691,-43.954574999999984,3,1,1,4.0,100.0,250.0,norte,Planalto,12/08/18,Rua Mário Batista da Costa,30
3213197,690000.0,143.0,-19.900909,-43.918385,3,2,1,3.0,250.0,300.0,leste,Sagrada Família,12/08/18,Rua João de Paula,445
130945,695000.0,107.0,-19.900847,-43.92603800000001,4,1,1,3.0,200.0,650.0,leste,Sagrada Família,12/08/18,Rua São Lázaro,300
360975,695000.0,140.0,-19.9313018,-43.95094929999999,3,3,1,1.0,180.0,390.0,centro-sul,Santo Agostinho,12/08/18,Rua Dias Adorno,99
3243756,695000.0,130.0,-19.9716684,-43.969451600000006,4,2,1,2.0,355.0,800.0,oeste,Buritis,12/08/18,Rua Stella Hanriot,200
3247273,695000.0,177.36,-19.8886427,-43.92473139999999,4,2,1,2.0,165.0,450.0,leste,Cidade Nova,12/08/18,Rua Professor Pimenta da Veiga,1054
139407,699000.0,195.41,-19.873579351564207,-43.93105496085207,4,1,2,2.0,195.0,300.0,nordeste,Palmares,12/08/18,Rua Coronel Jairo Pereira,787
58036,700000.0,210.0,-19.9820031,-43.97203030000003,3,4,1,3.0,289.41,400.0,oeste,Buritis,12/08/18,Rua Esmeraldo Botelho,61
179268,700000.0,218.0,-19.979041600000002,-43.96933239999999,5,3,1,3.0,228.79,500.0,oeste,Buritis,12/08/18,Avenida Protásio de Oliveira Penna,353
355467,700000.0,180.0,-19.9792365,-43.96582380000001,4,2,1,2.0,153.68,508.0,oeste,Buritis,12/08/18,Rua Esmeraldo Botelho,193
356460,710000.0,145.0,-19.966870899999996,-43.97149669999999,3,4,1,3.0,307.17,770.0,oeste,Buritis,12/08/18,Rua Maria Heilbuth Surette,1374
2579310,710000.0,199.0,-19.979249399999997,-43.96862010000001,4,5,2,2.0,195.0,450.0,oeste,Buritis,12/08/18,Rua Esmeraldo Botelho,19
3256436,713000.0,199.68,-19.93637,-43.918106800000025,4,3,2,2.0,121.0,255.0,centro-sul,Serra,12/08/18,Rua Itaparica,310
339264,715000.0,70.0,-19.929717999999998,-43.94410240000002,2,1,1,2.0,0.0,650.0,centro-sul,Lourdes,12/08/18,Rua Curitiba,1704
3234087,715000.0,136.0,-19.973629000000003,-43.971589,4,5,3,3.0,130.0,390.0,oeste,Estoril,12/08/18,Rua Tereza Mota Valadares,621
9614,720000.0,149.55,-19.975593,-43.96826039999996,4,3,2,4.0,291.57,515.0,oeste,Buritis,12/08/18,Rua Iracy Manata,91
173771,720000.0,140.0,-19.9687555,-43.96790750000002,3,3,1,3.0,249.02,350.0,oeste,Buritis,12/08/18,Rua Professora Bartira Mourão,501
1468383,720000.0,100.0,-19.919606100000003,-43.96233489999997,3,2,1,2.0,100.0,700.0,oeste,Prado,12/08/18,Rua dos Pampas,650
1823274,720000.0,131.0,-19.9766457,-43.96979340000002,4,3,2,3.0,354.0,800.0,oeste,Buritis,12/08/18,Rua Doadora Eliane Stancioli,99
3253543,720000.0,180.0,-19.892197,-43.92377099999999,3,3,1,2.0,200.0,320.0,leste,Cidade Nova,12/08/18,Rua Irmãos Kennedy,249
339663,730000.0,135.0,-19.873751000000002,-43.931028999999974,3,2,1,2.0,210.0,320.0,nordeste,Palmares,12/08/18,Rua Coronel Jairo Pereira,444
342544,730000.0,130.0,-19.8787701,-43.9346205,4,2,1,2.0,250.0,745.0,nordeste,Palmares,12/08/18,Avenida Bernardo Vasconcelos,2600
3253342,730000.0,88.0,-19.93498,-43.97489189999999,3,3,1,2.0,187.0,630.0,oeste,Nova Suíssa,12/08/18,Rua Açucenas,630
453900,745000.0,152.0,-19.853422100000003,-43.96042729999999,4,1,2,4.0,2285.87,400.0,pampulha,São Luiz (pampulha),12/08/18,Rua Henrique Cabral,170
3238527,745000.0,77.68,-19.9368822,-43.93116599999996,2,2,1,2.0,278.78,664.3,centro-sul,Savassi,12/08/18,Rua Professor Morais,210
1806667,747000.0,201.0,-19.9328969,-43.970559500000036,4,2,2,2.0,242.8,300.0,oeste,Barroca,12/08/18,Rua Contendas,536
12362,749000.0,140.0,-19.926624899999997,-43.9607709,2,4,1,2.0,110.0,250.0,oeste,Prado,12/08/18,Rua Chapecó,341
13194,749000.0,132.0,-19.925085,-43.960174,2,4,1,2.0,110.0,250.0,oeste,Prado,12/08/18,Rua Chapecó,165
189977,749000.0,93.53,-19.9019461,-43.97046180000001,3,2,1,2.0,245.0,520.0,noroeste,Caiçaras,12/08/18,Rua Agostinho Bretas,11
13583,750000.0,190.0,-19.9676052,-43.96633059999999,4,4,1,3.0,256.33,577.44,oeste,Buritis,12/08/18,Rua Engenheiro Alberto Pontes,459
51048,750000.0,230.0,-19.979772,-43.966126799999984,4,3,1,2.0,218.0,500.0,oeste,Buritis,12/08/18,Rua Esmeraldo Botelho,125
62442,750000.0,90.0,-19.88354,-43.92229099999997,3,1,1,3.0,163.64,470.0,nordeste,União,12/08/18,Rua Leôncio Chagas,215
153232,750000.0,160.0,-19.9422681,-43.93536340000003,4,2,1,1.0,192.11,600.0,centro-sul,São Pedro,12/08/18,Rua Lavras,135
338208,750000.0,140.0,-19.9506568,-43.95776339999998,3,3,1,2.0,249.95,680.0,centro-sul,Luxemburgo,12/08/18,Rua Doutor Juvenal dos Santos,222
343460,750000.0,101.0,-19.9544497,-43.934686,4,2,1,2.0,306.0,1050.0,centro-sul,Sion,12/08/18,Rua Califórnia,804
1672238,750000.0,148.46,-19.945069399999998,-43.93529669999998,3,3,1,2.0,250.0,1100.0,centro-sul,São Pedro,12/08/18,Rua Major Lopes,738
3235937,750000.0,218.0,-19.979661800000002,-43.97896159999999,3,4,3,2.0,0.0,200.0,oeste,Buritis,12/08/18,Rua Sílvio Menicucci,550
3248456,750000.0,167.5,-19.9691174,-43.96820339999999,4,3,2,3.0,265.81,700.0,oeste,Buritis,12/08/18,Rua Professora Bartira Mourão,331
151642,760000.0,162.0,-19.973723,-43.9734679,4,4,2,3.0,243.62,610.0,oeste,Buritis,12/08/18,Rua Vereador Washington Walfrido,158
3238233,760000.0,138.0,-19.941344,-43.95707649999997,4,3,1,3.0,312.99,600.0,oeste,Gutierrez,12/08/18,Rua Bernardino de Campos,50
153921,770000.0,105.0,-19.9504444,-43.938306600000026,3,2,1,2.0,181.63,414.0,centro-sul,Sion,12/08/18,Rua Equador,245
3255828,778000.0,160.0,-19.935430399999998,-43.961224000000016,3,2,1,2.0,272.0,800.0,oeste,Gutierrez,12/08/18,Rua Américo Luz,526
3256213,780000.0,135.3,-19.9316705,-43.9611294,3,4,2,2.0,190.0,490.0,oeste,Gutierrez,12/08/18,Rua General Andrade Neves,105
2882813,785000.0,111.0,-19.9429297,-43.93283830000002,3,2,1,2.0,315.91,1057.0,centro-sul,Savassi,12/08/18,Rua Grão Mogol,172
954736,789000.0,242.65,-19.9363838,-43.96633580000002,4,3,1,2.0,87.2,320.0,oeste,Grajaú,12/08/18,Rua Santa Cruz,435
51239,790000.0,143.0,-19.9731358,-43.9673315,3,2,1,3.0,120.0,450.0,oeste,Buritis,12/08/18,Rua José Hemetério Andrade,70
58467,790000.0,190.0,-19.940912,-43.915144,4,3,1,2.0,314.57,1800.0,centro-sul,Serra,12/08/18,Rua Capivari,405
160431,790000.0,251.0,-19.9286935,-43.96981719999997,4,3,1,3.0,198.92,300.0,oeste,Prado,12/08/18,Rua João da Cunha,95
337402,790000.0,128.0,-19.9730685,-43.96715949999998,4,3,1,3.0,200.0,501.0,oeste,Buritis,12/08/18,Rua José Hemetério Andrade,41
1696246,790000.0,144.0,-19.869906600000004,-43.92999620000001,4,4,2,3.0,302.0,500.0,nordeste,Palmares,12/08/18,Rua Manoel Sabino Nogueira,246
2895597,790000.0,140.0,-19.940915,-43.95622500000002,4,4,1,2.0,272.0,1000.0,oeste,Gutierrez,12/08/18,Rua Conselheiro Andrade Figueira,93
3236194,790000.0,166.74,-19.893872100000003,-43.9078571,3,2,2,2.0,168.24,250.0,leste,Boa Vista,12/08/18,Rua Joaquim Manhães,21
3238509,795000.0,77.68,-19.9368822,-43.93116599999996,2,2,1,2.0,270.41,664.3,centro-sul,Funcionários,12/08/18,Rua Professor Morais,210
3240779,795000.0,156.0,-19.973731100000002,-43.97304199999997,4,4,2,3.0,242.0,660.0,oeste,Buritis,12/08/18,Rua Vereador Washington Walfrido,158
3241625,795000.0,100.0,-19.934158399999998,-43.93032789999995,3,2,1,2.0,379.0,990.0,centro-sul,Savassi,12/08/18,Rua Cláudio Manoel,64
3243524,795000.0,192.13,-19.9793134,-43.96808179999999,3,3,1,3.0,265.0,660.0,oeste,Buritis,12/08/18,Rua Esmeraldo Botelho,157
146850,797000.0,99.08,-19.9315195,-43.9269271,3,3,1,2.0,380.0,573.0,centro-sul,Funcionários,12/08/18,Rua dos Aimorés,615
1584505,800000.0,166.0,-19.935416399999998,-43.93491540000002,4,2,1,1.0,213.7,1300.0,centro-sul,Savassi,12/08/18,Rua Pernambuco,1303
3243581,800000.0,100.0,-19.939682100000002,-43.9197557,3,3,1,2.0,215.41,708.0,centro-sul,Serra,12/08/18,Rua do Ouro,1200
1528668,810000.0,128.0,-19.9730685,-43.96715949999998,4,3,1,3.0,200.0,501.0,oeste,Buritis,12/08/18,Rua José Hemetério Andrade,41
1528669,810000.0,128.0,-19.9730685,-43.96715949999998,4,3,1,3.0,200.0,501.0,oeste,Buritis,12/08/18,Rua José Hemetério Andrade,41
217464,820000.0,162.92,-19.979477,-43.974526800000035,4,3,2,2.0,172.24,605.0,oeste,Buritis,12/08/18,Avenida Deputado Cristóvam Chiaradia,200
1735002,820000.0,180.0,-19.942128699999998,-43.957427,4,4,1,4.0,305.0,880.0,oeste,Gutierrez,12/08/18,Rua Bernardino de Campos,148
3248419,820000.0,127.32,-19.974814000000002,-43.96509979999996,4,4,1,3.0,368.92,400.0,oeste,Buritis,12/08/18,Rua Henrique Furtado Portugal,218
180520,835000.0,140.0,-19.970758399999998,-43.96740390000002,4,4,3,4.0,360.0,1650.0,oeste,Buritis,12/08/18,Rua Professora Bartira Mourão,162
351598,839000.0,130.0,-19.946706,-43.95657849999998,3,2,1,2.0,227.27,980.0,oeste,Gutierrez,12/08/18,Rua Engenheiro Albert Scharle,157
1528672,840000.0,128.0,-19.9730685,-43.96715949999998,4,3,1,3.0,200.0,501.0,oeste,Buritis,12/08/18,Rua José Hemetério Andrade,41
10654,850000.0,112.0,-19.9754733,-43.97690030000001,4,1,2,2.0,222.0,732.0,oeste,Buritis,12/08/18,Rua Eli Seabra Filho,405
11315,850000.0,60.0,-19.9221152,-43.94900519999999,1,2,1,1.0,218.0,800.0,centro-sul,Santo Agostinho,12/08/18,Rua Araguari,1399
41102,850000.0,119.0,-19.8995425,-43.92533809999998,4,3,2,3.0,174.0,500.0,leste,Sagrada Família,12/08/18,Rua Geraldo Faria de Souza,226
65610,850000.0,130.74,-19.916576100000004,-43.93467989999999,3,3,1,3.0,220.27,620.0,oeste,Prado,12/08/18,Rua dos Pampas,630
146713,850000.0,172.0,-19.9562457,-43.93285470000001,4,3,1,2.0,220.21,300.0,centro-sul,Sion,12/08/18,Rua Guaratinga,126
335267,850000.0,154.0,-19.970529,-43.96881350000001,4,6,2,3.0,356.0,1236.0,oeste,Buritis,12/08/18,Rua Stella Hanriot,85
339964,850000.0,160.0,-19.9004835,-43.93017229999998,3,3,1,3.0,247.0,430.0,nordeste,Nova Floresta,12/08/18,Rua Juacema,49
363487,850000.0,170.0,-19.931715899999997,-43.93475080000002,4,3,1,1.0,150.0,1200.0,centro-sul,Lourdes,12/08/18,Rua Bernardo Guimarães,630
1609429,850000.0,126.0,-19.968060100000002,-43.969509000000016,4,3,1,3.0,272.0,950.0,oeste,Buritis,12/08/18,Rua Tito Guimarães,12
2343056,850000.0,82.32,-19.930873100000003,-43.933862100000006,2,3,1,2.0,300.0,1100.0,centro-sul,Lourdes,12/08/18,Rua Bernardo Guimarães,1861
2754985,850000.0,100.0,-19.9556163,-43.95082030000003,3,2,1,2.0,298.15,950.0,centro-sul,São Bento,12/08/18,Rua Coronel Antônio Garcia de Paiva,79
3253386,850000.0,160.0,-19.9431794,-43.95867129999999,4,3,1,2.0,222.62,1200.0,oeste,Gutierrez,12/08/18,Rua Professor Baroni,40
3257341,850000.0,118.62,-19.949421899999997,-43.956211,2,2,1,3.0,254.31,515.0,centro-sul,Luxemburgo,12/08/18,Rua Doutor Helvécio Arantes,40
162747,860000.0,113.0,-19.9436652,-43.952610799999995,3,4,2,2.0,385.45,1000.0,centro-sul,Coração de Jesus,12/08/18,Rua Anita Garibaldi,150
3234671,870000.0,100.0,-19.975490365221575,-43.942376948132335,3,2,1,3.0,604.25,1395.97,centro-sul,Belvedere,12/08/18,Rua Desembargador Jorge Fontana,250
3251948,878996.0,197.92,-19.8876035,-43.89305630000001,3,2,1,2.0,40.0,400.0,leste,Boa Vista,12/08/18,Rua José Silva Passos,300
155460,880000.0,200.0,-19.8668811,-43.98968980000001,3,4,1,3.0,80.0,550.0,pampulha,Paquetá,12/08/18,Rua Pedrogão Pequeno,55
3234588,880000.0,147.43,-19.8729965,-43.92861900000002,4,2,3,3.0,250.27,500.0,nordeste,Palmares,12/08/18,Rua José Barsand de Leucas,70
1529883,889000.0,200.0,-19.926427899999997,-43.93925780000001,4,2,1,1.0,330.0,1500.0,centro-sul,Centro,12/08/18,Rua Espírito Santo,1752
365848,890000.0,168.0,-19.8306691,-43.954574999999984,4,1,2,4.0,150.0,300.0,norte,Planalto,12/08/18,Rua Mário Batista da Costa,30
365850,890000.0,168.0,-19.8306691,-43.954574999999984,4,2,2,4.0,150.0,250.0,norte,Planalto,12/08/18,Rua Mário Batista da Costa,30
1525305,890000.0,151.0,-19.9685437,-43.96790099999998,4,2,2,3.0,402.08,1000.0,oeste,Estoril,12/08/18,Rua Professora Bartira Mourão,531
1528720,890000.0,128.0,-19.9730685,-43.96715949999998,4,3,1,3.0,200.0,501.0,oeste,Buritis,12/08/18,Rua José Hemetério Andrade,41
3245493,890000.0,86.0,-19.930188,-43.92380900000001,3,3,1,2.0,330.0,850.0,centro-sul,Funcionários,12/08/18,Rua Grão Pará,926
137088,894736.0,172.0,-19.8898999,-43.92290059999999,3,3,1,2.0,116.66,300.0,nordeste,União,12/08/18,Rua Professor Pimenta da Veiga,1071
354490,895000.0,199.05,-19.9190638,-43.97575599999999,4,4,1,2.0,257.67,670.0,noroeste,Padre Eustáquio,12/08/18,Rua Coronel José Benjamim,1300
147593,897000.0,130.0,-19.927659100000003,-43.96216809999999,4,3,1,3.0,200.0,870.0,oeste,Prado,12/08/18,Rua Esmeralda,661
63897,900000.0,85.0,-19.9384148,-43.92977380000002,3,3,1,2.0,240.23,900.0,centro-sul,Savassi,12/08/18,Rua Tomé de Souza,291
192071,900000.0,270.0,-19.979894,-43.97435510000002,5,3,1,2.0,372.56,450.0,oeste,Estoril,12/08/18,Avenida Deputado Cristóvam Chiaradia,135
343205,900000.0,87.0,-19.9297742,-43.9440808,3,2,1,2.0,380.0,664.0,centro-sul,Lourdes,12/08/18,Rua Curitiba,1544
1609919,900000.0,100.0,-19.918517,-43.940537000000006,3,2,1,0.0,88.88,350.0,centro-sul,Centro,12/08/18,Rua dos Carijós,106
3250829,900000.0,115.27,-19.8791496,-44.000201,4,2,1,3.0,262.01,682.27,pampulha,Castelo,12/08/18,Rua Castelo de Tordesilhas,130
3258306,900000.0,130.6,-19.9856285,-43.97661549999998,4,3,2,4.0,234.0,620.0,oeste,Buritis,12/08/18,Rua Rubens Caporali Ribeiro,839
30210,904026.0,107.72,-19.979247,-43.97912359999998,4,2,1,2.0,215.74,783.77,oeste,Buritis,12/08/18,Rua Sílvio Menicucci,143
30613,904026.0,107.72,-19.979247,-43.97912359999998,4,2,1,2.0,215.74,783.77,oeste,Buritis,12/08/18,Rua Sílvio Menicucci,143
30229,912946.0,107.72,-19.979247,-43.97912359999998,4,2,1,2.0,215.74,783.77,oeste,Buritis,12/08/18,Rua Sílvio Menicucci,143
2684579,920000.0,100.0,-19.9555047,-43.95089680000001,3,2,1,2.0,290.0,1000.0,centro-sul,São Bento,12/08/18,Rua Coronel Antônio Garcia de Paiva,77
338479,930000.0,154.53,-19.9770188,-43.966498099999974,4,2,1,4.0,335.0,483.0,oeste,Buritis,12/08/18,Rua Doutor Célio Andrade,15
336973,936000.0,107.0,-19.9566765,-43.93851589999997,3,3,1,2.0,1.0,1.0,centro-sul,Sion,12/08/18,Rua das Guianas,151
48396,950000.0,122.0,-19.925155,-43.96787030000002,4,3,1,3.0,240.0,650.0,oeste,Prado,12/08/18,Rua Chopim,96
101546,950000.0,260.0,-19.9373224,-43.94705929999998,4,4,1,2.0,225.0,1540.0,centro-sul,Santo Antônio,12/08/18,Avenida Prudente de Morais,195
335048,950000.0,170.0,-19.966797,-43.96562499999999,4,3,1,3.0,389.46,1375.0,oeste,Buritis,12/08/18,Rua Engenheiro Alberto Pontes,355
1799658,950000.0,120.0,-19.88889,-43.923882899999974,4,4,2,3.0,284.0,500.0,leste,Cidade Nova,12/08/18,Rua Doutor José Silva Martins,340
3254978,950000.0,196.0,-19.969680899999997,-43.96901509999998,4,5,2,4.0,419.08,950.0,oeste,Buritis,12/08/18,Rua Ernani Agricola,475
336978,955000.0,107.0,-19.9566765,-43.93851589999997,3,3,1,2.0,1.0,1.0,centro-sul,Sion,12/08/18,Rua das Guianas,151
358279,955000.0,105.17,-19.941632100000003,-43.946103,3,3,1,3.0,1.0,1.0,centro-sul,Santo Antônio,12/08/18,Rua Paulo Afonso,486
336974,957000.0,107.0,-19.9566765,-43.93851589999997,3,3,1,2.0,1.0,1.0,centro-sul,Sion,12/08/18,Rua das Guianas,151
163050,960000.0,220.0,-19.947333399999998,-43.94352179999999,3,3,1,2.0,120.0,750.0,centro-sul,Santo Antônio,12/08/18,Rua Matipó,333
336977,968000.0,107.0,-19.9566765,-43.93851589999997,3,3,1,2.0,1.0,1.0,centro-sul,Sion,12/08/18,Rua das Guianas,151
1610593,970000.0,147.0,-19.940376999999998,-43.92789199999999,4,3,1,2.0,432.0,1350.0,centro-sul,Savassi,12/08/18,Rua Minas Novas,104
731765,974000.0,107.0,-19.9565738,-43.937309899999995,3,3,1,2.0,1.0,1.0,centro-sul,Sion,12/08/18,Rua das Guianas,151
336980,978000.0,107.0,-19.9566765,-43.93851589999997,3,3,1,2.0,1.0,1.0,centro-sul,Sion,12/08/18,Rua das Guianas,151
6230,980000.0,168.0,-19.952903,-43.95174780000002,4,2,1,2.0,473.0,1100.0,centro-sul,Vila Paris,12/08/18,Rua Abadessa Gertrudes Prado,155
128815,980000.0,133.0,-19.8952032,-43.929189399999984,4,3,2,4.0,276.0,300.0,nordeste,Silveira,12/08/18,Rua Tancredo da Silva Pinto,91
157167,980000.0,300.0,-19.8746462,-43.93103969999999,4,3,1,3.0,293.51,400.0,nordeste,Palmares,12/08/18,Rua Professor Patrocínio Filho,296
336991,983000.0,107.0,-19.9566765,-43.93851589999997,3,3,1,2.0,1.0,1.0,centro-sul,Sion,12/08/18,Rua das Guianas,151
3244938,990000.0,340.0,-19.9016163,-43.9186264,4,4,2,3.0,281.0,700.0,leste,Sagrada Família,12/08/18,Rua Maria Martins Guimarães,495
3246813,990000.0,113.45,-19.9262579,-43.92337099999998,3,3,1,2.0,401.56,1200.0,centro-sul,Santa Efigênia,12/08/18,Rua dos Otoni,310
19850,995000.0,85.36,-19.930479100000003,-43.93636279999998,3,3,1,2.0,1.0,850.0,centro-sul,Funcionários,12/08/18,Rua Sergipe,440
166814,995000.0,122.84,-19.9492205,-43.93030590000001,3,3,1,2.0,0.0,2000.0,centro-sul,Anchieta,12/08/18,Rua Engenheiro Amaro Lanari,371
2357632,995000.0,220.0,-19.983496600000002,-43.974180400000016,4,4,1,3.0,275.53,600.0,oeste,Buritis,12/08/18,Avenida Deputado Cristóvam Chiaradia,430
11762,998792.04,78.64,-19.9275132,-43.9405261,3,2,1,2.0,350.0,580.0,centro-sul,Centro,12/08/18,Avenida Álvares Cabral,551
1516699,998792.04,78.64,-19.9275132,-43.9405261,3,2,1,2.0,400.0,580.0,centro-sul,Centro,12/08/18,Avenida Álvares Cabral,551
3242025,1000000.0,120.26,-19.946829100000002,-43.920706199999984,3,1,1,2.0,491.95,500.0,centro-sul,Serra,12/08/18,Rua Ramalhete,586
3254406,1000000.0,143.0,-19.886522,-43.922888,4,3,1,3.0,0.01,450.0,leste,Cidade Nova,12/08/18,Rua Jornalista Afonso Rabelo,88
336990,1001000.0,107.0,-19.9566765,-43.93851589999997,3,3,1,2.0,1.0,1.0,centro-sul,Sion,12/08/18,Rua das Guianas,151
19853,1015000.0,85.36,-19.9318281,-43.93667249999999,3,3,1,2.0,1.0,850.0,centro-sul,Funcionários,12/08/18,Rua Sergipe,440
19854,1025000.0,85.36,-19.9318281,-43.93667249999999,3,3,1,2.0,1.0,850.0,centro-sul,Lourdes,12/08/18,Rua Sergipe,440
160743,1030000.0,125.8,-19.9686794,-43.96807260000003,4,2,1,3.0,286.54,700.0,oeste,Buritis,12/08/18,Rua Professora Bartira Mourão,391
3255825,1030000.0,150.0,-19.9748385,-43.9641105,4,5,2,3.0,453.34,1400.0,oeste,Estoril,12/08/18,Rua Aripuana,137
336993,1031000.0,107.0,-19.9566765,-43.93851589999997,3,3,1,2.0,1.0,1.0,centro-sul,Sion,12/08/18,Rua das Guianas,151
336994,1041000.0,107.0,-19.9566765,-43.93851589999997,3,3,1,3.0,1.0,1.0,centro-sul,Sion,12/08/18,Rua das Guianas,151
365717,1050000.0,186.0,-19.9497844,-43.95724419999999,4,3,2,3.0,429.22,880.0,centro-sul,Luxemburgo,12/08/18,Rua Doutor Helvécio Arantes,16
336995,1052000.0,107.0,-19.9566765,-43.93851589999997,3,3,1,3.0,1.0,1.0,centro-sul,Sion,12/08/18,Rua das Guianas,151
19839,1060000.0,108.25,-19.930479100000003,-43.93636279999998,3,3,1,2.0,1.0,850.0,centro-sul,Lourdes,12/08/18,Rua Sergipe,440
337086,1062000.0,107.0,-19.9566765,-43.93851589999997,3,3,1,3.0,1.0,1.0,centro-sul,Sion,12/08/18,Rua das Guianas,151
154781,1090000.0,163.0,-19.9409275,-43.94597269999997,4,2,1,2.0,278.0,1000.0,centro-sul,Santo Antônio,12/08/18,Rua Paulo Afonso,232
3237699,1095000.0,192.0,-19.975046799999998,-43.9684378,5,1,4,4.0,228.28,1454.08,oeste,Buritis,12/08/18,Rua Cônsul Walter,15
1581503,1100000.0,120.0,-19.932063600000003,-43.92841590000001,3,2,1,4.0,318.18,750.0,centro-sul,Funcionários,12/08/18,Rua Bernardo Guimarães,202
3255842,1100000.0,173.11,-19.92255193357349,-43.98613160209959,4,4,1,4.0,180.81,850.0,noroeste,Minas Brasil,12/08/18,Rua Padre Rossini Cândido,273
336972,1110000.0,142.0,-19.9566765,-43.93851589999997,3,3,1,3.0,1.0,1.0,centro-sul,Sion,12/08/18,Rua das Guianas,151
135385,1150000.0,82.0,-19.9338422,-43.9313426,3,3,1,2.0,1.0,368.0,centro-sul,Funcionários,12/08/18,Rua Cláudio Manoel,878
358251,1150000.0,196.69,-19.941632100000003,-43.946103,3,3,1,4.0,160.0,400.0,centro-sul,Santo Antônio,12/08/18,Rua Paulo Afonso,486
3234628,1170000.0,130.0,-19.939692899999997,-43.92076109999999,4,3,2,2.0,450.0,1800.0,centro-sul,Serra,12/08/18,Rua Dona Salvadora,108
52418,1180000.0,170.0,-19.8791848,-43.99998849999997,4,3,1,3.0,269.15,540.0,pampulha,Castelo,12/08/18,Rua Castelo de Tordesilhas,130
3240927,1180000.0,118.0,-19.928520199999998,-43.95920939999996,4,2,1,5.0,426.3,450.0,oeste,Prado,12/08/18,Rua Sertões,100
358797,1190000.0,272.0,-19.976297600000002,-43.964210500000036,4,3,2,4.0,564.56,688.0,oeste,Buritis,12/08/18,Rua José Hemetério Andrade,257
164628,1200000.0,168.0,-19.952962399999997,-43.95096109999997,4,2,1,2.0,505.0,1500.0,centro-sul,Vila Paris,12/08/18,Rua Abadessa Gertrudes Prado,155
355436,1200000.0,160.0,-19.929880899999997,-43.944540500000016,3,3,1,1.0,233.68,605.0,centro-sul,Lourdes,12/08/18,Rua Curitiba,2543
356005,1200000.0,107.77,-19.9295751,-43.94424359999999,2,3,2,2.0,663.0,900.0,centro-sul,Lourdes,12/08/18,Rua Curitiba ,1801
358480,1200000.0,90.0,-19.9288056,-43.941149,2,3,1,2.0,369.0,1197.0,centro-sul,Lourdes,12/08/18,Rua Rio de Janeiro,2121
363672,1200000.0,203.0,-19.8609525,-43.95329630000003,4,2,1,3.0,331.55,230.0,pampulha,Liberdade,12/08/18,Rua Duarte da Costa,311
363915,1200000.0,280.0,-19.9493542,-43.94517200000002,4,4,1,4.0,401.87,1200.0,centro-sul,Santo Antônio,12/08/18,Rua Deputado Álvaro Sales,480
3248931,1200000.0,201.0,-19.965706,-43.9602951,4,3,1,3.0,299.0,840.0,oeste,Estoril,12/08/18,Rua Pintor Vicente Abreu,78
29759,1220000.0,206.0,-19.9243622,-43.96231160000002,4,4,1,2.0,200.0,400.0,oeste,Prado,12/08/18,Rua Rio Claro,446
337413,1220000.0,150.0,-19.973758,-43.963776,4,3,2,4.0,470.0,1350.0,oeste,Buritis,12/08/18,Rua Líbero Leone,400
3236396,1220000.0,120.0,-19.9358557,-43.93246049999999,3,3,1,2.0,410.76,929.0,centro-sul,Savassi,12/08/18,Rua dos Inconfidentes ,1050
14896,1250000.0,451.0,-19.969414800000003,-43.96883750000001,4,3,1,3.0,484.74,528.75,oeste,Buritis,12/08/18,Rua Ernani Agricola,410
28396,1250000.0,249.68,-19.977220300000003,-43.96341680000001,5,6,3,4.0,395.0,1254.0,oeste,Buritis,12/08/18,Rua José Hemetério Andrade,645
1673145,1250000.0,277.0,-19.966493600000003,-43.96652879999999,5,4,2,4.0,300.0,635.0,oeste,Buritis,12/08/18,Rua Professora Bartira Mourão,435
3248461,1250000.0,152.0,-19.972174600000002,-43.96802630000002,4,2,3,4.0,572.34,1100.0,oeste,Buritis,12/08/18,Rua Ernani Agricola,27
356469,1272000.0,155.0,-19.9689457,-43.97079339999999,4,5,2,4.0,400.0,900.0,oeste,Buritis,12/08/18,Rua Fidélis Martins,34
1528667,1280000.0,254.52,-19.9730685,-43.96715949999998,4,3,1,4.0,250.0,501.0,oeste,Buritis,12/08/18,Rua José Hemetério Andrade,41
1528670,1280000.0,254.52,-19.9730685,-43.96715949999998,4,3,1,4.0,250.0,501.0,oeste,Buritis,12/08/18,Rua José Hemetério Andrade,41
361805,1290000.0,100.91,-19.9259924,-43.925859599999974,3,3,1,2.0,362.09,1000.0,centro-sul,Santa Efigênia,12/08/18,Rua dos Otoni,310
3244901,1290000.0,147.0,-19.8716551,-43.93314720000001,4,4,2,3.0,308.0,750.0,nordeste,Palmares,12/08/18,Rua Nicolina Pacheco,296
334338,1300000.0,238.0,-19.912364,-43.935387299999995,3,3,2,2.0,265.82,880.0,leste,Floresta,12/08/18,Rua Célio de Castro,600
365721,1300000.0,230.0,-19.8760358,-43.99679939999999,4,3,1,3.0,130.0,650.0,pampulha,Castelo,12/08/18,Rua Castelo da Beira,583
1671744,1300000.0,384.0,-19.882361,-43.92818999999997,4,5,2,3.0,354.0,800.0,nordeste,União,12/08/18,Rua Flor-de-jequitibá,45
1736182,1300000.0,361.47,-19.952269100000002,-43.92377339999996,4,4,1,1.0,444.22,1200.0,centro-sul,Anchieta,12/08/18,Rua Joaquim Lustosa,71
145881,1310000.0,260.0,-19.8907939,-43.92514130000001,5,5,3,4.0,255.12,700.0,leste,Cidade Nova,12/08/18,Rua Afonso Pena Júnior,322
50309,1350000.0,169.71,-19.932709399999997,-43.93051359999998,4,3,1,2.0,700.0,1220.0,centro-sul,Lourdes,12/08/18,Rua Gonçalves Dias,1763
1525323,1350000.0,320.0,-19.9681264,-43.9708349,5,4,3,4.0,640.1,1100.0,oeste,Buritis,12/08/18,Rua Fidélis Martins,85
3246440,1350000.0,254.81,-19.856983,-43.95130599999999,3,4,1,4.0,196.01,550.0,pampulha,Pampulha,12/08/18,Rua Pedro Dutra,127
3245443,1370000.0,286.87,-19.927001100000002,-43.966716599999984,4,3,2,3.0,333.0,850.0,oeste,Prado,12/08/18,Rua Rio Negro,107
61494,1450000.0,161.6,-19.9465812,-43.9509079,4,5,2,3.0,537.12,1640.0,centro-sul,Luxemburgo,12/08/18,Rua Gentios,413
3229308,1450000.0,190.0,-19.9304622,-43.9403441,4,3,1,2.0,506.41,1300.0,centro-sul,Lourdes,12/08/18,Rua Gonçalves Dias,2162
3235117,1450000.0,142.67,-19.946447,-43.92955499999999,4,3,1,3.0,1142.11,1617.0,centro-sul,Anchieta,12/08/18,Rua Francisco Deslandes,151
3246628,1480000.0,184.0,-19.8892406,-43.93197989999999,4,2,3,4.0,222.0,800.0,nordeste,Silveira,12/08/18,Rua José Geraldo Bessa,178
3212383,1490000.0,158.55,-19.9376242,-43.95599909999999,4,3,2,4.0,580.63,1635.39,oeste,Gutierrez,12/08/18,Rua Estácio de Sá,900
3251975,1490000.0,280.0,-19.926882199999998,-43.96195290000003,5,3,1,3.0,256.0,740.0,oeste,Prado,12/08/18,Rua Esmeralda,562
63907,1500000.0,430.0,-19.8896628,-43.92791769999997,5,5,2,5.0,380.0,1000.0,leste,Cidade Nova,12/08/18,Rua Júlio Pereira da Silva,100
358314,1590000.0,205.95,-19.941670499999997,-43.94595249999998,3,4,1,4.0,220.0,400.0,centro-sul,Santo Antônio,12/08/18,Rua Paulo Afonso,486
2074033,1590000.0,274.0,-19.9351797,-43.93766900000003,4,0,0,0.0,1304.0,2486.0,centro-sul,Savassi,12/08/18,Rua Sergipe ,1274
65852,1600000.0,230.0,-19.939273899999996,-43.9224274,4,5,3,3.0,660.2,2000.0,centro-sul,Serra,12/08/18,Rua Professor Estevão Pinto,521
336086,1600000.0,190.29,-19.8923273,-43.92491459999997,4,1,2,4.0,666.58,1600.0,leste,Cidade Nova,12/08/18,Rua Vereador Teixeira de Azevedo,176
340165,1600000.0,167.0,-19.930026,-43.94577630000003,4,3,2,3.0,504.59,1550.0,centro-sul,Lourdes,12/08/18,Rua Santa Catarina,1300
352602,1617000.0,206.0,-19.9565738,-43.937309899999995,3,3,1,4.0,1.0,1.0,centro-sul,Sion,12/08/18,Rua das Guianas,151
3251755,1650000.0,220.0,-19.9299869,-43.92551400000002,4,4,1,3.0,632.77,1000.0,centro-sul,Funcionários,12/08/18,Rua Dos Timbiras,122
127981,1700000.0,300.0,-19.931520199999998,-43.9470804,4,2,2,3.0,355.0,1800.0,centro-sul,Santo Agostinho,12/08/18,Avenida Olegário Maciel,1903
1694451,1700000.0,178.0,-19.9758638,-43.94437010000002,4,3,2,4.0,950.0,2100.0,centro-sul,Belvedere,12/08/18,Rua Sebastião Fabiano Dias,105
335001,1811772.48,201.7,-19.9434848,-43.95369149999999,4,4,2,4.0,1237.35,930.0,centro-sul,Vila Paris,12/08/18,Rua Henrique Sales,109
457131,1850000.0,160.98,-19.9326146,-43.93110030000002,4,4,2,3.0,602.5,1554.65,centro-sul,Savassi,12/08/18,Rua Gonçalves Dias,846
13313,1899828.0,154.84,-19.9336865,-43.955282099999984,4,3,2,4.0,500.0,1200.0,oeste,Gutierrez,12/08/18,Rua Estácio de Sá,755
3247325,1900000.0,342.0,-19.859770899999997,-43.952523000000035,0,5,2,5.0,703.0,896.76,pampulha,Liberdade,12/08/18,Rua Antônio Paulino de Castro,260
57555,1920000.0,198.0,-19.9461419,-43.929013,4,4,3,4.0,797.21,2200.0,centro-sul,Carmo,12/08/18,Rua Passa Tempo,416
3252020,1980000.0,204.7,-19.9316965,-43.94502339999997,4,4,3,3.0,1008.59,2500.0,centro-sul,Lourdes,12/08/18,Rua Tomás Gonzaga,321
353164,1990000.0,190.0,-19.9525238,-43.95106870000001,4,4,3,4.0,8573.0,1637.0,centro-sul,Vila Paris,12/08/18,Rua Padre Francisco Arantes,197
3241763,2000000.0,221.39,-19.9333064,-43.93341129999999,4,4,1,2.0,563.41,1350.0,centro-sul,Savassi,12/08/18,Rua Cláudio Manoel,599
158502,2200000.0,162.0,-19.946121100000003,-43.92849639999997,4,4,2,3.0,718.0,1650.0,centro-sul,Carmo,12/08/18,Rua Montes Claros,377
3251560,2200000.0,499.2,-19.9343998,-43.94560669999999,4,3,1,2.0,707.29,1485.0,centro-sul,Santo Agostinho,12/08/18,Rua Felipe dos Santos,869
3253147,2200000.0,205.0,-19.9427767,-43.92196990000002,3,1,3,4.0,1635.9,1250.0,centro-sul,Serra,12/08/18,Rua Professor Estevão Pinto,427
332270,2300000.0,230.0,-19.973499800000003,-43.9417785,4,5,4,3.0,1163.23,2000.0,centro-sul,Belvedere,12/08/18,Rua Vicente Guimarães,21
52070,2700000.0,232.0,-19.787228600000002,-44.01011440000002,4,5,3,4.0,987.5,1500.0,oeste,Gutierrez,12/08/18,Rua Almirante Tamandaré,555
169956,2700000.0,250.0,-19.9783081,-43.9441387,4,4,2,5.0,10700.0,1400.0,centro-sul,Belvedere,12/08/18,Rua Levy Lafetá,109
452093,2751000.0,243.0,-19.971517000000002,-43.94134300000002,4,6,4,4.0,1305.0,3199.96,centro-sul,Belvedere,12/08/18,Rua Elza Brandão Rodarte,11
2358605,2800000.0,442.44,-19.9527308,-43.927865000000004,4,3,2,5.0,1142.08,2500.0,centro-sul,Anchieta,12/08/18,Rua Eugênio Murilo Rubião,33
3238486,2900000.0,289.56,-19.9268341,-43.940605300000016,4,4,2,3.0,781.33,1739.08,centro-sul,Lourdes,12/08/18,Rua Rio de Janeiro,1848
354520,3800000.0,460.0,-19.933498,-43.94468899999998,4,2,4,4.0,1266.48,4400.0,centro-sul,Lourdes,12/08/18,Rua Antônio Aleixo ,634
343687,4800000.0,536.0,-19.937224,-43.95477900000003,4,5,3,6.0,1845.0,3850.0,oeste,Gutierrez,12/08/18,Rua Almirante Tamandaré,555
3241110,200000.0,47.94,-19.8390701,-43.89275480000003,2,1,0,1.0,28.5,115.0,nordeste,Paulo Vi,12/08/18,Rua Antônio Mariano de Abreu,810
38956,286825.05,62.69,-19.922230600000002,-44.010401099999974,3,1,1,2.0,153.0,368.8,noroeste,Minas Brasil,12/08/18,Avenida das Castanholas,246
336025,330000.0,90.0,-19.959612,-43.966024,3,3,1,1.0,81.81,440.0,oeste,Estoril,12/08/18,Rua Paulo Piedade Campos,850
147825,670000.0,115.0,-19.966797,-43.96562499999999,4,3,1,3.0,290.0,575.0,oeste,Estoril,12/08/18,Rua Engenheiro Alberto Pontes,386
632004,340000.0,58.93,-19.8585737,-43.95723190000001,2,2,1,1.0,300.0,550.0,pampulha,Liberdade,12/08/18,Rua Boaventura,1935
342402,375000.0,70.42,-19.8585135,-43.95730359999999,2,2,1,2.0,300.0,550.0,pampulha,Liberdade,12/08/18,Rua Boaventura,1935
350288,412749.01,59.0,-19.8585135,-43.95730359999999,2,2,1,1.0,300.0,550.0,pampulha,Liberdade,12/08/18,Rua Boaventura,1935
172932,449029.3,70.42,-19.854594,-43.95276799999999,3,2,1,2.0,300.0,550.0,pampulha,Liberdade,12/08/18,Rua Boaventura,1935
1796868,500501.19,70.42,-19.8585737,-43.95723190000001,3,2,1,2.0,300.0,550.0,pampulha,Liberdade,12/08/18,Rua Boaventura,1935
354092,770000.0,160.0,-19.9444706,-43.95044619999999,3,3,1,3.0,386.83,700.0,centro-sul,Luxemburgo,12/08/18,Rua Donato da Fonseca,758
347505,375000.0,66.68,-19.890621955469907,-43.933926153442364,3,2,1,2.0,1.0,280.0,nordeste,Nova Floresta,12/08/18,Rua Manganes,25
343946,275000.0,57.25,-19.8797855,-43.991741299999994,2,2,1,1.0,112.23,300.0,pampulha,Paquetá,12/08/18,Rua Gustavo Ladeira,11
5985,623000.0,113.0,-19.8774528,-43.99719770000002,3,1,1,2.0,86.0,380.0,pampulha,Pampulha,12/08/18,Rua Castelo Guimarães,405
1672430,275000.0,52.36,-19.8782732,-43.99356469999998,2,1,1,2.0,870.0,370.0,pampulha,Castelo,12/08/18,Rua Jornalista Tarcísio Henriques,105
361948,580000.0,230.0,-19.9408609,-43.92939630000001,4,2,1,1.0,288.82,1000.0,centro-sul,Cruzeiro,12/08/18,Rua Pium-i,31
791507,659000.0,91.18,-19.934241500000002,-43.91964740000003,3,3,1,2.0,266.06,750.0,leste,São Lucas,12/08/18,Rua Rádio,20
13241,499955.79,72.65,-19.8862663,-43.94165290000001,3,2,1,2.0,200.0,380.0,nordeste,União,12/08/18,Rua Ibirati,432
140647,548000.0,109.0,-19.9332643,-43.969708399999995,3,2,1,1.0,121.0,700.0,oeste,Grajaú,12/08/18,Rua Viamão,1139
338498,215000.0,55.0,-19.9591943,-43.96717290000004,3,1,0,1.0,24.0,160.0,oeste,Estoril,12/08/18,Rua Paulo Piedade Campos,763
3237190,180000.0,46.7,-19.923533399999997,-43.94959210000002,1,1,1,0.0,516.22,302.33,centro-sul,Barro Preto,12/08/18,Rua Araguari,37
10371,330000.0,75.0,-19.9797408,-43.977074000000016,3,1,1,1.0,65.0,250.0,oeste,Buritis,12/08/18,Avenida Senador José Augusto,80
63368,495800.0,63.7,-19.934714800000002,-43.920016600000004,2,2,1,2.0,1.0,1.0,leste,São Lucas,12/08/18,Rua Rádio,180
13251,513484.15,72.65,-19.8862663,-43.94165290000001,3,2,1,2.0,200.0,380.0,nordeste,Renascença,12/08/18,Rua Ibirati,432
63370,515400.0,63.7,-19.934714800000002,-43.920016600000004,2,2,1,2.0,1.0,1.0,leste,São Lucas,12/08/18,Rua Rádio,180
63371,515400.0,63.7,-19.934714800000002,-43.920016600000004,2,2,1,2.0,1.0,1.0,leste,São Lucas,12/08/18,Rua Rádio,180
63372,523500.0,63.7,-19.934714800000002,-43.920016600000004,2,2,1,2.0,1.0,1.0,leste,São Lucas,12/08/18,Rua Rádio,180
1702636,540000.0,123.0,-19.9808926,-43.97416270000002,4,3,1,2.0,167.0,626.0,oeste,Buritis,12/08/18,Avenida Deputado Cristóvam Chiaradia,430
63356,563400.0,83.88,-19.934714800000002,-43.920016600000004,3,2,1,2.0,1.0,1.0,leste,São Lucas,12/08/18,Rua Rádio,180
63417,578700.0,83.88,-19.934714800000002,-43.920016600000004,3,2,1,2.0,1.0,1.0,leste,São Lucas,12/08/18,Rua Rádio,180
63418,590900.0,83.88,-19.934714800000002,-43.920016600000004,3,2,1,2.0,1.0,1.0,leste,São Lucas,12/08/18,Rua Rádio,180
63419,590900.0,83.88,-19.934714800000002,-43.920016600000004,3,2,1,2.0,1.0,1.0,leste,São Lucas,12/08/18,Rua Rádio,180
63421,647500.0,83.88,-19.934714800000002,-43.920016600000004,3,2,1,2.0,1.0,1.0,leste,São Lucas,12/08/18,Rua Rádio,180
63422,647500.0,83.88,-19.934714800000002,-43.920016600000004,3,2,1,2.0,1.0,1.0,leste,São Lucas,12/08/18,Rua Rádio,180
63423,667000.0,83.88,-19.934714800000002,-43.920016600000004,3,2,1,2.0,1.0,1.0,leste,São Lucas,12/08/18,Rua Rádio,180
63424,670000.0,83.88,-19.934714800000002,-43.920016600000004,3,2,1,2.0,1.0,1.0,leste,São Lucas,12/08/18,Rua Rádio,180
63425,700500.0,83.88,-19.934714800000002,-43.920016600000004,3,2,1,2.0,1.0,1.0,leste,São Lucas,12/08/18,Rua Rádio,180
63426,700500.0,83.88,-19.934714800000002,-43.920016600000004,3,2,1,2.0,1.0,1.0,leste,São Lucas,12/08/18,Rua Rádio,180
63427,731000.0,83.88,-19.934714800000002,-43.920016600000004,3,2,1,2.0,1.0,1.0,leste,São Lucas,12/08/18,Rua Rádio,180
332256,330000.0,85.0,-19.972976,-43.97642810000002,2,2,1,2.0,1021.0,180.0,oeste,Buritis,12/08/18,Rua Deputado Fábio Vasconcelos,252
3243565,739000.0,140.0,-19.933014,-43.96592369999996,2,2,1,2.0,100.0,200.0,oeste,Barroca,12/08/18,Rua Aristóteles Caldeira,882
345368,424495.0,59.31,-19.884339999999998,-43.93362000000002,2,1,1,2.0,150.0,650.0,nordeste,Ipiranga,12/08/18,Rua Princesa Leopoldina,163
13239,470868.33,72.65,-19.8862663,-43.94165290000001,3,2,1,2.0,200.0,380.0,nordeste,Renascença,12/08/18,Rua Ibirati,432
13240,475286.84,72.65,-19.8866431,-43.939152199999974,3,2,1,2.0,200.0,380.0,nordeste,Silveira,12/08/18,Rua Ibirati,432
157265,499955.79,72.65,-19.8862663,-43.94165290000001,3,2,1,2.0,200.0,380.0,nordeste,Silveira,12/08/18,Rua Ibirati,432
157271,503219.46,72.65,-19.886428600000002,-43.94207489999997,3,2,1,2.0,200.0,380.0,nordeste,Renascença,12/08/18,Rua Ibirati,432
13253,518294.87,72.65,-19.8862663,-43.94165290000001,3,2,1,2.0,200.0,380.0,nordeste,Renascença,12/08/18,Rua Ibirati,432
157272,518418.97,72.65,-19.886428600000002,-43.94207489999997,3,2,1,2.0,200.0,380.0,nordeste,União,12/08/18,Rua Ibirati,432
157273,518418.97,72.65,-19.886428600000002,-43.94207489999997,3,2,1,2.0,200.0,380.0,nordeste,Renascença,12/08/18,Rua Ibirati,432
144020,630000.0,150.0,-19.859596300000003,-43.93878560000002,4,2,2,3.0,650.0,260.0,pampulha,Jaraguá,12/08/18,Rua Bento Mendes Castanheira,174
42586,320000.0,70.0,-19.8837118,-43.93268760000001,2,1,0,2.0,78.0,250.0,nordeste,Palmares,12/08/18,Rua Pio XI,150
13255,499955.79,72.65,-19.8862663,-43.94165290000001,3,2,1,2.0,200.0,380.0,nordeste,Renascença,12/08/18,Rua Ibirati,432
3243549,569000.0,150.0,-19.933014,-43.96592369999996,2,2,1,2.0,100.0,200.0,oeste,Barroca,12/08/18,Rua Aristóteles Caldeira,882
20977,1400000.0,260.0,-19.910737,-43.92701790000001,4,3,2,5.0,369.92,520.0,nordeste,União,12/08/18,Rua Professor Amedee Peret,463
42600,410000.0,60.0,-19.9334746,-43.93765730000001,1,1,0,1.0,121.0,850.0,centro-sul,Savassi,12/08/18,Rua Santa Rita Durão,1000
356828,230000.0,45.0,-19.882698,-43.93225100000001,2,1,0,1.0,68.5,190.0,nordeste,Palmares,12/08/18,Rua Ozanam,20
3215167,680000.0,80.55,-19.9467823,-43.95366360000003,2,1,1,1.0,230.0,950.0,centro-sul,Luxemburgo,12/08/18,Rua Guaicuí,596
2544322,830000.0,218.0,-19.8791109,-43.99694149999999,3,3,1,3.0,110.0,380.0,pampulha,Pampulha,12/08/18,Avenida Miguel Perrela,533
3215411,175000.0,48.56,-19.8183821,-43.9432496,2,1,0,1.0,26.86,178.0,venda-nova,Venda Nova,12/08/18,Rua Acacio Costa Junior,711
349986,240000.0,68.0,-19.9570583,-43.98361420000003,2,1,0,1.0,66.3,210.0,oeste,Betânia,12/08/18,Rua Júlio de Castilho,133
363265,294900.0,130.0,-19.818739899999997,-43.97182889999999,2,2,0,1.0,1.0,1.0,venda-nova,São João Batista,12/08/18,Rua Clarice Lispector,126
350012,352000.0,90.0,-19.966317,-43.9672243,3,2,1,2.0,128.9,550.0,oeste,Buritis,12/08/18,Rua Paulo Diniz Carneiro,191
3243548,499000.0,88.0,-19.933014,-43.96592369999996,2,2,1,1.0,100.0,200.0,oeste,Barroca,12/08/18,Rua Aristóteles Caldeira,882
180573,200000.0,45.0,-19.920234100000002,-43.94381090000002,1,1,1,0.0,0.0,336.37,centro-sul,Centro,12/08/18,Rua Tupis,728
1675465,430000.0,98.0,-19.973853795648544,-43.97005039395253,4,1,1,2.0,118.0,315.0,oeste,Buritis,12/08/18,Rua Sílvio de Oliveira Martins,200
33605,970000.0,160.0,-19.878258,-44.00403399999999,4,4,3,4.0,250.0,0.01,pampulha,Ouro Preto,12/08/18,Rua Castelo Moura,151
155274,214000.0,59.18,-19.8399398,-43.93836520000002,3,1,0,1.0,62.47,280.0,norte,Heliópolis,12/08/18,Rua Abdenago Lisboa,20
357179,320000.0,81.89,-19.9681826,-43.968822700000025,3,1,0,2.0,98.65,200.0,oeste,Estoril,12/08/18,Rua Ernani Agricola,684
2427339,215000.0,56.0,-19.8430766,-43.956749899999984,2,1,0,1.0,63.0,145.0,pampulha,Itapoã,12/08/18,Rua São Miguel,1380
158877,310000.0,60.0,-19.9077739,-43.92010979999998,2,1,0,1.0,84.17,240.0,leste,Sagrada Família,12/08/18,Rua Alabastro,333
57848,700000.0,194.9,-19.8897058,-43.92460890000001,3,3,1,2.0,73.53,350.0,nordeste,União,12/08/18,Rua Doutor José Silva Martins,409
1077985,685000.0,237.55,-19.922135100000002,-43.94445510000003,3,3,1,1.0,134.27,1000.0,centro-sul,Lourdes,12/08/18,Praça Raul Soares,89
3234000,770000.0,80.0,-19.928607500000002,-43.93587600000001,1,1,1,2.0,100.0,1.0,centro-sul,Funcionários,12/08/18,Rua Sergipe,46
359665,655000.0,70.0,-19.932065100000003,-43.93802719999997,3,4,2,3.0,161.0,570.3,pampulha,Liberdade,12/08/18,Rua Batista Santiago,70
1617236,130000.0,47.0,-19.8251278,-43.9801933,2,1,0,1.0,0.0,150.0,pampulha,Santa Mônica,12/08/18,Rua Erva Mate,162
245334,160000.0,50.0,-19.861706899999998,-43.88875960000002,2,1,0,1.0,59.44,210.0,nordeste,Vitória,12/08/18,Avenida Magenta,135
163091,222000.0,51.75,-19.9900119,-44.019024899999984,2,1,0,1.0,64.0,280.0,barreiro,Teixeira Dias,12/08/18,Rua Adélia Hilbert Teixeira,1
3254029,320000.0,67.0,-19.967461,-43.96506899999997,2,1,1,2.0,80.0,250.0,oeste,Estoril,12/08/18,Rua Vitorio Magnavacca,407
611054,340000.0,59.0,-19.9213118,-43.96790020000003,2,2,1,1.0,85.0,400.0,oeste,Calafate,12/08/18,Rua Tiros,66
1910847,452900.0,63.7,-19.931915,-43.91841099999999,2,2,1,2.0,1.0,1.0,leste,São Lucas,12/08/18,Rua Rádio,180
3245345,485000.0,80.0,-19.858235999999998,-43.956109999999974,3,2,1,2.0,142.0,350.0,pampulha,Pampulha,12/08/18,Rua dos Aeroviários,184
60336,490000.0,51.93,-19.9456206,-43.95124340000001,1,1,1,1.0,230.0,950.0,centro-sul,Luxemburgo,12/08/18,Rua Guaicuí,596
3254839,495000.0,115.0,-19.9780081,-43.9782851,4,3,1,3.0,195.0,250.0,oeste,Palmeiras,12/08/18,Rua Rubem Berardo,70
9790,690000.0,124.5,-19.9718832,-43.974085400000035,4,3,1,3.0,316.48,456.09,oeste,Buritis,12/08/18,Rua Maria Heilbuth Surette,882
28284,722045.0,126.0,-19.9750891,-43.9670102,4,3,1,3.0,0.0,0.0,oeste,Buritis,12/08/18,Rua Marco Aurélio de Miranda,225
3248347,1600000.0,160.0,-19.9776282,-43.9459458,4,3,3,3.0,874.0,1750.0,centro-sul,Belvedere,12/08/18,Rua Desembargador Jorge Fontana,336
61681,259000.0,45.0,-19.973933300000002,-43.97725179999998,2,1,0,2.0,60.36,300.0,oeste,Buritis,12/08/18,Rua José Teófilo Marques,111
3216249,558000.0,39.51,-19.9307398,-43.9332781,1,2,1,1.0,1.0,0.0,centro-sul,Funcionários,12/08/18,Rua Bernardo Guimarães,475
206234,340000.0,130.0,-19.9149153,-43.98953510000001,3,3,1,2.0,95.0,267.0,noroeste,Padre Eustáquio,12/08/18,Rua Jacutinga,909
3216621,439000.0,125.0,-19.928775100000003,-43.93583849999999,3,3,0,0.0,141.36,770.0,centro-sul,Boa Viagem,12/08/18,Rua dos Guajajaras - até 239 - lado ímpar,51
341287,155000.0,44.44,-19.8513505,-43.88760070000001,2,1,0,1.0,0.0,90.0,nordeste,Jardim Vitória,12/08/18,Rua dos Borges,1390
335322,499200.0,114.73,-19.8975063,-43.89446340000001,3,2,1,2.0,120.0,300.0,leste,São Geraldo,12/08/18,Rua Arapari,74
2393385,265000.0,62.0,-19.905966699999997,-43.92814799999997,2,1,0,1.0,75.0,210.0,leste,Sagrada Família,12/08/18,Rua Genoveva de Souza,531
359271,690000.0,150.0,-19.941125,-43.95627500000001,4,2,1,2.0,180.0,895.0,oeste,Gutierrez,12/08/18,Rua Conselheiro Andrade Figueira,81
1855380,541700.0,66.17,-19.9290074,-43.96323330000001,2,3,2,2.0,250.0,490.0,oeste,Prado,12/08/18,Rua Pompéia,16
1854933,551600.0,65.81,-19.9290074,-43.96323330000001,2,3,2,2.0,250.0,490.0,oeste,Prado,12/08/18,Rua Pompéia,16
1855620,566000.0,66.17,-19.9290074,-43.96323330000001,2,3,2,2.0,250.0,490.0,oeste,Prado,12/08/18,Rua Pompéia,16
1855621,581300.0,65.81,-19.9290074,-43.96323330000001,2,3,2,2.0,250.0,490.0,oeste,Prado,12/08/18,Rua Pompéia,16
1857420,586700.0,65.81,-19.9290074,-43.96323330000001,2,3,2,2.0,250.0,490.0,oeste,Prado,12/08/18,Rua Pompéia,16
1857422,601100.0,65.81,-19.9290074,-43.96323330000001,2,3,2,2.0,250.0,490.0,oeste,Prado,12/08/18,Rua Pompéia,16
1857423,601100.0,66.17,-19.9290074,-43.96323330000001,2,3,2,2.0,250.0,490.0,oeste,Prado,12/08/18,Rua Pompéia,16
1857424,618200.0,66.17,-19.9290074,-43.96323330000001,2,3,2,2.0,250.0,490.0,oeste,Prado,12/08/18,Rua Pompéia,16
359922,140000.0,44.3,-19.845752100000002,-43.88567849999998,2,1,0,1.0,0.0,124.0,nordeste,Jardim Vitória,12/08/18,Rua dos Borges,1390
156766,690000.0,122.31,-19.9809905,-43.97499970000001,3,2,1,2.0,351.51,1000.0,oeste,Buritis,12/08/18,Rua Geraldo Lúcio Vasconcelos,360
633552,220000.0,55.0,-19.9168086,-43.94371219999999,1,1,1,0.0,53.36,290.0,centro-sul,Centro,12/08/18,Avenida Olegário Maciel,274
3234403,165000.0,44.27,-20.013444500000002,-44.03037110000002,2,1,0,1.0,61.67,178.75,barreiro,Vale do Jatobá,12/08/18,Rua Rui Barbosa da Silva,130
341582,170000.0,56.33,-19.862699399999997,-43.88960880000002,3,1,0,1.0,77.0,260.0,nordeste,Vitória,12/08/18,Avenida Magenta,250
162658,220000.0,34.14,-19.919511899999996,-43.94011169999999,1,1,0,0.0,54.74,250.0,centro-sul,Centro,12/08/18,Rua São Paulo,351
334442,220000.0,55.61,-19.8279533,-43.939916400000016,2,2,1,1.0,79.9,224.0,norte,Jardim Guanabara,12/08/18,Rua Alga Vermelha,120
1672773,440000.0,100.0,-19.937772100000004,-43.94908499999997,3,1,0,1.0,145.62,240.0,centro-sul,Coração de Jesus,12/08/18,Rua Conde de Linhares,802
3257500,599000.0,133.0,-19.948109,-43.94579799999997,3,2,1,2.0,104.55,182.0,centro-sul,Santo Antônio,12/08/18,Rua Benjamim Flores,262
3248885,650000.0,95.0,-19.8874456,-43.924103899999984,3,2,1,2.0,231.0,475.0,leste,Cidade Nova,12/08/18,Rua Deputado Bernardino de Sena Figueiredo,1112
173046,734147.0,89.23,-19.947274399999998,-43.9520789,2,3,2,2.0,1.0,1.0,centro-sul,Vila Paris,12/08/18,Rua Alves do Vale,240
163168,736974.0,79.03,-19.947274399999998,-43.9520789,3,3,1,2.0,1.0,1.0,centro-sul,Vila Paris,12/08/18,Rua Alves do Vale,240
164796,755197.0,79.03,-19.947274399999998,-43.9520789,3,3,1,2.0,1.0,1.0,centro-sul,Vila Paris,12/08/18,Rua Alves do Vale,240
164058,755316.0,89.23,-19.947274399999998,-43.9520789,2,3,2,2.0,1.0,1.0,centro-sul,Vila Paris,12/08/18,Rua Alves do Vale,240
163172,760768.0,79.03,-19.947274399999998,-43.9520789,3,3,1,2.0,1.0,1.0,centro-sul,Vila Paris,12/08/18,Rua Alves do Vale,240
163173,768275.0,79.03,-19.947274399999998,-43.9520789,3,3,1,2.0,1.0,1.0,centro-sul,Vila Paris,12/08/18,Rua Alves do Vale,240
164797,770175.0,79.03,-19.947274399999998,-43.9520789,3,3,1,2.0,1.0,1.0,centro-sul,Vila Paris,12/08/18,Rua Alves do Vale,240
164799,785454.0,79.03,-19.947274399999998,-43.9520789,3,3,1,2.0,1.0,1.0,centro-sul,Vila Paris,12/08/18,Rua Alves do Vale,240
164057,1099467.0,89.23,-19.947274399999998,-43.9520789,2,3,2,2.0,1.0,1.0,centro-sul,Vila Paris,12/08/18,Rua Alves do Vale,240
163174,1317289.0,79.03,-19.947274399999998,-43.9520789,3,3,1,2.0,1.0,1.0,centro-sul,Vila Paris,12/08/18,Rua Alves do Vale,240
164051,1361692.0,79.03,-19.947274399999998,-43.9520789,3,3,1,2.0,1.0,1.0,centro-sul,Vila Paris,12/08/18,Rua Alves do Vale,240
3240382,150000.0,45.0,-19.8072995,-43.936441400000035,2,1,0,1.0,27.0,150.0,norte,Juliana,12/08/18,Rua José Luiz Azevedo,186
3242017,450000.0,70.65,-19.981146399999997,-43.976481499999984,2,2,2,2.0,179.0,750.0,oeste,Buritis,12/08/18,Rua Rubens Caporali Ribeiro,752
2850985,498000.0,98.0,-19.976297600000002,-43.964210500000036,3,3,1,2.0,185.0,592.0,oeste,Buritis,12/08/18,Rua José Hemetério Andrade,711
1834970,170000.0,48.0,-19.918434299999998,-43.8883874,2,1,0,1.0,35.0,250.0,leste,Vera Cruz,12/08/18,Rua Fósforo,22
3254891,320000.0,100.0,-19.898086300000003,-43.92806430000002,3,2,0,1.0,82.03,340.0,leste,Sagrada Família,12/08/18,Avenida Cristiano Machado,1400
128324,639000.0,91.58,-19.919606100000003,-43.96233489999997,3,2,1,3.0,200.0,630.0,oeste,Prado,12/08/18,Rua dos Pampas,650
3245349,690000.0,122.0,-19.969514,-43.96903550000002,4,3,1,3.0,288.0,1216.75,oeste,Buritis,12/08/18,Rua Ernani Agricola,566
3256866,125000.0,41.06,-20.0131057,-44.0147715,2,1,0,1.0,0.0,170.0,barreiro,Solar do Barreiro (Barreiro),12/08/18,Rua Ellen Gould White,43
340551,140000.0,42.0,-19.8235663,-43.945511399999994,2,1,0,0.0,0.0,15.0,norte,Vila Cloris,12/08/18,Rua Albatroz,413
3247042,165000.0,51.0,-19.8510046,-43.91018300000002,2,1,0,0.0,0.0,80.0,nordeste,São Gabriel,12/08/18,Rua São João da Serra,431
161200,175000.0,45.0,-19.809582000000002,-43.96669800000001,2,1,0,1.0,64.34,200.0,venda-nova,Venda Nova,12/08/18,Avenida Vilarinho,2900
348261,200000.0,47.0,-19.8755582,-43.93317089999999,2,1,0,1.0,0.0,160.0,nordeste,Palmares,12/08/18,Avenida José Cleto,1697
834108,200000.0,70.0,-19.8635615,-43.9963065,2,1,0,2.0,0.0,140.0,pampulha,Pampulha,12/08/18,Rua Benito Masci,126
355375,240000.0,65.0,-19.8765208,-43.992309799999994,2,2,1,1.0,0.0,250.0,pampulha,Pampulha,12/08/18,Rua Maria Clara Tavares,65
1924464,280000.0,74.33,-19.901501100000004,-43.94410849999997,3,0,0,0.0,286.03,100.0,noroeste,São Cristóvão,12/08/18,Rua Beberibe,10
31373,290000.0,73.0,-19.8734907,-43.93926640000001,3,2,1,2.0,82.19,200.0,nordeste,Palmares,12/08/18,Rua Cláudio Gomes de Souza,173
134438,290000.0,80.0,-19.8921985,-43.92076209999999,3,1,0,1.0,87.4,280.0,leste,Sagrada Família,12/08/18,Avenida José Cândido da Silveira,380
345162,320000.0,118.0,-19.9281079,-43.91140129999997,3,2,1,1.0,114.0,275.0,leste,São Lucas,12/08/18,Rua Nísio Batista de Oliveira,373
1811664,320000.0,91.18,-19.889387300000003,-43.99631820000002,3,2,1,2.0,121.01,380.0,pampulha,Castelo,12/08/18,Rua Romualdo Lopes Cançado,160
1842045,320000.0,72.97,-19.9245162,-43.91655730000002,3,1,1,1.0,105.0,330.0,centro-sul,Santa Efigênia,12/08/18,Rua Coronel Antônio Pereira da Silva,62
141663,330000.0,100.0,-19.967658800000002,-43.979285900000036,2,2,1,2.0,0.0,200.0,oeste,Palmeiras,12/08/18,Rua Professor Carlos Tunes,9
3215369,335000.0,55.0,-19.899871899999997,-43.92586900000003,2,1,1,2.0,110.0,300.0,leste,Sagrada Família,12/08/18,Rua São Lázaro,960
48766,340000.0,180.0,-19.8931825,-43.92252880000001,3,2,0,1.0,0.0,250.0,leste,Sagrada Família,12/08/18,Avenida José Cândido da Silveira,183
1668412,346500.0,85.0,-19.886982500000002,-43.92797359999997,3,2,1,4.0,135.0,250.0,nordeste,Silveira,12/08/18,Rua Professor Pimenta da Veiga,29
363364,380000.0,95.0,-19.937436399999996,-43.95984440000001,3,1,0,1.0,126.04,900.0,oeste,Gutierrez,12/08/18,Rua Marechal Bittencourt,950
1630513,420000.0,91.88,-19.9440714,-43.91986370000001,3,2,1,1.0,160.34,360.0,centro-sul,Serra,12/08/18,Rua Trifana,529
3235612,435000.0,85.0,-19.9378691,-43.93136479999998,3,1,0,1.0,158.77,350.0,centro-sul,Funcionários,12/08/18,Rua Tomé de Souza,518
52062,450000.0,88.0,-19.8877375,-43.93521579999998,3,2,1,2.0,123.0,0.0,nordeste,Ipiranga,12/08/18,Rua Voluntários da Pátria,161
349158,450000.0,93.0,-19.938602,-43.96194059999999,3,2,0,1.0,94.0,340.0,oeste,Gutierrez,12/08/18,Rua Oscar Trompowsky,965
5711,500000.0,95.0,-19.8929415,-43.93102429999999,3,1,1,1.0,110.0,200.0,nordeste,Silveira,12/08/18,Rua Waldir Leite Pena,135
3216251,530000.0,95.0,-19.928660999999998,-43.915841,3,1,1,2.0,0.0,500.0,centro-sul,Santa Efigênia,12/08/18,Rua Carlos Peixoto,782
160986,550000.0,163.0,-19.876797,-43.98105290000001,3,3,1,2.0,118.0,350.0,pampulha,Ouro Preto,12/08/18,Rua Desembargador Paulo Mota,806
39527,580000.0,108.41,-19.8942534,-43.93079869999997,3,3,1,2.0,160.21,0.0,nordeste,Silveira,12/08/18,Rua Vicente de Paulo Almeida,48
188474,599000.0,113.0,-19.945469,-43.97267499999998,3,2,1,3.0,0.01,0.0,oeste,Nova Granada,12/08/18,Rua França,45
3256819,620000.0,141.85,-19.907572030365507,-43.90384833016356,3,2,1,2.0,128.0,300.0,leste,Esplanada,12/08/18,Rua Campinas,715
28115,650000.0,126.0,-19.9750891,-43.9670102,4,3,1,3.0,0.0,580.0,oeste,Buritis,12/08/18,Rua Marco Aurélio de Miranda,225
28122,685000.0,126.0,-19.9750891,-43.9670102,4,3,1,3.0,0.0,580.0,oeste,Buritis,12/08/18,Rua Marco Aurélio de Miranda,225
7694,700000.0,107.84,-19.9448634,-43.92605900000001,2,3,2,2.0,0.0,350.0,centro-sul,Cruzeiro,12/08/18,Rua Cobre,294
474040,700000.0,111.0,-19.944173899999996,-43.93322790000002,3,2,1,2.0,306.89,1057.0,centro-sul,Carmo,12/08/18,Rua Grão Mogol,172
355454,750000.0,98.0,-19.9506199,-43.95788149999999,3,2,1,2.0,259.0,1000.0,centro-sul,Luxemburgo,12/08/18,Rua Doutor Juvenal dos Santos,227
64276,1080000.0,180.0,-19.962642300000002,-43.947962200000006,3,1,1,2.0,196.44,350.0,centro-sul,Santa Lúcia,12/08/18,Rua Via Láctea,251
7695,1091059.32,144.09,-19.945562,-43.925237599999996,2,4,2,2.0,0.0,350.0,centro-sul,Cruzeiro,12/08/18,Rua Cobre,294
1672333,1200000.0,180.0,-19.944996,-43.94083890000002,4,3,2,4.0,401.62,2295.32,centro-sul,São Pedro,12/08/18,Rua São Romão,69
336536,155000.0,46.48,-19.998747100000003,-43.99449609999999,2,1,0,1.0,612.0,0.0,barreiro,Flávio Marques Lisboa,12/08/18,Rua Falcão,495
1469312,160000.0,44.0,-19.936301,-44.01964599999997,2,1,0,1.0,54.0,300.0,noroeste,Camargos,12/08/18,Rua Pastor Mamélio Ferreira,147
1786082,160000.0,57.36,-20.0008414,-44.005643299999974,2,1,0,1.0,0.0,120.0,barreiro,Urucuia,12/08/18,Rua Itapetininga,31
356582,175000.0,48.59,-19.933739399999997,-44.02108049999998,2,1,0,1.0,52.1,250.0,noroeste,Camargos,12/08/18,Rua Gentil Portugal do Brasil,55
363203,189000.0,60.46,-19.9860493,-44.0285576,3,1,0,1.0,60.0,250.0,barreiro,Diamante,12/08/18,Rua Maria Elizabet Pessoa,200
356572,190000.0,48.59,-19.933311800000002,-44.02015760000001,2,1,0,1.0,52.0,330.0,noroeste,Camargos,12/08/18,Rua Gentil Portugal do Brasil,54
159363,195000.0,61.67,-20.0051005,-44.00450739999997,2,1,0,1.0,0.0,190.0,barreiro,Cardoso,12/08/18,Rua Augusto Muniz,117
38483,197000.0,43.89,-19.9360071,-44.02012619999999,2,1,0,1.0,0.0,150.0,noroeste,Camargos,12/08/18,Rua Pastor Mamélio Ferreira,147
3257582,210000.0,50.0,-19.8854325,-43.93541700000003,1,1,0,1.0,0.0,240.0,nordeste,Ipiranga,12/08/18,Rua João de Deus Matos,234
349205,225000.0,55.0,-19.966471,-43.96648909999999,2,2,1,1.0,72.15,150.0,oeste,Buritis,12/08/18,Rua Professora Bartira Mourão,418
3250485,235000.0,60.0,-19.9097721,-44.00389989999997,2,2,1,1.0,0.0,0.0,noroeste,Ipanema,12/08/18,Rua Arcádia,110
181736,245000.0,70.0,-19.8882159,-43.999257,3,1,1,1.0,66.44,130.0,pampulha,Castelo,12/08/18,Rua Conceição Aparecida Augsten,280
3240391,245000.0,54.87,-19.813658399999998,-43.97580519999997,2,2,1,1.0,62.0,212.0,venda-nova,Candelária,12/08/18,Rua Corretor Juventino de Jesus,71
3250504,245000.0,69.69,-19.9097721,-44.00389989999997,2,2,1,1.0,0.0,0.0,noroeste,Ipanema,12/08/18,Rua Arcádia,110
3249479,285000.0,65.0,-19.9681049,-43.9690038,3,2,1,1.0,76.0,0.0,oeste,Buritis,12/08/18,Rua Ernani Agricola,701
3249619,298000.0,70.0,-19.937654293068448,-43.9808735790985,2,2,0,1.0,40.0,200.0,oeste,Salgado Filho,12/08/18,Rua Herculano Pena,754
356765,300000.0,75.0,-19.979247,-43.97912359999998,3,2,1,2.0,64.0,260.0,oeste,Buritis,12/08/18,Rua Sílvio Menicucci,39
357913,320000.0,92.0,-19.9582838,-43.9668567,3,3,0,2.0,79.77,440.0,oeste,Estoril,12/08/18,Rua Vereador Nelson Cunha,664
3250522,340000.0,130.0,-19.9097721,-44.00389989999997,2,2,1,1.0,0.0,0.0,noroeste,Ipanema,12/08/18,Rua Arcádia,110
3250523,340000.0,130.0,-19.9097721,-44.00389989999997,2,2,1,1.0,0.0,0.0,noroeste,Ipanema,12/08/18,Rua Arcádia,110
140688,350000.0,75.0,-19.828090200000002,-43.93864359999998,3,2,1,2.0,120.0,350.0,norte,Jardim Guanabara,12/08/18,Rua Ana Dias Duarte,181
1628882,399000.0,80.0,-19.8585308,-43.95491670000001,3,2,1,2.0,158.0,350.0,pampulha,Pampulha,12/08/18,Rua dos Aeroviários,184
347606,430000.0,82.0,-19.9462997,-43.94796389999999,3,2,0,1.0,84.54,703.13,centro-sul,Santo Antônio,12/08/18,Rua Teixeira de Freitas,336
3246655,450000.0,47.0,-19.9292168,-43.9456386,1,1,1,1.0,152.7,825.0,centro-sul,Lourdes,12/08/18,Rua Santa Catarina,1380
424026,460000.0,115.0,-19.950187399999997,-43.9561751,3,2,1,2.0,195.0,350.0,centro-sul,Luxemburgo,12/08/18,Rua Doutor Juvenal dos Santos,135
140690,489000.0,150.32,-19.828090200000002,-43.93864359999998,3,2,1,2.0,200.0,500.0,norte,Jardim Guanabara,12/08/18,Rua Ana Dias Duarte,181
1116357,500000.0,82.0,-19.9393185,-43.94513440000003,2,2,1,1.0,266.05,500.0,centro-sul,Santo Antônio,12/08/18,Rua Barão de Macaúbas,192
10435,535000.0,160.0,-19.900916100000003,-43.9267438,3,2,1,2.0,153.12,0.0,leste,Sagrada Família,12/08/18,Rua Oswaldo Ferraz,259
349217,550000.0,85.0,-19.880798000000002,-43.9293735,3,3,1,2.0,195.46,0.0,nordeste,União,12/08/18,Rua Artur de Sá,554
1534567,990000.0,440.0,-19.9365528,-43.93218990000002,4,1,1,2.0,315.18,352.0,centro-sul,Funcionários,12/08/18,Avenida Getúlio Vargas,1299
352326,3800000.0,507.97,-19.928879199999997,-43.94433079999999,4,5,1,4.0,1078.9,2270.0,centro-sul,Lourdes,12/08/18,Rua Curitiba,2401
365182,450000.0,85.0,-19.969213600000003,-43.96984280000004,3,2,1,3.0,203.0,793.0,oeste,Buritis,12/08/18,Rua Lauro Ferreira,20
3212017,370000.0,60.0,-19.9451366,-43.9348129,2,1,0,1.0,90.0,550.0,centro-sul,Carmo,12/08/18,Avenida Nossa Senhora do Carmo,1825
3239512,145000.0,70.0,-19.833198899999996,-43.98222350000003,2,1,0,1.0,0.0,170.0,pampulha,Copacabana,12/08/18,Rua Joinville,833
3253706,341431.91,37.07,-19.924035800000002,-43.93842570000004,1,1,1,1.0,1.0,234.0,centro-sul,Centro,12/08/18,Rua Espírito Santo,1059
356882,370000.0,60.0,-19.9742359,-43.9720193,2,2,1,2.0,140.0,480.0,oeste,Buritis,12/08/18,Rua Tereza Mota Valadares,273
1675407,220000.0,55.0,-19.978572,-43.97811000000002,3,2,1,1.0,73.64,210.0,oeste,Buritis,12/08/18,Rua Sílvio Menicucci,55
424266,320000.0,74.15,-19.886036999999998,-44.00399190000002,3,1,1,1.0,120.0,385.0,pampulha,Manacás,12/08/18,Rua Maria Pereira de Araújo,15
3244326,550000.0,88.8,-19.8857453,-43.99476800000002,3,1,1,2.0,79.0,450.0,pampulha,Castelo,12/08/18,Rua Elson Nunes de Souza,444
3257711,190000.0,65.0,-19.825498899999996,-43.96670560000001,2,1,0,1.0,74.55,312.75,venda-nova,São João Batista,12/08/18,Rua Antônio Orlindo de Castro,441
3255895,800000.0,130.06,-19.931235,-43.94291199999998,4,2,1,1.0,166.46,850.0,centro-sul,Lourdes,12/08/18,Rua dos Timbiras,1477
1382926,269000.0,59.87,-19.8265605,-43.94769159999999,2,1,1,1.0,74.0,205.0,norte,Vila Cloris,12/08/18,Praça Bico de Lacre,50
299018,890000.0,144.0,-19.8818328,-43.99205010000003,4,2,1,2.0,200.0,800.0,pampulha,Castelo,12/08/18,Rua Constantino Siqueira dos Santos,20
25094,149999.0,45.5,-19.9791248,-43.992529200000035,2,1,0,1.0,0.0,160.0,barreiro,Bonsucesso,12/08/18,Rua Doutor Cristiano Rezende,1042
339579,180000.0,50.0,-19.921769100000002,-43.94475890000001,1,1,0,0.0,0.0,254.0,centro-sul,Centro,12/08/18,Rua dos Guaranis,564
343720,280000.0,140.0,-19.9209326,-43.94257460000001,3,2,0,0.0,50.0,700.0,centro-sul,Centro,12/08/18,Avenida Paraná,287
42178,300000.0,130.0,-19.814813100000002,-43.9526381,2,1,0,1.0,74.75,400.0,venda-nova,Venda Nova,12/08/18,Rua Embaixador José Aparecido,126
1695880,498000.0,106.0,-19.885259,-43.995525999999984,4,2,1,2.0,142.96,430.0,pampulha,Castelo,12/08/18,Rua Cecília Fonseca Coutinho,494
3212007,849000.0,147.0,-19.886187,-43.98204190000001,4,4,2,4.0,1.0,1.0,pampulha,Ouro Preto,12/08/18,Rua Randolfo Trindade,22
338460,870000.0,190.0,-19.9785025,-43.9744705,4,3,1,2.0,1446.52,550.0,oeste,Buritis,12/08/18,Avenida Deputado Cristóvam Chiaradia,200
2214569,975000.0,160.0,-19.878258,-44.00403399999999,4,4,3,4.0,300.0,500.0,pampulha,Ouro Preto,12/08/18,Rua Castelo Moura,151
342135,340000.0,69.51,-19.8743428,-43.91631080000002,3,3,1,2.0,108.65,250.0,nordeste,União,12/08/18,Rua Doresópolis,517
180779,635000.0,90.59,-19.977729500000002,-43.97598219999998,2,3,2,2.0,100.0,350.0,oeste,Buritis,12/08/18,Rua Geraldo Lúcio Vasconcelos,885
3257981,680000.0,110.0,-19.8868721,-43.99850290000001,3,2,1,2.0,120.0,500.0,pampulha,Manacás,12/08/18,Rua Domingos Bernis,115
2102188,980000.0,136.0,-19.9236349,-43.95221579999998,2,3,1,2.0,247.22,772.79,centro-sul,Santo Agostinho,12/08/18,Rua Paracatu,727
56410,710000.0,150.0,-19.9448095,-43.925104100000006,4,2,1,2.0,306.45,1190.0,centro-sul,Cruzeiro,12/08/18,Rua Sabino Barroso,50
991927,230000.0,48.0,-19.9625374,-43.98682500000001,2,1,0,1.0,50.99,190.0,oeste,Betânia,12/08/18,Rua das Canoas,555
46565,240000.0,48.0,-19.9618255,-43.98812179999999,2,1,0,1.0,50.99,190.0,oeste,Betânia,12/08/18,Rua das Canoas,555
41914,325000.0,95.0,-19.8857329,-43.99685490000002,3,2,1,2.0,1044.0,274.0,pampulha,Castelo,12/08/18,Rua Romualdo Lopes Cançado,346
3256700,330000.0,71.74,-19.841177399999996,-43.98470199999997,3,2,1,1.0,1.0,1.0,pampulha,Santa Amélia,12/08/18,Rua Dona Cidinha Stussi,25
14703,425000.0,146.0,-19.872254,-43.92065700000001,4,2,1,2.0,156.53,583.0,nordeste,Fernão Dias,12/08/18,Rua José Sérgio de Paula,283
60936,180000.0,50.0,-19.816615,-43.94307509999999,2,1,0,1.0,22.87,178.0,norte,Juliana,12/08/18,Rua Acacio Costa Junior,711
139413,185000.0,43.9,-19.8900972,-44.00839529999996,2,1,0,1.0,590.0,230.0,pampulha,Serrano,12/08/18,Avenida Heráclito Mourão de Miranda,295
343888,223000.0,72.0,-19.965162300000003,-43.96974929999999,2,1,0,1.0,22.0,150.0,oeste,Estrela Dalva,12/08/18,Avenida Costa do Marfim,140
359863,520000.0,88.72,-19.9401391,-43.9144068,3,3,1,2.0,160.0,700.0,centro-sul,Serra,12/08/18,Rua Corinto,217
1674797,520000.0,95.0,-19.8583552,-43.95351679999999,3,2,1,2.0,176.0,220.0,pampulha,Liberdade,12/08/18,Rua Cacuera,715
19675,550000.0,88.72,-19.9401391,-43.9144068,3,3,1,2.0,160.0,700.0,centro-sul,Serra,12/08/18,Rua Corinto,217
19674,570000.0,88.72,-19.941035999999997,-43.914297000000026,3,3,1,2.0,160.0,700.0,centro-sul,Serra,12/08/18,Rua Corinto,217
144854,691270.0,79.03,-19.947274399999998,-43.9520789,3,3,1,2.0,10.0,10.0,centro-sul,Vila Paris,12/08/18,Rua Alves do Vale,240
128268,820000.0,78.0,-19.9662431,-43.94678029999999,2,2,2,2.0,1.0,1.0,centro-sul,Santa Lúcia,12/08/18,Rua Zodíaco,405
58644,850000.0,147.0,-19.8824755,-43.98262790000001,4,2,0,3.0,270.0,915.0,pampulha,Ouro Preto,12/08/18,Rua Desembargador Paulo Mota,1665
130637,1440000.0,250.0,-19.935366199999997,-43.95826729999999,4,1,1,3.0,350.0,2200.0,oeste,Gutierrez,12/08/18,Rua General Dionísio Cerqueira - de 501/502,42
133495,1800000.0,260.0,-19.973848699999998,-43.97088529999996,5,5,3,5.0,570.5,1000.0,oeste,Buritis,12/08/18,Rua Sílvio de Oliveira Martins,168
3245727,2000000.0,217.0,-19.9735234,-43.93694210000001,4,4,2,4.0,1078.33,1600.0,centro-sul,Belvedere,12/08/18,Rua Fausto Nunes Vieira,80
40514,1190000.0,143.0,-19.8864212,-43.923451699999994,4,4,1,3.0,0.0,400.0,leste,Cidade Nova,12/08/18,Rua Jornalista Afonso Rabelo,88
341114,435000.0,90.0,-19.97774,-43.97373700000003,2,2,1,2.0,0.0,350.0,oeste,Buritis,12/08/18,Avenida Deputado Cristóvam Chiaradia,25
341115,435000.0,90.0,-19.97774,-43.97373700000003,2,2,1,2.0,0.0,350.0,oeste,Buritis,12/08/18,Avenida Deputado Cristóvam Chiaradia,25
313859,525000.0,83.29,-19.9349235,-43.9786034,3,3,1,2.0,0.0,0.0,oeste,Nova Suíssa,12/08/18,Rua Lindolfo de Azevedo,698
50384,789000.0,170.7,-19.935185399999998,-43.97859059999996,3,3,1,3.0,0.0,0.0,oeste,Nova Suíssa,12/08/18,Rua Lindolfo de Azevedo,698
3216190,884000.0,69.7,-19.9307398,-43.9332781,2,3,2,2.0,0.0,0.0,centro-sul,Funcionários,12/08/18,Rua Bernardo Guimarães,475
3216191,895000.0,69.7,-19.9307398,-43.9332781,2,3,2,2.0,0.0,0.0,centro-sul,Funcionários,12/08/18,Rua Bernardo Guimarães,475
1837049,916000.0,69.7,-19.9307398,-43.93327799999997,2,3,2,2.0,0.0,0.0,centro-sul,Funcionários,12/08/18,Rua Bernardo Guimarães,475
1837047,918000.0,69.7,-19.9307398,-43.93327799999997,2,1,2,2.0,0.0,0.0,centro-sul,Funcionários,12/08/18,Rua Bernardo Guimarães,475
3216193,953000.0,69.7,-19.9307398,-43.9332781,2,3,2,2.0,0.0,0.0,centro-sul,Funcionários,12/08/18,Rua Bernardo Guimarães,475
3216246,953000.0,69.7,-19.9307398,-43.9332781,2,3,2,2.0,0.0,0.0,centro-sul,Funcionários,12/08/18,Rua Bernardo Guimarães,475
3216192,970000.0,69.7,-19.9307398,-43.9332781,2,3,2,2.0,0.0,0.0,centro-sul,Funcionários,12/08/18,Rua Bernardo Guimarães,475
3252697,1200000.0,155.0,-19.9055858,-43.9359379,4,2,4,4.0,0.0,0.0,leste,Floresta,12/08/18,Rua Saldanha da Gama,147
3254688,1792440.0,141.0,-19.932513,-43.95903099999998,4,3,2,4.0,0.0,0.0,oeste,Gutierrez,12/08/18,Rua André Cavalcanti,730
3254680,1945009.0,141.0,-19.932513,-43.95903099999998,4,3,2,4.0,0.0,0.0,oeste,Gutierrez,12/08/18,Rua André Cavalcanti,730
3254677,2082320.0,141.0,-19.932513,-43.95903099999998,4,3,2,4.0,0.0,0.0,oeste,Gutierrez,12/08/18,Rua André Cavalcanti,730
341542,290000.0,58.0,-19.945774399999998,-43.92179139999996,2,2,0,1.0,77.0,260.0,centro-sul,Cruzeiro,12/08/18,Rua Muzambinho,217
3253414,300000.0,56.04,-19.981261,-43.978367299999995,2,2,1,1.0,70.93,447.32,oeste,Buritis,12/08/18,Avenida Senador José Augusto,110
14716,460000.0,146.0,-19.8726984,-43.92189989999997,4,3,2,2.0,156.53,583.0,nordeste,Fernão Dias,12/08/18,Rua José Sérgio de Paula,283
3254270,650000.0,140.87,-19.9696345,-43.9700848,3,2,1,2.0,255.36,987.74,oeste,Buritis,12/08/18,Rua Lauro Ferreira,163
174570,205000.0,57.0,-19.8137464,-43.9751794,2,1,1,1.0,59.0,0.0,venda-nova,Candelária,12/08/18,Rua Corretor Juventino de Jesus,71
3258027,395000.0,159.15,-19.9395801,-43.95984490000001,3,2,1,1.0,114.97,380.0,oeste,Gutierrez,12/08/18,Rua Daniel de Carvalho,1077
1528934,250000.0,64.0,-19.8290997,-43.96398799999997,3,1,1,1.0,112.0,412.0,pampulha,Santa Branca,12/08/18,Avenida Martinica,432
356570,330000.0,85.0,-19.961196100000002,-43.96533980000004,3,3,1,2.0,111.0,310.0,oeste,Estoril,12/08/18,Rua Paulo Piedade Campos,561
16263,1012500.0,170.2,-19.9379611,-43.92198640000004,3,3,1,3.0,354.8,550.0,centro-sul,Serra,12/08/18,Rua Dona Cecília,295
3245859,395000.0,100.0,-19.859425,-43.95489599999996,3,3,1,2.0,110.0,322.0,pampulha,Liberdade,12/08/18,Rua Doutor Teles,382
339756,680000.0,162.0,-19.8737069,-43.93005519999997,3,2,1,2.0,218.08,330.0,nordeste,Palmares,12/08/18,Rua Nestor Soares de Melo,277
3234650,150000.0,48.0,-19.8472628,-43.90489409999998,2,1,0,1.0,301.0,0.0,nordeste,Ouro Minas,12/08/18,Rua Nossa Senhora do Amparo,10
3251295,990000.0,208.46,-19.883814899999997,-43.93421999999998,3,2,1,4.0,309.95,360.0,nordeste,Silveira,12/08/18,Rua Princesa Leopoldina,252
458309,600000.0,220.0,-19.938737699999997,-43.98326209999999,3,4,1,2.0,186.0,280.0,oeste,Salgado Filho,12/08/18,Rua Batista Carneiro,119
1625128,75000.0,70.0,-19.9938672,-44.05482059999997,3,1,0,0.0,0.0,76.0,barreiro,Itaipu,12/08/18,Rua A,70
358131,110000.0,64.16,-19.807973999999998,-43.99063000000001,2,1,0,1.0,0.0,0.0,venda-nova,Piratininga (venda Nova),12/08/18,Rua Altinópolis,187
375378,124000.0,46.0,-19.860042,-43.8913723,2,1,0,1.0,0.0,50.0,nordeste,Vitória,12/08/18,Avenida Magenta,270
415721,135000.0,44.32,-19.8287284,-43.99398410000003,2,1,0,1.0,0.0,80.0,venda-nova,Parque Leblon,12/08/18,Rua México,760
3253951,135000.0,44.0,-19.846347100000003,-43.88324799999998,2,1,0,1.0,180.0,0.0,nordeste,Jardim Vitória,12/08/18,Rua dos Borges,1390
352011,145000.0,50.0,-19.8755755,-44.007217800000035,2,1,0,1.0,0.0,0.0,pampulha,Serrano,12/08/18,Rua Raimundo Vieira,15
3244555,149000.0,59.0,-19.8221883,-43.90078819999997,3,1,0,1.0,0.0,130.0,norte,Ribeiro de Abreu,12/08/18,Rua Serra Formosa,475
1817778,154000.0,45.0,-19.829961899999997,-43.94480799999997,2,1,0,1.0,0.0,150.0,norte,Planalto,12/08/18,Rua Senador Campos Vergueiro,385
42084,155000.0,49.63,-19.8339154,-43.94609300000002,2,1,0,1.0,61.29,145.0,norte,Planalto,12/08/18,Rua Osório Duque Estrada - Lado Par,560
157202,155000.0,41.94,-19.901930899999996,-44.019968300000016,2,1,0,1.0,0.0,133.0,noroeste,São Salvador,12/08/18,Rua Barbosa,12
165935,155000.0,50.0,-19.8092147,-43.93702540000004,2,1,0,1.0,0.0,120.0,norte,Frei Leopoldo,12/08/18,Rua Armando Greco,333
1838775,159900.0,48.31,-19.9366695,-44.02219739999998,2,2,1,1.0,0.0,360.0,noroeste,Camargos,12/08/18,Rua Gentil Portugal do Brasil,55
127921,160000.0,62.28,-19.9022564,-43.95042460000002,2,1,0,1.0,0.0,185.0,noroeste,São Cristóvão,12/08/18,Rua Araribá,336
359776,160000.0,51.0,-19.9937021,-44.02077409999998,2,1,0,1.0,0.0,180.0,barreiro,Diamante,12/08/18,Rua Solange Bernardes Declie,255
572065,160000.0,65.0,-19.8447074,-43.980723700000006,2,1,0,0.0,0.0,0.0,pampulha,Santa Amélia,12/08/18,Rua Bento Nogueira,155
3250618,165000.0,43.91,-19.9416407,-44.01994809999997,2,1,0,1.0,0.0,238.0,noroeste,Camargos,12/08/18,Rua Itaunense,731
356126,170000.0,47.0,-19.924419699999998,-43.94573889999998,1,1,0,0.0,53.0,350.0,centro-sul,Santo Agostinho,12/08/18,Rua dos Guajajaras,1268
3238176,170000.0,49.48,-19.8127533,-43.954074299999995,2,1,0,0.0,173.39,140.0,venda-nova,São Pedro (venda Nova),12/08/18,Rua José do Carmo Oliveira,228
3257061,170000.0,48.0,-19.9015682,-43.891933,2,1,0,1.0,0.0,160.0,leste,São Geraldo,12/08/18,Rua Maracá,240
1453702,180000.0,54.17,-19.8691715,-43.91823820000002,2,1,0,1.0,0.0,130.0,nordeste,Fernão Dias,12/08/18,Rua José Carvalho Monteiro,15
333638,185000.0,54.13,-19.897246219186282,-43.99736623862304,2,1,0,1.0,0.0,200.0,pampulha,Manacás,12/08/18,Rua Leopoldo Campos Nunes,756
3235182,186000.0,60.0,-19.844920899999998,-43.9415052,3,1,0,1.0,0.0,170.0,norte,Heliópolis,12/08/18,Rua Aderito Távora,10
156333,190000.0,50.0,-19.8845298,-43.95739900000001,2,1,0,0.0,30.0,190.0,noroeste,Nova Cachoeirinha,12/08/18,Rua Francisco Castelnau,30
1525375,190000.0,75.0,-19.9214238,-43.9503019,1,0,1,0.0,0.0,411.0,centro-sul,Barro Preto,12/08/18,Avenida Augusto de Lima,1105
2535049,190000.0,78.0,-19.8023964,-43.946765200000016,3,1,0,1.0,35.0,250.0,norte,Jaqueline,12/08/18,Rua Jose Gomes Domingues,2200
3245374,192000.0,52.0,-19.958661499999998,-43.97088650000001,2,1,0,1.0,27.37,150.0,oeste,Havaí,12/08/18,Rua Estácio Rodrigues,48
341508,195000.0,56.0,-19.8945008,-43.99999309999998,2,1,0,1.0,0.0,170.0,pampulha,Manacás,12/08/18,Avenida Wiver Hernandes da Silva,422
3246854,195000.0,59.32,-19.831539365367203,-43.93356095634459,3,1,0,1.0,0.0,170.0,norte,Jardim Guanabara,12/08/18,Rua Paulo Kruger Mourão,230
358749,197000.0,43.89,-19.978273,-43.98565020000001,2,1,0,1.0,60.0,220.0,oeste,Palmeiras,12/08/18,Praça São José,20
188525,200000.0,60.0,-19.9148982,-43.947553200000016,2,1,0,1.0,0.0,220.0,noroeste,Carlos Prates,12/08/18,Rua Peçanha,161
217049,200000.0,53.0,-19.883285,-43.958260300000006,2,1,0,1.0,25.0,180.0,noroeste,Nova Cachoeirinha,12/08/18,Praça Bernardo da Veiga,50
356560,200000.0,49.0,-19.940072,-44.013089199999975,2,1,0,1.0,0.0,150.0,noroeste,Camargos,12/08/18,Rua Titânio,280
2862559,200000.0,45.0,-19.9284128,-43.90988440000001,2,1,0,1.0,63.0,200.0,centro-sul,Santa Efigênia,12/08/18,Rua Maria Carmem Valadares,549
1834597,204240.72,48.0,-19.944076100000004,-43.971757300000036,2,1,0,1.0,0.0,180.0,oeste,Jardim América,12/08/18,Rua Gama Cerqueira,1123
147109,205000.0,70.0,-19.8236765,-43.95208819999999,3,1,0,1.0,87.79,0.0,venda-nova,Venda Nova,12/08/18,Avenida Doutor Cristiano Guimarães,50
350574,205000.0,48.51,-19.859386800000003,-43.937262499999974,2,1,0,1.0,67.47,300.0,pampulha,Dona Clara,12/08/18,Rua Rita Alves Castanheiras,49
353509,208900.0,48.38,-19.943848000000003,-43.98061200000001,2,1,0,1.0,0.0,175.0,oeste,Salgado Filho,12/08/18,Rua Machado Nunes,152
60597,210000.0,46.0,-19.888657300000002,-43.93771659999999,2,1,0,0.0,0.0,200.0,nordeste,Renascença,12/08/18,Rua Descalvado,461
346528,210000.0,66.0,-19.937307500000003,-44.01871130000001,3,1,0,1.0,87.0,230.0,noroeste,Camargos,12/08/18,Rua Deputado Joaquim Mariano,141
356557,210000.0,60.0,-19.913439999999998,-43.94568000000004,3,2,0,1.0,58.0,250.0,noroeste,Carlos Prates,12/08/18,Rua Peçanha,201
3239691,210000.0,68.76,-19.949331,-43.96912509999999,2,1,0,1.0,67.25,184.0,oeste,Jardim América,12/08/18,Rua Professor Tavares Paes,500
1685152,219000.0,53.63,-19.8934743,-43.99820679999999,2,1,0,1.0,77.34,240.0,pampulha,Manacás,12/08/18,Rua Maestro George Marinuzzi,216
60458,220000.0,60.0,-19.8411915,-43.93437670000003,2,1,0,1.0,0.0,215.0,norte,Floramar,12/08/18,Rua Ouricuri,140
359861,220000.0,84.0,-19.9661925,-43.97306100000003,3,2,1,1.0,64.0,200.0,oeste,Palmeiras,12/08/18,Rua Deputado Sebastião Nascimento,329
745756,220000.0,44.17,-19.818901699999998,-43.944635999999996,2,1,0,1.0,0.0,170.0,norte,Juliana,12/08/18,Rua Joaquim Clemente,50
2197836,220000.0,33.1,-19.9206951,-43.9422573,1,0,0,0.0,54.98,350.0,centro-sul,Centro,12/08/18,Rua Tupis,718
3233947,225000.0,63.54,-19.965340100000002,-43.992564000000016,3,1,0,1.0,80.0,230.0,oeste,Betânia,12/08/18,Rua Itamar Teixeira,65
1694931,228000.0,60.0,-19.892916,-43.93117440000003,3,1,1,1.0,82.6,250.0,nordeste,Silveira,12/08/18,Rua São Claret,409
161122,230000.0,50.0,-19.840305899999997,-43.93900170000001,2,2,1,1.0,75.0,0.0,norte,Heliópolis,12/08/18,Rua Laura Brito Farias,323
351294,230000.0,52.91,-19.9776395,-43.96311960000003,2,1,0,1.0,85.0,350.0,oeste,Estoril,12/08/18,Rua José Hemetério Andrade,356
1027564,235000.0,70.0,-19.8257095,-43.96034959999997,3,1,0,1.0,59.0,0.0,venda-nova,São João Batista,12/08/18,Rua Eugenio Volpini,130
3189673,237000.0,66.0,-19.8421444,-43.9827512,2,1,0,1.0,70.0,230.0,pampulha,Santa Amélia,12/08/18,Rua Augusto Clementino,240
351749,240000.0,94.0,-19.867237600000003,-44.00915620000001,4,2,0,2.0,0.0,350.0,pampulha,Santa Terezinha,12/08/18,Rua Congonhal,400
358211,240000.0,68.2,-19.9380509,-43.975017999999984,2,1,0,1.0,93.45,250.0,oeste,Nova Suíssa,12/08/18,Rua Professora Maria Carolina Campos,93
3252801,240000.0,56.0,-19.973985100000004,-43.96442389999999,3,2,1,1.0,78.0,260.0,oeste,Buritis,12/08/18,Rua Juruena,135
3256186,243000.0,80.0,-19.8261806,-43.992888,2,1,0,1.0,0.0,200.0,venda-nova,Jardim Leblon,12/08/18,Rua Marrocos,1145
1742788,246000.0,70.0,-19.8203168,-43.959509499999974,3,2,1,1.0,75.0,0.0,venda-nova,Venda Nova,12/08/18,Rua João Gualberto de Abreu,64
1672228,250000.0,62.7,-19.860616399999998,-43.95652929999999,3,1,0,1.0,0.0,220.0,pampulha,Liberdade,12/08/18,Rua João Fernandes,113
1752502,250000.0,65.8,-19.8906515,-43.93097979999999,3,1,1,1.0,0.0,290.0,nordeste,Silveira,12/08/18,Rua Agostinho Azzi,75
1846053,250000.0,52.81,-19.8433549,-43.95700720000002,3,1,0,1.0,0.0,150.0,pampulha,Itapoã,12/08/18,Rua São Miguel,1420
3256530,250000.0,85.0,-19.965968,-43.967424,3,2,0,1.0,50.0,380.0,oeste,Estrela Dalva,12/08/18,Rua Geórgia,155
2704016,260000.0,55.0,-19.878749399999997,-44.011826499999984,2,2,1,1.0,170.0,0.0,pampulha,Serrano,12/08/18,Rua Hélia Ricaldoni de Freitas,1016
43022,264990.0,62.38,-19.9702125,-43.97268969999999,3,1,0,1.0,0.0,0.0,oeste,Buritis,12/08/18,Rua Professor Euclydes Ferreira,12
2359575,265000.0,62.0,-19.9739766,-43.96444410000004,3,2,1,1.0,85.77,180.0,oeste,Buritis,12/08/18,Rua Juruena,135
336212,270000.0,101.5,-19.9332267,-44.01742189999999,2,1,0,1.0,0.0,180.0,noroeste,Santa Maria,12/08/18,Rua das Pérolas,74
3235883,270000.0,90.0,-19.9115426,-43.96217309999997,3,2,0,1.0,82.64,380.0,noroeste,Padre Eustáquio,12/08/18,Rua Padre Eustáquio,1051
3242416,270000.0,82.0,-19.889627700000002,-43.924395900000036,3,1,0,1.0,106.0,0.0,leste,Cidade Nova,12/08/18,Rua Tabelião Ferreira de Carvalho,431
3235964,275000.0,83.93,-19.96664328975877,-43.968295254492205,4,1,1,1.0,96.8,300.0,oeste,Buritis,12/08/18,Rua Ernani Agricola,720
356539,280000.0,60.03,-19.958696600000003,-43.967665099999984,3,2,0,1.0,25.76,400.0,oeste,Estoril,12/08/18,Rua Paulo Piedade Campos,457
362384,280000.0,65.0,-19.9708638,-43.97338719999999,2,1,0,2.0,117.0,330.0,oeste,Buritis,12/08/18,Rua Maria Heilbuth Surette,1061
366283,280000.0,68.0,-19.945387,-43.97732959999996,2,2,1,2.0,101.44,0.0,oeste,Salgado Filho,12/08/18,Rua Campo Florido,81
1831600,280000.0,128.0,-19.931151999999997,-43.97094070000003,3,3,1,1.0,76.0,210.0,oeste,Prado,12/08/18,Rua Contendas,39
3248488,280000.0,70.0,-19.9671968,-43.9714151,2,2,1,1.0,143.98,300.0,oeste,Estoril,12/08/18,Rua Iracy Manata,200
3250271,280000.0,44.21,-19.9210151,-43.9475698,1,1,0,0.0,96.11,322.08,centro-sul,Barro Preto,12/08/18,Rua Mato Grosso,755
535625,284000.0,52.0,-19.8728956,-43.91966880000001,2,2,1,2.0,90.0,200.0,nordeste,Fernão Dias,12/08/18,Rua Democrata,400
124648,285000.0,55.0,-19.827754000000002,-43.93857020000002,2,1,1,1.0,88.11,256.0,norte,Jardim Guanabara,12/08/18,Rua Alga Verde,77
365288,285000.0,126.0,-19.821376,-44.00313690000002,3,1,1,1.0,93.0,50.0,venda-nova,Jardim Leblon,12/08/18,Rua Juventude,241
1607635,285000.0,57.0,-19.961571,-43.966087000000016,2,2,1,1.0,81.0,220.0,oeste,Estoril,12/08/18,Rua Nilo Antônio Gazire,145
271165,290000.0,41.0,-19.915357500000002,-43.96816849999999,3,2,1,2.0,52.0,250.0,noroeste,Padre Eustáquio,12/08/18,Rua Riachuelo,663
356744,295000.0,80.0,-19.952751,-43.97779539999999,3,3,1,2.0,93.0,250.0,oeste,Havaí,12/08/18,Rua Zínia,360
1831805,295000.0,80.0,-19.912708,-43.96594300000004,3,2,0,1.0,75.0,0.0,noroeste,Padre Eustáquio,12/08/18,Rua Santa Quitéria,466
3244206,295000.0,90.0,-19.9701164,-43.96867150000003,3,1,1,1.0,105.82,0.0,oeste,Buritis,12/08/18,Rua Walter Guimarães Figueiredo,390
183018,299000.0,65.0,-19.9030871,-43.961621700000016,3,1,2,2.0,106.84,180.0,noroeste,Nova Esperança,12/08/18,Rua Almeida Melo,102
356786,299000.0,115.0,-19.9586131,-43.96757880000001,3,3,1,2.0,87.88,320.0,oeste,Estoril,12/08/18,Rua Paulo Piedade Campos,355
1519310,299000.0,60.0,-19.966319,-43.969294200000036,2,1,0,2.0,108.6,350.0,oeste,Buritis,12/08/18,Rua Paulo Diniz Carneiro,191
7847,300000.0,85.0,-19.914509,-43.93601480000001,3,2,1,1.0,120.68,0.0,nordeste,Palmares,12/08/18,Avenida Contorno,320
337442,300000.0,105.0,-19.9626008,-43.97393990000001,2,2,1,1.0,80.0,100.0,oeste,Havaí,12/08/18,Rua Inácio Parreira Neves,145
356543,300000.0,75.0,-19.8521168,-43.95891849999998,3,1,1,1.0,57.0,220.0,pampulha,São Luiz (pampulha),12/08/18,Rua Mascarenhas de Morais,145
361653,300000.0,110.0,-19.9121966,-43.96306449999997,2,1,0,2.0,0.0,250.0,noroeste,Padre Eustáquio,12/08/18,Rua Professor Mário Casassanta,185
362936,300000.0,81.51,-19.8262564,-43.952886000000035,3,2,1,2.0,62.0,0.0,venda-nova,Venda Nova,12/08/18,Rua Francisco Augusto Rocha,66
1528385,300000.0,64.0,-19.978667899999998,-43.97329609999997,4,2,1,2.0,80.0,280.0,oeste,Buritis,12/08/18,Rua Rubens Carvalho de Andrade,12
1585626,300000.0,53.61,-19.864555600000003,-43.9542745,2,1,0,1.0,200.0,0.0,pampulha,Liberdade,12/08/18,Rua Boaventura,1070
1786883,300000.0,75.0,-19.8224695,-43.97542759999999,3,2,1,2.0,237.0,0.0,pampulha,Santa Mônica,12/08/18,Rua Mário Pederneiras,135
1928485,300000.0,134.0,-19.8413599,-43.975436899999984,3,3,2,2.0,94.82,250.0,pampulha,Santa Amélia,12/08/18,Rua Deputado Wilson Tanure,572
3237793,300000.0,120.0,-19.926458899999997,-43.94131570000002,3,2,0,0.0,91.0,1242.7,centro-sul,Santo Agostinho,12/08/18,Rua dos Timbiras,2500
367013,305000.0,76.0,-19.9683143,-43.9689095,3,2,1,1.0,92.9,241.0,oeste,Buritis,12/08/18,Rua Ernani Agricola,701
536028,305000.0,52.0,-19.8728956,-43.91966880000001,2,1,0,2.0,150.0,200.0,nordeste,Fernão Dias,12/08/18,Rua Democrata,400
421681,310000.0,72.0,-19.898882,-43.92879500000004,2,1,0,1.0,101.27,0.0,nordeste,Nova Floresta,12/08/18,Rua Juruá,273
1534257,310000.0,90.0,-19.8381076,-43.97485280000001,3,1,0,1.0,0.0,45.0,pampulha,Santa Mônica,12/08/18,Rua Alair Marques Rodrigues,1060
3248923,310000.0,120.0,-19.948971,-43.971770299999996,2,2,0,1.0,75.0,0.0,oeste,Jardim América,12/08/18,Rua Santos,2015
170213,320000.0,80.0,-19.9769722,-43.96387190000002,4,2,1,2.0,98.0,350.0,oeste,Buritis,12/08/18,Rua José Hemetério Andrade,485
339241,320000.0,80.0,-19.8787701,-43.9346205,3,1,0,1.0,143.0,0.0,nordeste,Palmares,12/08/18,Avenida Bernardo Vasconcelos,2500
356680,320000.0,85.0,-19.9605987,-43.96738370000003,3,3,1,1.0,80.0,250.0,oeste,Nova Barroca,12/08/18,Rua Mário Coutinho,591
359231,320000.0,100.0,-19.9058938,-43.93502469999999,3,2,1,1.0,70.93,0.0,leste,Floresta,12/08/18,Rua Agassiz,78
2879801,320000.0,72.0,-19.8876268,-43.89277849999996,2,2,1,1.0,41.0,0.0,leste,Boa Vista,12/08/18,Rua José Silva Passos,450
3237785,320000.0,150.0,-19.827754000000002,-43.93857020000002,3,2,0,2.0,94.0,0.0,norte,Jardim Guanabara,12/08/18,Rua Alga Verde,183
3248492,320000.0,62.89,-19.872252399999997,-43.98930830000001,3,2,1,1.0,75.0,305.0,pampulha,Ouro Preto,12/08/18,Rua Jordânia,200
3249909,320000.0,80.0,-19.979471899999997,-43.9632484,4,2,1,1.0,98.25,385.0,oeste,Buritis,12/08/18,Rua José Hemetério Andrade,485
165173,330000.0,87.0,-19.889023,-43.99524100000002,3,2,1,2.0,0.0,270.0,pampulha,Castelo,12/08/18,Rua Cecília Fonseca Coutinho,204
183557,330000.0,75.0,-19.933865,-43.970373,3,2,0,1.0,75.5,0.0,oeste,Barroca,12/08/18,Rua Contendas,262
335635,330000.0,75.0,-19.969414800000003,-43.96883750000001,3,2,1,2.0,1160.0,420.0,oeste,Buritis,12/08/18,Rua Ernani Agricola,601
3240948,330000.0,99.7,-20.0006258,-44.010522400000006,3,1,1,2.0,0.0,150.0,barreiro,Brasil Industrial (Barreiro),12/08/18,Rua Iracema Gomes Pereira,170
3253234,330000.0,94.0,-19.930833,-43.91981499999997,3,2,0,1.0,38.0,200.0,leste,São Lucas,12/08/18,Rua Monte Alegre,924
1671763,335000.0,80.0,-19.869595,-43.93131600000004,3,2,1,2.0,103.35,0.0,nordeste,Palmares,12/08/18,Rua Delegado Álvaro Loureiro,207
535626,340000.0,70.0,-19.8728956,-43.91966880000001,3,2,1,2.0,110.0,200.0,nordeste,Fernão Dias,12/08/18,Rua Democrata,400
3243450,340000.0,58.0,-19.973678699999997,-43.97180750000001,2,2,1,2.0,0.0,250.0,oeste,Estoril,12/08/18,Rua Tereza Mota Valadares,241
3256804,340000.0,128.0,-19.977632,-43.96898640000001,3,2,1,2.0,126.67,460.0,oeste,Buritis,12/08/18,Rua Professor Miguel de Souza,125
1668413,345000.0,62.78,-19.9812693,-43.97835069999997,3,2,1,2.0,76.92,410.0,oeste,Buritis,12/08/18,Avenida Senador José Augusto,110
3243522,345000.0,58.0,-19.973678699999997,-43.97180750000001,2,2,1,2.0,0.0,250.0,oeste,Buritis,12/08/18,Rua Tereza Mota Valadares,241
536029,349000.0,70.0,-19.8728956,-43.91966880000001,3,2,1,2.0,110.0,200.0,nordeste,Fernão Dias,12/08/18,Rua Democrata,400
1612476,350000.0,100.0,-19.9794956,-43.973146499999984,3,3,1,2.0,120.0,0.0,oeste,Buritis,12/08/18,Rua Pedro Natalício de Morais,180
1823300,350000.0,68.0,-19.8753095,-43.91658100000001,3,2,1,1.0,96.55,350.0,nordeste,Fernão Dias,12/08/18,Avenida Joaquim José Diniz,20
2528169,350000.0,85.0,-19.8854241,-43.996844200000005,3,3,1,2.0,100.0,0.0,pampulha,Castelo,12/08/18,Rua Romualdo Lopes Cançado,746
3240949,350000.0,123.8,-20.0006258,-44.010522400000006,3,1,1,3.0,0.0,150.0,barreiro,Brasil Industrial (Barreiro),12/08/18,Rua Iracema Gomes Pereira,170
3243525,350000.0,58.0,-19.972986,-43.97143399999999,2,2,1,2.0,0.0,250.0,oeste,Buritis,12/08/18,Rua Tereza Mota Valadares,241
3250562,350000.0,40.0,-19.9347997,-43.9347697,1,1,1,1.0,199.51,1290.0,centro-sul,Savassi,12/08/18,Rua Pernambuco,1045
157569,360000.0,110.0,-19.9312973,-43.913989600000036,3,1,0,1.0,98.0,0.0,leste,São Lucas,12/08/18,Rua Professor Regozino Alves,11
167892,360000.0,100.0,-19.9465025,-43.9406912,2,3,1,1.0,111.0,340.0,centro-sul,São Pedro,12/08/18,Rua Santo Antônio do Monte,661
252663,360000.0,70.0,-19.8892695,-43.919546800000035,2,2,1,1.0,145.0,660.0,nordeste,União,12/08/18,Rua João das Chagas,383
1806665,360000.0,126.0,-19.815829,-43.99068399999999,3,1,1,2.0,114.24,150.0,venda-nova,Piratininga (venda Nova),12/08/18,Rua Izaura,120
1971808,360000.0,109.19,-19.894332000000002,-43.950390999999975,3,2,1,0.0,96.53,230.0,noroeste,São Cristóvão,12/08/18,Rua Belmiro de Almeida,66
3243532,360000.0,58.0,-19.973678699999997,-43.97180750000001,2,2,1,2.0,0.0,250.0,oeste,Buritis,12/08/18,Rua Tereza Mota Valadares,241
335338,370000.0,66.97,-19.9768788,-43.9789634,2,2,1,2.0,144.5,0.0,oeste,Buritis,12/08/18,Rua José Phino Aleixo,105
1617433,370000.0,62.0,-19.9722234,-43.97500860000002,2,2,1,2.0,0.0,0.0,oeste,Buritis,12/08/18,Rua Orlando Moretzsohn,75
3241031,370000.0,141.62,-20.0006258,-44.010522400000006,3,1,1,2.0,0.0,150.0,barreiro,Brasil Industrial (Barreiro),12/08/18,Rua Iracema Gomes Pereira,170
3247126,374990.0,67.76,-19.907566,-43.94046549999996,3,2,1,2.0,1.11,0.0,nordeste,Lagoinha,12/08/18,Rua Itabira,608
3247127,374990.0,67.76,-19.907566,-43.94046549999996,3,2,1,2.0,1.11,0.0,nordeste,Lagoinha,12/08/18,Rua Itabira,608
3247128,374990.0,71.27,-19.907566,-43.94046549999996,3,2,1,2.0,1.11,0.0,nordeste,Lagoinha,12/08/18,Rua Itabira,608
3247129,374990.0,71.27,-19.907566,-43.94046549999996,3,2,1,2.0,1.11,0.0,nordeste,Lagoinha,12/08/18,Rua Itabira,608
3247130,374990.0,71.27,-19.907566,-43.94046549999996,3,2,1,2.0,1.11,0.0,nordeste,Lagoinha,12/08/18,Rua Itabira,608
3247137,374990.0,67.76,-19.907566,-43.94046549999996,3,2,1,2.0,1.11,0.0,nordeste,Lagoinha,12/08/18,Rua Itabira,608
147266,380000.0,80.0,-19.823420600000002,-43.94522519999998,3,2,1,2.0,0.0,500.0,norte,Vila Cloris,12/08/18,Rua das Tangerinas,631
343459,380000.0,87.0,-19.946207,-43.9264973,2,1,0,1.0,109.73,322.0,centro-sul,Anchieta,12/08/18,Rua Vitório Marcola,222
354631,380000.0,70.0,-19.9014885,-43.9317011,3,2,1,2.0,136.18,0.0,nordeste,Nova Floresta,12/08/18,Rua Coromandel,340
360595,380000.0,115.0,-19.9733359,-43.97072760000003,3,3,1,2.0,125.0,250.0,oeste,Buritis,12/08/18,Rua Clementino Viana Dotti,181
3247138,387990.0,71.27,-19.907566,-43.94046549999996,3,2,1,2.0,1.11,0.0,nordeste,Lagoinha,12/08/18,Rua Itabira,608
3247139,387990.0,67.76,-19.907566,-43.94046549999996,3,2,1,2.0,1.11,0.0,nordeste,Lagoinha,12/08/18,Rua Itabira,608
3247140,387990.0,67.76,-19.907566,-43.94046549999996,3,2,1,2.0,1.11,0.0,nordeste,Lagoinha,12/08/18,Rua Itabira,608
3247141,387990.0,67.76,-19.907566,-43.94046549999996,3,2,1,2.0,1.11,0.0,nordeste,Lagoinha,12/08/18,Rua Itabira,608
3247142,387990.0,67.76,-19.907566,-43.94046549999996,3,2,1,2.0,1.11,0.0,nordeste,Lagoinha,12/08/18,Rua Itabira,608
3247143,387990.0,67.76,-19.907566,-43.94046549999996,3,2,1,2.0,1.11,0.0,nordeste,Lagoinha,12/08/18,Rua Itabira,608
3247144,387990.0,67.76,-19.907566,-43.94046549999996,3,2,1,2.0,1.11,0.0,nordeste,Lagoinha,12/08/18,Rua Itabira,608
3247145,387990.0,67.76,-19.907566,-43.94046549999996,3,2,1,2.0,1.11,0.0,nordeste,Lagoinha,12/08/18,Rua Itabira,608
149559,390000.0,112.0,-19.9379391,-43.91612709999998,3,2,1,1.0,145.0,425.0,centro-sul,Serra,12/08/18,Rua Monte Sião,492
3250639,390000.0,85.0,-19.8748134,-43.99157779999996,3,2,1,2.0,0.0,582.0,pampulha,Ouro Preto,12/08/18,Rua José Ribeiro Filho,396
3251942,390000.0,100.0,-19.9490108,-43.93029419999999,3,3,1,1.0,156.0,400.0,centro-sul,Anchieta,12/08/18,Rua Florália,183
137669,395000.0,163.0,-19.935312399999997,-43.95703259999999,4,3,1,0.0,148.17,400.0,oeste,Gutierrez,12/08/18,Rua Almirante Alexandrino,520
3247208,398000.0,82.51,-19.9158453,-43.92340389999998,3,0,0,2.0,133.9,202.4,leste,Santa Tereza,12/08/18,Rua Hermilo Alves,175
3246204,399000.0,60.0,-19.923628,-43.96490900000003,2,2,0,1.0,70.0,0.0,oeste,Prado,12/08/18,Rua Oeste,31
3234568,400000.0,120.0,-19.9203296,-43.938973100000005,3,2,1,0.0,106.23,506.0,centro-sul,Centro,12/08/18,Rua Rio de Janeiro,909
3247146,400990.0,67.76,-19.907566,-43.94046549999996,3,2,1,2.0,1.11,0.0,nordeste,Lagoinha,12/08/18,Rua Itabira,608
3247149,400990.0,71.27,-19.907566,-43.94046549999996,3,2,1,2.0,1.11,0.0,nordeste,Lagoinha,12/08/18,Rua Itabira,608
3247150,400990.0,67.76,-19.907566,-43.94046549999996,3,2,1,2.0,1.11,0.0,nordeste,Lagoinha,12/08/18,Rua Itabira,608
3247151,400990.0,67.76,-19.907566,-43.94046549999996,3,2,1,2.0,1.11,0.0,nordeste,Lagoinha,12/08/18,Rua Itabira,608
3247152,400990.0,67.76,-19.907566,-43.94046549999996,3,2,1,2.0,1.11,0.0,nordeste,Lagoinha,12/08/18,Rua Itabira,608
3247153,400990.0,67.76,-19.907566,-43.94046549999996,3,2,1,2.0,1.11,0.0,nordeste,Lagoinha,12/08/18,Rua Itabira,608
3247154,400990.0,67.76,-19.907566,-43.94046549999996,3,2,1,2.0,1.11,0.0,nordeste,Lagoinha,12/08/18,Rua Itabira,608
3247155,400990.0,67.76,-19.907566,-43.94046549999996,3,2,1,2.0,1.11,0.0,nordeste,Lagoinha,12/08/18,Rua Itabira,608
3247156,400990.0,67.76,-19.907566,-43.94046549999996,3,2,1,2.0,1.11,0.0,nordeste,Lagoinha,12/08/18,Rua Itabira,608
150524,410000.0,80.0,-19.931986300000002,-43.911612399999974,3,1,1,2.0,99.28,320.0,leste,São Lucas,12/08/18,Rua Teodomiro Cruz,130
3247124,414990.0,67.76,-19.907566,-43.94046549999996,3,2,1,2.0,1.11,0.0,nordeste,Lagoinha,12/08/18,Rua Itabira,608
3247157,414990.0,71.27,-19.907566,-43.94046549999996,3,2,1,2.0,1.11,0.0,nordeste,Lagoinha,12/08/18,Rua Itabira,608
3247158,414990.0,71.27,-19.907566,-43.94046549999996,3,2,1,2.0,1.11,0.0,nordeste,Lagoinha,12/08/18,Rua Itabira,608
3247159,414990.0,67.76,-19.907566,-43.94046549999996,3,2,1,2.0,1.11,0.0,nordeste,Lagoinha,12/08/18,Rua Itabira,608
3247160,414990.0,67.76,-19.907566,-43.94046549999996,3,2,1,2.0,1.11,0.0,nordeste,Lagoinha,12/08/18,Rua Itabira,608
3247161,414990.0,67.76,-19.907566,-43.94046549999996,3,2,1,2.0,1.11,0.0,nordeste,Lagoinha,12/08/18,Rua Itabira,608
3247162,414990.0,67.76,-19.907566,-43.94046549999996,3,2,1,2.0,1.11,0.0,nordeste,Lagoinha,12/08/18,Rua Itabira,608
3247163,414990.0,67.76,-19.907566,-43.94046549999996,3,2,1,2.0,1.11,0.0,nordeste,Lagoinha,12/08/18,Rua Itabira,608
3247164,414990.0,67.76,-19.907566,-43.94046549999996,3,2,1,2.0,1.11,0.0,nordeste,Lagoinha,12/08/18,Rua Itabira,608
3247165,414990.0,67.76,-19.907566,-43.94046549999996,3,2,1,2.0,1.11,0.0,nordeste,Lagoinha,12/08/18,Rua Itabira,608
3247170,414990.0,67.76,-19.907566,-43.94046549999996,3,2,1,2.0,1.11,0.0,nordeste,Lagoinha,12/08/18,Rua Itabira,608
355499,419000.0,103.0,-19.9812693,-43.97835069999997,3,2,1,2.0,110.0,520.0,oeste,Buritis,12/08/18,Avenida Senador José Augusto,110
162771,420000.0,112.8,-19.9293335,-43.96731,3,2,1,1.0,63.54,180.0,oeste,Prado,12/08/18,Rua Cuiabá,1303
177582,420000.0,90.0,-19.8622974,-43.9393091,3,2,1,2.0,101.36,0.0,pampulha,Dona Clara,12/08/18,Rua Deputado José Raimundo,777
350535,420000.0,108.0,-19.8884087,-43.99690179999999,4,1,1,2.0,112.63,276.0,pampulha,Castelo,12/08/18,Rua Romualdo Lopes Cançado,582
346224,429000.0,105.0,-19.976005899999997,-43.964478199999974,3,3,1,2.0,209.0,0.0,oeste,Buritis,12/08/18,Rua José Hemetério Andrade,430
38553,430000.0,95.0,-19.9294533,-43.91869650000001,3,2,1,1.0,1766.0,400.0,leste,São Lucas,12/08/18,Rua Monte Alegre,719
2495671,430000.0,90.0,-19.935375699999998,-43.96526280000001,3,2,1,1.0,107.99,670.0,oeste,Grajaú,12/08/18,Rua Canaã,560
3250015,430000.0,114.0,-19.9722234,-43.97500860000002,2,3,1,3.0,135.0,300.0,oeste,Buritis,12/08/18,Rua Orlando Moretzsohn,116
3247171,433990.0,67.76,-19.907566,-43.94046549999996,3,2,1,2.0,1.11,0.0,nordeste,Lagoinha,12/08/18,Rua Itabira,608
3247172,433990.0,67.76,-19.907566,-43.94046549999996,3,2,1,2.0,1.11,0.0,nordeste,Lagoinha,12/08/18,Rua Itabira,608
334302,445000.0,89.55,-19.8925407,-43.966232100000006,3,2,1,2.0,985.0,528.0,noroeste,Caiçaras,12/08/18,Rua Elenir de Souza Gouvêa,50
163988,450000.0,176.0,-19.8907939,-43.92514130000001,3,2,1,2.0,111.8,0.0,leste,Cidade Nova,12/08/18,Rua Afonso Pena Júnior,71
165951,450000.0,150.0,-19.904950600000003,-43.92821349999997,4,2,1,1.0,81.44,0.0,leste,Sagrada Família,12/08/18,Rua Itajubá,1462
169209,450000.0,92.0,-19.8744698,-43.935743,3,3,2,2.0,110.88,0.0,nordeste,Palmares,12/08/18,Rua Carmelita Faria Garofalo,20
356520,450000.0,140.0,-19.8327424,-43.98270709999997,3,3,1,1.0,100.0,440.0,centro-sul,Santa Lúcia,12/08/18,Rua Universo,284
356778,450000.0,182.0,-19.9580313,-43.96724499999999,3,3,1,2.0,119.0,280.0,oeste,Estoril,12/08/18,Rua Raimundo Pereira Lima,51
3251558,450000.0,140.0,-19.8674978,-43.989615500000006,3,2,0,2.0,0.0,300.0,pampulha,Ouro Preto,12/08/18,Rua Doutor Júlio Soares,16
356556,460000.0,127.0,-19.9774985,-43.97368849999998,4,3,1,2.0,135.0,0.0,oeste,Buritis,12/08/18,Avenida Deputado Cristóvam Chiaradia,288
1526819,465000.0,80.0,-19.8236035,-43.9470776,3,1,1,2.0,0.0,480.0,norte,Vila Cloris,12/08/18,Rua das Tangerinas,631
3245183,470000.0,130.0,-19.871659,-43.91761470000001,3,2,1,4.0,0.0,150.0,nordeste,Fernão Dias,12/08/18,Rua Assunção de Marco Teixeira,9
1752040,475000.0,103.7,-19.877896,-43.99742200000003,3,2,1,2.0,0.0,480.0,pampulha,Castelo,12/08/18,Rua Castelo Guimarães,95
170883,480000.0,85.0,-19.97145,-43.97101950000001,3,2,1,2.0,2068.0,640.0,oeste,Buritis,12/08/18,Rua Stella Hanriot,518
365720,480000.0,121.62,-19.9121966,-43.96306449999997,4,2,1,2.0,110.0,0.0,noroeste,Padre Eustáquio,12/08/18,Rua Professor Mário Casassanta,185
1832142,480000.0,120.0,-19.972986,-43.97143399999999,3,1,1,2.0,0.0,320.0,oeste,Buritis,12/08/18,Rua Tereza Mota Valadares,76
339988,490000.0,160.0,-19.9473509,-43.94351080000001,2,3,1,2.0,180.0,350.0,centro-sul,Santo Antônio,12/08/18,Rua Matipó,321
159571,491100.0,76.56,-19.8676907,-43.994663300000006,3,2,1,2.0,0.0,400.0,pampulha,Paquetá,12/08/18,Rua Frei Martinho Burnier,721
169311,515000.0,130.0,-19.938814899999997,-43.96203170000001,3,3,1,1.0,980.0,330.0,oeste,Gutierrez,12/08/18,Rua Oscar Trompowsky,1093
1624721,520000.0,85.0,-19.9490634,-43.95984629999998,2,3,1,2.0,291.0,1000.0,centro-sul,Luxemburgo,12/08/18,Rua Flavita Bretas,201
135088,530000.0,86.0,-19.902387899999997,-43.922192300000006,3,1,0,1.0,0.0,300.0,leste,Sagrada Família,12/08/18,Rua Oswaldo Ferraz,476
186548,530000.0,142.0,-19.9169797,-43.96038440000001,3,3,1,2.0,99.74,360.0,noroeste,Carlos Prates,12/08/18,Rua Corumbá,429
1468810,530000.0,144.0,-19.977689,-43.97036460000004,2,2,1,2.0,0.0,0.0,oeste,Buritis,12/08/18,Rua José Amaury Ferrara,190
3253550,530000.0,146.0,-19.9780081,-43.9782851,4,2,1,3.0,216.0,400.0,oeste,Buritis,12/08/18,Rua Rubem Berardo,70
1848738,535000.0,108.0,-19.870507,-43.92262700000003,3,2,1,3.0,0.0,600.0,nordeste,Fernão Dias,12/08/18,Rua Aiuruoca,109
3243553,540000.0,58.0,-19.973678699999997,-43.97180750000001,2,2,1,2.0,0.0,250.0,oeste,Buritis,12/08/18,Rua Tereza Mota Valadares,241
356670,550000.0,170.0,-19.977423100000003,-43.9698717,4,4,1,3.0,152.78,300.0,oeste,Buritis,12/08/18,Rua José Amaury Ferrara,100
356564,570000.0,165.0,-19.9423785,-43.98096369999996,3,2,1,3.0,0.0,200.0,oeste,Salgado Filho,12/08/18,Rua Conselheiro Cipriano Soares,103
3237893,570000.0,167.0,-19.919601,-43.97354000000002,3,2,0,3.0,209.02,375.0,noroeste,Padre Eustáquio,12/08/18,Rua Dom Viçoso,387
3256392,570000.0,100.08,-19.952835,-43.97768989999997,3,3,1,0.0,151.46,550.0,oeste,Havaí,12/08/18,Rua Zínia,330
42099,580000.0,136.0,-19.948068,-43.96162240000001,4,2,1,2.0,0.0,820.0,oeste,Gutierrez,12/08/18,Rua Cachoeira de Minas,114
3240197,585754.0,36.86,-19.937851300000002,-43.936195399999974,1,1,1,1.0,1.0,1.0,centro-sul,Funcionários,12/08/18,Rua Antônio de Albuquerque,894
170666,599933.0,100.66,-19.97693,-43.97722299999998,3,2,1,2.0,0.0,450.0,oeste,Buritis,12/08/18,Rua Ignácio Alves Martins,191
174800,600000.0,186.0,-19.832168799999998,-43.937902099999974,3,2,1,2.0,162.0,0.0,norte,Heliópolis,12/08/18,Rua Tomaz Amâncio da Silva,66
251736,600000.0,110.0,-19.971564899999997,-43.97216750000001,3,2,1,2.0,212.0,650.0,oeste,Buritis,12/08/18,Rua Stella Hanriot,25
3211992,600000.0,140.0,-19.895200775727908,-43.9225758163941,4,1,1,2.0,0.0,790.0,leste,Sagrada Família,12/08/18,Rua Conselheiro Lafaiete,2005
3251872,600000.0,136.78,-19.9426118,-43.97370999999998,3,3,1,3.0,210.73,0.0,oeste,Nova Suíssa,12/08/18,Rua Indiana,347
45907,605000.0,85.0,-19.911971100000002,-43.93077219999998,3,2,1,2.0,0.0,290.0,leste,Floresta,12/08/18,Rua Pouso Alegre,488
20858,620000.0,155.0,-19.976350600000004,-43.9769167,2,2,1,3.0,0.0,200.0,oeste,Buritis,12/08/18,Avenida Aggeo Pio Sobrinho,399
3246945,630000.0,42.0,-19.9379207,-43.936981599999974,1,0,0,1.0,0.0,400.0,centro-sul,Savassi,12/08/18,Rua Antônio de Albuquerque,894
17044,640000.0,112.72,-19.9794825,-43.96721819999999,4,3,1,2.0,0.0,300.0,oeste,Buritis,12/08/18,Rua Esmeraldo Botelho,273
3246132,640000.0,60.0,-19.9279617,-43.92377850000002,2,2,1,2.0,266.0,260.0,centro-sul,Santa Efigênia,12/08/18,Rua Romano Stochiero,39
3246145,640000.0,60.0,-19.9279617,-43.92377850000002,2,2,1,2.0,266.0,260.0,centro-sul,Santa Efigênia,12/08/18,Rua Romano Stochiero,39
143034,650000.0,110.0,-19.908256899999998,-43.92461960000003,4,2,1,2.0,170.0,0.0,leste,Sagrada Família,12/08/18,Rua Conselheiro Lafaiete,228
349020,650000.0,100.0,-19.8787701,-43.9346205,3,2,1,1.0,180.5,0.0,nordeste,Palmares,12/08/18,Avenida Bernardo Vasconcelos,2350
1577709,650000.0,101.44,-19.9260435,-43.99260319999996,3,2,1,1.0,265.0,750.0,noroeste,Coração Eucarístico,12/08/18,Rua Dom Aristides Porto,245
3246530,650000.0,149.02,-19.9180454,-43.95960660000003,3,3,0,2.0,109.69,0.0,noroeste,Carlos Prates,12/08/18,Rua Suassuí,239
3251109,650000.0,62.78,-19.9464703,-43.95129940000004,2,2,1,2.0,0.0,320.0,centro-sul,Luxemburgo,12/08/18,Rua Gentios,343
170665,654290.0,100.66,-19.97693,-43.97722299999998,3,2,1,2.0,0.0,450.0,oeste,Buritis,12/08/18,Rua Ignácio Alves Martins,191
27406,680000.0,147.0,-19.943832,-43.938365999999974,5,3,2,1.0,130.0,0.0,centro-sul,São Pedro,12/08/18,Rua Viçosa,393
36682,680000.0,160.0,-19.8839,-43.91827090000004,3,3,1,2.0,0.0,300.0,nordeste,União,12/08/18,Rua Manoel Miranda,282
342970,680000.0,120.0,-19.887567899999997,-44.00491399999999,3,1,1,2.0,198.0,0.0,pampulha,Pampulha,12/08/18,Rua José Mendes de Carvalho,254
1673608,690000.0,90.0,-19.8892217,-43.99596910000002,3,2,1,2.0,0.0,80.0,pampulha,Manacás,12/08/18,Rua Desembargador José Satyro,252
3235021,699000.0,110.0,-19.875881,-43.98025200000001,3,2,1,3.0,120.0,0.0,pampulha,Pampulha,12/08/18,Rua Desembargador Paulo Mota,263
176452,700000.0,112.0,-19.9304583,-43.93740560000003,3,3,1,1.0,138.54,300.0,centro-sul,Centro,12/08/18,Avenida João Pinheiro,607
349834,700000.0,120.0,-19.9707826,-43.97295800000001,4,3,1,3.0,255.0,300.0,oeste,Buritis,12/08/18,Rua Maria Heilbuth Surette,430
3243514,700000.0,64.0,-19.9270995,-43.92366270000002,2,2,1,2.0,261.0,600.0,centro-sul,Santa Efigênia,12/08/18,Rua Romano Stochiero,69
3252050,727000.0,63.1,-19.9357583,-43.92934839999998,2,2,1,2.0,1.0,1.0,centro-sul,Savassi,12/08/18,Rua Santa Rita Durão,1172
3237646,730000.0,111.02,-19.9429297,-43.93283830000002,3,2,0,2.0,307.0,1057.0,centro-sul,Sion,12/08/18,Rua Grão Mogol,172
346295,750000.0,150.0,-19.873751000000002,-43.931028999999974,4,2,1,3.0,340.0,0.0,nordeste,Palmares,12/08/18,Rua Coronel Jairo Pereira,750
397895,750000.0,200.0,-19.871845,-43.93195400000002,3,3,1,3.0,202.51,0.0,nordeste,Palmares,12/08/18,Rua Joviano Naves,168
3244669,764000.0,63.1,-19.9357583,-43.92934839999998,2,2,1,2.0,1.0,1.0,centro-sul,Savassi,12/08/18,Rua Santa Rita Durão,1172
2802429,825000.0,170.0,-19.9418692,-43.96869779999997,3,2,0,2.0,0.0,250.0,oeste,Nova Granada,12/08/18,Rua Industrial José Costa,234
3243518,849000.0,96.08,-19.9357583,-43.92934839999998,2,2,1,2.0,1.0,1.0,centro-sul,Savassi,12/08/18,Rua Santa Rita Durão,1172
239604,850000.0,88.68,-19.9384623,-43.92127419999997,3,4,1,2.0,350.0,904.34,centro-sul,Serra,12/08/18,Rua Dona Cecília,261
331302,850000.0,310.0,-19.8871093,-43.92100440000002,5,4,1,2.0,291.33,0.0,nordeste,União,12/08/18,Rua Doutor Benjamim Moss,95
351701,850000.0,150.0,-19.9331484,-43.91916370000001,2,4,1,3.0,394.39,0.0,leste,São Lucas,12/08/18,Rua Rádio,20
3246949,870000.0,58.0,-19.9379207,-43.936981599999974,2,0,0,2.0,0.0,500.0,centro-sul,Funcionários,12/08/18,Rua Antônio de Albuquerque,894
3246950,870000.0,58.0,-19.9379207,-43.936981599999974,2,0,0,2.0,0.0,500.0,centro-sul,Savassi,12/08/18,Rua Antônio de Albuquerque,894
172675,900000.0,130.0,-19.931060100000003,-43.92383540000003,3,2,1,1.0,190.0,700.0,centro-sul,Santa Efigênia,12/08/18,Rua Grão Pará,1005
358269,946000.0,105.17,-19.941632100000003,-43.946103,3,3,1,2.0,1.0,1.0,centro-sul,Santo Antônio,12/08/18,Rua Paulo Afonso,486
186417,950000.0,120.0,-19.877387699999996,-43.996162700000006,4,4,4,4.0,302.42,1115.62,pampulha,Castelo,12/08/18,Avenida Miguel Perrela,571
358277,955000.0,105.17,-19.941632100000003,-43.946103,3,2,1,3.0,1.0,1.0,centro-sul,Santo Antônio,12/08/18,Rua Paulo Afonso,486
268129,980000.0,125.0,-19.943751199999998,-43.94764050000003,4,3,1,4.0,388.0,625.0,centro-sul,Santo Antônio,12/08/18,Rua Professor Arduino Bolivar,203
591421,1100000.0,250.0,-19.972639899999997,-43.968452000000006,4,3,1,4.0,0.0,380.0,oeste,Buritis,12/08/18,Rua Stella Hanriot,457
1841047,1100000.0,210.0,-19.873751000000002,-43.931028999999974,4,3,2,3.0,311.0,0.0,nordeste,Palmares,12/08/18,Rua Coronel Jairo Pereira,444
11528,1150000.0,173.0,-19.9679341,-43.96672509999996,4,4,2,4.0,0.0,650.0,oeste,Buritis,12/08/18,Rua Engenheiro Alberto Pontes,90
3244672,1220000.0,126.91,-19.9357583,-43.92934839999998,2,2,1,2.0,1.0,1.0,centro-sul,Savassi,12/08/18,Rua Santa Rita Durão,1172
15314,1250000.0,145.0,-19.891588199999997,-43.92483590000001,4,3,1,4.0,0.0,450.0,leste,Cidade Nova,12/08/18,Rua Doutor Jarbas Vidal Gomes,211
344843,1250000.0,137.86,-19.9324569,-43.9434286,4,2,1,2.0,408.0,1050.0,centro-sul,Lourdes,12/08/18,Rua Tomaz Gonzaga,646
362450,1300000.0,150.0,-19.943715899999997,-43.9302123,4,3,1,3.0,443.12,1520.0,centro-sul,Sion,12/08/18,Rua Campanha,178
1527479,1327926.0,75.08,-19.9362832,-43.942391999999984,2,1,1,2.0,1.0,1.0,centro-sul,Funcionários,12/08/18,Rua Antônio de Albuquerque,894
358312,1380000.0,142.4,-19.9423897,-43.94524949999999,4,3,2,4.0,300.0,470.0,centro-sul,Savassi,12/08/18,Rua Quintiliano Silva,351
61934,1400000.0,135.79,-19.9559283,-43.93621710000002,4,4,2,3.0,0.0,1172.0,centro-sul,Sion,12/08/18,Rua Peru,51
19856,1598000.0,196.71,-19.930479100000003,-43.93636279999998,3,3,1,3.0,422.0,900.0,centro-sul,Funcionários,12/08/18,Rua Sergipe,440
11529,1650000.0,346.0,-19.9707391,-43.96627139999998,4,2,4,5.0,0.0,650.0,oeste,Buritis,12/08/18,Rua Engenheiro Alberto Pontes,90
1675456,1650000.0,199.0,-19.931552,-43.95790699999998,4,4,2,4.0,530.0,1300.0,oeste,Gutierrez,12/08/18,Rua Holanda Lima,99
186559,1800000.0,177.0,-19.9433245,-43.95410029999999,4,5,2,4.0,366.3,1738.0,centro-sul,Luxemburgo,12/08/18,Rua Henrique Sales,109
152219,2390000.0,210.0,-19.8907939,-43.92514130000001,4,5,2,6.0,849.0,0.0,leste,Cidade Nova,12/08/18,Rua Afonso Pena Júnior,297
423782,2990000.0,259.96,-19.936951,-43.93998899999997,4,4,3,3.0,736.0,2304.69,centro-sul,Funcionários,12/08/18,Rua Antônio de Albuquerque,1177
1834736,1254639.0,103.83,-19.9322613,-43.94363529999998,2,2,1,2.0,0.0,0.0,centro-sul,Lourdes,12/08/18,Rua Tomás Gonzaga,706
48585,460000.0,85.0,-20.032923800000003,-44.05739019999999,3,2,1,3.0,120.0,400.0,oeste,Gutierrez,12/08/18,Rua Anita Garibaldi,71
3242487,230000.0,70.0,-19.9633255,-43.971305700000016,3,2,1,1.0,64.54,309.0,oeste,Estrela Dalva,12/08/18,Avenida Costa do Marfim,333
139079,340000.0,74.0,-19.892006100000003,-43.92061089999999,3,2,1,1.0,92.99,385.0,leste,Sagrada Família,12/08/18,Avenida José Cândido da Silveira,398
219925,450000.0,80.0,-19.883696,-43.91932109999999,3,2,1,2.0,162.99,410.0,nordeste,União,12/08/18,Rua Andesita,137
471738,163000.0,16.27,-19.897946899999997,-43.94714690000001,1,1,0,0.0,110.0,0.0,noroeste,São Cristóvão,12/08/18,Rua Amadeu Quaglia,40
3245944,490000.0,110.0,-19.9495021,-43.94257859999999,3,2,1,2.0,206.0,0.0,centro-sul,Santo Antônio,12/08/18,Rua Engenheiro Zoroastro Torres,447
2474717,1400000.0,90.0,-19.933053899999997,-43.942229,2,3,2,2.0,419.5,1151.23,centro-sul,Lourdes,12/08/18,Rua Rio de Janeiro,2121
42117,185000.0,50.0,-19.8304807,-43.94506150000001,2,1,0,1.0,65.0,150.0,norte,Planalto,12/08/18,Rua Osório Duque Estrada,454
371858,610000.0,120.0,-19.9709639,-43.97381010000004,4,3,1,3.0,320.0,600.0,oeste,Buritis,12/08/18,Rua Maria Heilbuth Surette,969
226797,630000.0,120.0,-19.934995,-43.97775619999999,3,2,1,3.0,174.0,200.0,oeste,Nova Suíssa,12/08/18,Rua João Caetano,155
12802,999000.0,230.5,-19.9707457,-43.97335859999998,4,2,1,3.0,0.0,300.0,oeste,Buritis,12/08/18,Rua Maria Heilbuth Surette,522
42085,160000.0,49.63,-19.8339154,-43.94609300000002,2,1,0,1.0,61.28,145.0,norte,Planalto,12/08/18,Rua Osório Duque Estrada - Lado Par,560
42082,165000.0,49.63,-19.8339154,-43.94609300000002,2,1,0,1.0,63.08,145.0,norte,Planalto,12/08/18,Rua Osório Duque Estrada - Lado Par,560
60332,540000.0,62.3,-19.9456206,-43.95124340000001,1,1,1,1.0,230.0,950.0,centro-sul,Luxemburgo,12/08/18,Rua Guaicuí,596
170308,490000.0,88.0,-19.968679,-43.97175070000003,3,2,1,3.0,1700.0,693.12,oeste,Buritis,12/08/18,Rua Maria Heilbuth Surette,1193
3251740,320000.0,100.0,-19.8175818,-43.97221300000001,3,2,1,2.0,80.0,0.0,venda-nova,Venda Nova,12/08/18,Rua Domingos Garcia,371
170516,440000.0,90.0,-19.9771552,-43.96388500000001,2,1,0,1.0,115.0,360.0,oeste,Buritis,12/08/18,Rua José Hemetério Andrade,558
356076,219000.0,55.0,-19.877992199999998,-43.93759910000001,2,1,0,1.0,65.23,380.0,nordeste,Palmares,12/08/18,Avenida Artur Guimarães,55
347240,310000.0,112.0,-19.9606298,-43.9658958,4,1,1,1.0,77.0,400.0,oeste,Estoril,12/08/18,Rua Paulo Piedade Campos,680
482592,1200000.0,135.0,-19.9732945,-43.966863999999994,3,3,1,3.0,0.0,750.0,oeste,Buritis,12/08/18,Rua José Hemetério Andrade,285
179172,1300000.0,220.0,-19.9341142,-43.94802549999997,4,3,1,2.0,274.0,1200.0,centro-sul,Santo Agostinho,12/08/18,Rua Felipe dos Santos,869
3253034,165000.0,86.21,-19.8250644,-43.95839190000004,2,1,0,0.0,0.0,75.0,venda-nova,São João Batista,12/08/18,Rua José Sanguinete,105
136296,215000.0,50.0,-19.8784389,-43.93745369999999,2,1,0,1.0,60.0,350.0,nordeste,Palmares,12/08/18,Avenida Artur Guimarães,55
334230,240000.0,53.34,-19.9319642,-44.003332,2,0,0,1.0,75.54,235.0,noroeste,João Pinheiro,12/08/18,Rua Nogueira de Paiva,348
124624,260000.0,62.0,-19.959660600000003,-43.96950390000001,2,2,1,2.0,71.38,150.0,oeste,Havaí,12/08/18,Rua Estácio Rodrigues,548
153209,260000.0,53.0,-19.9719863,-43.98347899999999,2,1,1,1.0,56.0,150.0,oeste,Palmeiras,12/08/18,Rua Ophil Ribeiro,72
535225,279000.0,52.0,-19.8728956,-43.91966880000001,2,1,0,2.0,90.0,200.0,nordeste,Fernão Dias,12/08/18,Rua Democrata,400
292012,290000.0,72.0,-19.9751313,-43.96323310000002,2,2,1,2.0,87.0,290.0,oeste,Buritis,12/08/18,Rua Jandiatuba,100
3255299,300000.0,100.0,-19.937658300000002,-43.961799600000006,3,1,0,0.0,102.0,261.0,oeste,Gutierrez,12/08/18,Rua Oscar Trompowsky,617
535627,305000.0,52.0,-19.8728956,-43.91966880000001,2,1,0,2.0,90.0,200.0,nordeste,Fernão Dias,12/08/18,Rua Democrata,400
332029,320000.0,28.0,-19.861795899999997,-43.951437,1,1,1,1.0,100.0,600.0,pampulha,Liberdade,12/08/18,Rua Intendente Câmara,540
2344034,400000.0,100.0,-19.922140399999996,-43.94651909999999,3,2,1,0.0,162.0,644.0,centro-sul,Centro,12/08/18,Avenida Augusto de Lima,46
166715,520000.0,150.0,-19.966780800000002,-43.96723159999999,3,4,1,2.0,246.81,700.0,oeste,Buritis,12/08/18,Rua Professora Bartira Mourão,645
60337,590000.0,62.45,-19.9456206,-43.95124340000001,1,1,1,1.0,230.0,950.0,centro-sul,Luxemburgo,12/08/18,Rua Guaicuí,596
146839,695000.0,88.73,-19.9456206,-43.95124340000001,1,1,1,1.0,230.0,950.0,centro-sul,Luxemburgo,12/08/18,Rua Guaicuí,596
336349,730000.0,132.0,-19.966317,-43.9672243,4,3,1,3.0,200.0,890.0,oeste,Estoril,12/08/18,Rua Professora Bartira Mourão,492
3239194,950000.0,251.0,-19.879893300000003,-43.99677280000003,4,2,2,3.0,270.0,350.0,pampulha,Ouro Preto,12/08/18,Rua Castelo de Arraiolos,200
42087,150000.0,49.63,-19.8339154,-43.94609300000002,2,1,0,1.0,63.08,145.0,norte,Planalto,12/08/18,Rua Osório Duque Estrada - Lado Par,560
6302,690000.0,150.0,-19.8729192,-43.92968120000001,3,2,1,2.0,161.8,0.0,nordeste,Palmares,12/08/18,Rua Professor Patrocínio Filho,331
1837112,549000.0,39.51,-19.9307397,-43.9332781,1,2,1,1.0,0.0,0.0,centro-sul,Funcionários,12/08/18,Rua Bernardo Guimarães,475
3216248,553000.0,39.51,-19.9307398,-43.93327799999997,1,2,1,1.0,0.0,0.0,centro-sul,Funcionários,12/08/18,Rua Bernardo Guimarães,475
1837114,557000.0,39.51,-19.9307397,-43.9332781,1,2,1,1.0,0.0,0.0,centro-sul,Funcionários,12/08/18,Rua Bernardo Guimarães,475
1837316,573000.0,39.51,-19.9307397,-43.9332781,1,2,1,2.0,0.0,0.0,centro-sul,Funcionários,12/08/18,Rua Bernardo Guimarães,475
1837314,645000.0,39.51,-19.9306638,-43.93319220000001,1,2,1,1.0,0.0,0.0,centro-sul,Funcionários,12/08/18,Rua Bernardo Guimarães,475
3216247,692000.0,39.51,-19.9307398,-43.93327799999997,1,2,1,1.0,0.0,0.0,centro-sul,Funcionários,12/08/18,Rua Bernardo Guimarães,475
1836536,791000.0,114.21,-19.9307397,-43.9332781,1,2,1,2.0,0.0,0.0,centro-sul,Funcionários,12/08/18,Rua Bernardo Guimarães,475
1836980,867000.0,68.37,-19.930739300000003,-43.93325930000003,2,3,2,2.0,0.0,0.0,centro-sul,Funcionários,12/08/18,Rua Bernardo Guimarães,475
1837110,941000.0,69.7,-19.9307397,-43.9332781,2,3,2,2.0,0.0,0.0,centro-sul,Funcionários,12/08/18,Rua Bernardo Guimarães,475
337098,980000.0,72.0,-19.9339667,-43.93152190000001,2,2,1,2.0,458.98,409.02,centro-sul,Savassi,12/08/18,Rua Cláudio Manoel,878
135349,1050000.0,72.0,-19.9339667,-43.93152190000001,2,2,1,2.0,430.0,340.0,centro-sul,Savassi,12/08/18,Rua Cláudio Manoel,878
161862,390000.0,90.0,-19.870318,-43.93207000000001,3,1,1,2.0,0.0,300.0,nordeste,Palmares,12/08/18,Rua Professor Antônio Márcio,145
144913,225000.0,54.0,-19.8137464,-43.9751794,2,2,1,1.0,58.0,400.0,venda-nova,Candelária,12/08/18,Rua Corretor Juventino de Jesus,71
7049,420000.0,150.0,-19.8749255,-43.93202120000001,3,3,1,1.0,118.0,0.0,nordeste,Palmares,12/08/18,Rua Coronel Jairo Pereira,254
352377,730000.0,128.0,-19.968109100000003,-43.97009809999997,4,3,1,3.0,233.0,450.0,oeste,Buritis,12/08/18,Rua Tito Guimarães,76
1836475,797000.0,148.35,-19.930873100000003,-43.933862100000006,1,1,1,2.0,0.0,0.0,centro-sul,Funcionários,12/08/18,Rua Bernardo Guimarães,475
143529,520000.0,80.0,-19.982387699999997,-43.97997129999999,2,3,1,2.0,80.0,0.0,oeste,Buritis,12/08/18,Avenida Senador José Augusto,355
17124,835000.0,160.0,-19.935281,-43.967939900000026,3,4,1,2.0,150.0,300.0,oeste,Barroca,12/08/18,Rua Camapua,375
356583,285000.0,90.0,-19.9623549,-43.96520910000004,3,3,1,1.0,85.0,420.0,oeste,Estoril,12/08/18,Rua Paulo Piedade Campos,850
144765,160000.0,48.8,-19.7980047,-43.970392499999996,2,1,0,1.0,0.0,150.0,venda-nova,Venda Nova,12/08/18,Rua Soldado Ronaldo de Seixas,31
356742,710000.0,108.0,-19.9713686,-43.97103579999998,4,0,1,3.0,233.0,726.0,oeste,Buritis,12/08/18,Rua Stella Hanriot,420
170374,250000.0,60.0,-19.9650154,-43.96510160000002,3,1,0,1.0,60.0,240.0,oeste,Estoril,12/08/18,Rua Paulo Piedade Campos,63
22739,260000.0,65.0,-19.8891155,-43.99925889999997,2,1,1,2.0,77.0,190.0,pampulha,Pampulha,12/08/18,Rua Desembargador José Burnier,146
337412,260000.0,49.0,-19.9680256,-43.96877310000002,2,1,0,1.0,945.0,330.0,oeste,Buritis,12/08/18,Rua Ernani Agricola,520
9792,720000.0,124.5,-19.9707749,-43.97293880000001,4,1,1,3.0,316.0,456.0,oeste,Buritis,12/08/18,Rua Maria Heilbuth Surette,882
340465,162000.0,49.73,-19.8714192,-43.95440099999996,2,1,0,1.0,0.0,180.0,pampulha,São Francisco,12/08/18,Rua Padre Leopoldo Mertens,1651
337866,280000.0,56.0,-19.902766699999997,-43.9208926,2,1,0,1.0,76.0,200.0,leste,Sagrada Família,12/08/18,Rua Waston Radich,31
9211,320000.0,80.0,-19.8700451,-43.93786190000003,3,2,1,2.0,0.0,400.0,nordeste,Palmares,12/08/18,Rua Pastor Achilles Barbosa,86
3255132,450000.0,100.0,-19.915484699999997,-43.9223275,3,1,0,1.0,95.0,525.0,leste,Santa Tereza,12/08/18,Rua Hermilo Alves,235
3243389,310000.0,55.0,-19.965347899999998,-43.97621179999999,2,1,1,2.0,110.0,100.0,oeste,Estrela Dalva,12/08/18,Rua Marcos Coelho Neto,444
356549,315000.0,70.0,-19.9824106,-43.97996970000003,2,1,1,1.0,0.0,330.0,oeste,Buritis,12/08/18,Avenida Senador José Augusto,80
56698,284852.0,73.0,-19.8649045,-43.89956840000002,3,1,1,1.0,0.0,0.0,nordeste,Goiânia,12/08/18,Rua Ganso,77
56697,294822.0,73.0,-19.8649045,-43.89956840000002,3,1,1,1.0,0.0,0.0,nordeste,Goiânia,12/08/18,Rua Ganso,77
347340,460000.0,84.0,-19.887683300000003,-43.93711429999996,3,1,1,1.0,0.0,0.0,nordeste,Renascença,12/08/18,Rua Japurá,47
347379,500000.0,84.0,-19.887683300000003,-43.93711429999996,3,1,1,1.0,0.0,0.0,nordeste,Renascença,12/08/18,Rua Japurá,47
347391,610000.0,168.0,-19.887683300000003,-43.93711429999996,3,2,1,2.0,0.0,0.0,nordeste,Renascença,12/08/18,Rua Japurá,47
347411,630000.0,168.0,-19.887683300000003,-43.93711429999996,3,2,1,2.0,0.0,0.0,nordeste,Renascença,12/08/18,Rua Japurá,47
17045,640000.0,112.45,-19.9794825,-43.96721819999999,4,3,1,2.0,0.0,0.0,oeste,Buritis,12/08/18,Rua Esmeraldo Botelho,273
28125,683802.0,126.0,-19.9750891,-43.9670102,4,3,1,3.0,0.0,0.0,oeste,Buritis,12/08/18,Rua Marco Aurélio de Miranda,225
28124,711427.0,126.0,-19.9750891,-43.9670102,4,3,1,3.0,0.0,0.0,oeste,Buritis,12/08/18,Rua Marco Aurélio de Miranda,225
3239761,780000.0,130.0,-19.8811836,-43.922830600000005,4,4,2,2.0,0.0,0.0,nordeste,União,12/08/18,Rua Johnson,92
28226,786000.0,126.0,-19.9750891,-43.9670102,4,3,1,3.0,0.0,0.0,oeste,Buritis,12/08/18,Rua Marco Aurélio de Miranda,225
3239766,795000.0,130.0,-19.8843404,-43.92331509999997,4,4,2,2.0,0.0,0.0,nordeste,União,12/08/18,Rua Johnson,92
3239774,815000.0,130.0,-19.8811836,-43.922830600000005,4,4,2,3.0,0.0,0.0,nordeste,União,12/08/18,Rua Johnson,92
9796,816780.74,124.5,-19.9707749,-43.97293880000001,4,4,2,3.0,316.47,456.0,oeste,Buritis,12/08/18,Rua Maria Heilbuth Surette,882
3239749,980000.0,270.0,-19.8811836,-43.922830600000005,4,4,2,3.0,0.0,0.0,nordeste,União,12/08/18,Rua Johnson,92
3239776,1280000.0,284.0,-19.8811836,-43.922830600000005,4,5,2,4.0,0.0,0.0,nordeste,União,12/08/18,Rua Johnson,92
143080,1350000.0,250.0,-19.884256761831537,-43.92519205927738,4,3,2,5.0,0.0,0.0,nordeste,União,12/08/18,Rua João Arantes,235
356677,199990.0,50.0,-19.9434509,-43.978007299999994,2,1,0,1.0,58.0,240.0,oeste,Salgado Filho,12/08/18,Rua Maquiné,234
3218454,205000.0,46.83,-19.8463532,-43.9788585,1,1,0,1.0,45.0,200.0,pampulha,Santa Amélia,12/08/18,Avenida Portugal,2535
13771,230000.0,45.71,-19.825462899999998,-43.9475427,2,1,0,1.0,0.0,120.0,norte,Vila Cloris,12/08/18,Rua das Gaivotas,308
132058,249000.0,72.0,-19.8285822,-43.96376629999998,3,2,1,1.0,78.97,417.0,pampulha,Santa Branca,12/08/18,Avenida Martinica,432
365488,257000.0,67.88,-20.005512,-44.007214999999974,3,1,1,1.0,0.0,250.0,barreiro,Cardoso,12/08/18,Rua Augusto Muniz,255
397717,285000.0,70.0,-19.932632199999997,-43.98162159999998,2,2,1,1.0,0.0,180.0,oeste,Nova Suíssa,12/08/18,Rua Monte Simplon,417
186413,300000.0,37.68,-19.934167600000002,-43.931352,1,1,1,0.0,114.93,520.0,centro-sul,Funcionários,12/08/18,Rua Cláudio Manoel,489
32166,310000.0,130.0,-19.930715399999997,-43.96917450000001,4,1,1,1.0,0.0,0.0,oeste,Prado,12/08/18,Rua Brumadinho,1029
359363,320000.0,70.0,-19.931248899999996,-43.98054450000001,2,1,1,1.0,0.0,200.0,oeste,Nova Suíssa,12/08/18,Rua Monte Simplon,417
337026,325000.0,84.77,-19.821325100000003,-43.979881500000026,3,1,0,1.0,0.0,0.0,venda-nova,Sinimbu,12/08/18,Praça João Vianna,26
57802,330000.0,67.0,-19.873791600000004,-43.91897069999999,3,2,1,1.0,78.36,340.0,nordeste,Fernão Dias,12/08/18,Rua Doresópolis,591
57803,330000.0,67.0,-19.869991600000002,-43.92220950000001,3,2,1,1.0,78.36,340.0,nordeste,Fernão Dias,12/08/18,Rua Doresópolis,591
254009,450000.0,70.0,-19.972528,-43.97148549999997,2,3,1,2.0,1672.81,0.0,oeste,Buritis,12/08/18,Rua Tereza Mota Valadares,175
247656,462000.0,80.0,-19.8234359,-43.94559570000001,3,2,1,2.0,0.0,0.0,norte,Vila Cloris,12/08/18,Rua das Tangerinas,631
356683,507100.0,173.82,-19.9611627,-43.97275020000001,3,2,1,4.0,0.0,0.0,oeste,Palmeiras,12/08/18,Rua Barroso Neto,317
185827,520000.0,98.0,-19.946207,-43.9264973,3,2,1,1.0,1300.0,300.0,centro-sul,Anchieta,12/08/18,Rua Vitório Marcola,761
42025,660000.0,85.0,-19.9315331,-43.96316899999999,3,3,1,2.0,200.0,300.0,oeste,Prado,12/08/18,Rua Cura D Ars,620
224998,719000.0,79.81,-19.924924,-43.96031719999996,3,3,1,3.0,0.0,0.0,oeste,Prado,12/08/18,Rua Chapecó,538
366745,1150000.0,198.0,-19.943177,-43.92136719999996,4,3,1,2.0,325.01,995.0,centro-sul,Serra,12/08/18,Rua Caraça,211
308619,650000.0,87.0,-19.9639558,-43.96538750000002,3,2,1,2.0,221.96,638.88,oeste,Estoril,12/08/18,Rua Paulo Piedade Campos,15
1834785,798122.11,63.36,-19.93616,-43.93241999999998,2,3,2,2.0,0.0,0.0,centro-sul,Savassi,12/08/18,Rua dos Inconfidentes ,1158
1834898,819828.8,63.36,-19.93616,-43.93241999999998,2,3,2,2.0,0.0,0.0,centro-sul,Savassi,12/08/18,Rua dos Inconfidentes ,1158
1834794,857829.6,93.47,-19.93616,-43.93241999999998,2,3,2,2.0,0.0,0.0,centro-sul,Savassi,12/08/18,Rua dos Inconfidentes ,1158
1834905,872198.13,67.4,-19.9322613,-43.94363529999998,2,2,1,2.0,0.0,0.0,centro-sul,Lourdes,12/08/18,Rua Tomás Gonzaga,706
1834897,928642.33,85.04,-19.93616,-43.93241999999998,2,3,2,2.0,0.0,0.0,centro-sul,Savassi,12/08/18,Rua dos Inconfidentes ,1158
1834900,966984.0,74.96,-19.93616,-43.93241999999998,2,3,2,2.0,0.0,0.0,centro-sul,Savassi,12/08/18,Rua dos Inconfidentes ,1158
1834901,1247558.08,102.75,-19.93616,-43.93241999999998,2,3,2,2.0,0.0,0.0,centro-sul,Savassi,12/08/18,Rua dos Inconfidentes ,1158
33504,2726988.0,194.06,-19.9350202,-43.95898790000001,4,2,2,4.0,0.0,0.0,oeste,Gutierrez,12/08/18,Rua General Dionísio Cerqueira,200
1609922,2935363.0,197.05,-19.935122,-43.9589383,4,2,2,4.0,0.0,0.0,oeste,Gutierrez,12/08/18,Rua General Dionísio Cerqueira,200
35737,1100000.0,180.0,-19.974293799999998,-43.96656059999998,4,4,2,4.0,211.94,0.0,oeste,Buritis,12/08/18,Rua José Hemetério Andrade,200
42694,340000.0,77.0,-19.8715692,-43.918800999999974,3,3,2,2.0,0.0,200.0,nordeste,Fernão Dias,12/08/18,Rua Assunção de Marco Teixeira,36
1834962,903623.98,66.85,-19.9322613,-43.94363529999998,2,2,1,2.0,0.0,0.0,centro-sul,Lourdes,12/08/18,Rua Tomás Gonzaga,706
1834969,913442.84,63.94,-19.9322613,-43.94363529999998,2,2,1,2.0,0.0,0.0,centro-sul,Lourdes,12/08/18,Rua Tomás Gonzaga,706
1834963,916471.72,66.85,-19.9322613,-43.94363529999998,2,2,1,2.0,0.0,0.0,centro-sul,Lourdes,12/08/18,Rua Tomás Gonzaga,706
3244864,280000.0,89.0,-19.918560999999997,-43.94140629999998,3,1,0,0.0,0.0,380.0,centro-sul,Centro,12/08/18,Rua dos Carijós,826
3247132,160000.0,59.9,-19.936301,-44.01964599999997,2,1,0,1.0,66.6,290.0,noroeste,Santa Maria,12/08/18,Rua Pastor Mamélio Ferreira,147
3247011,280000.0,69.0,-19.8626512,-43.9983838,2,2,1,1.0,0.0,370.0,pampulha,Bandeirantes (pampulha),12/08/18,Avenida Heráclito Mourão de Miranda,3303
3251533,268000.0,65.0,-19.9698302,-43.96899669999999,3,2,1,1.0,89.9,290.0,oeste,Buritis,12/08/18,Rua Ernani Agricola,684
246228,385000.0,80.0,-19.8233238,-43.945472,3,2,1,2.0,0.0,0.0,norte,Vila Cloris,12/08/18,Rua das Tangerinas,631
3216093,140000.0,44.0,-19.845752100000002,-43.88567849999998,2,1,0,1.0,0.0,150.0,nordeste,Jardim Vitória,12/08/18,Rua dos Borges,1390
39178,422565.3,129.73,-19.922230600000002,-44.010401099999974,3,1,1,2.0,1.0,1.0,noroeste,Dom Cabral,12/08/18,Avenida das Castanholas,246
348700,300000.0,140.0,-19.814006,-43.965734000000005,3,2,1,1.0,45.0,0.0,venda-nova,Venda Nova,12/08/18,Rua Varzelândia,86
18745,425000.0,146.0,-19.8726984,-43.92189989999997,4,2,1,2.0,0.0,583.0,nordeste,Fernão Dias,12/08/18,Rua José Sérgio de Paula,283
124605,480000.0,100.0,-19.967834399999997,-43.96308499999998,4,2,1,2.0,109.92,590.0,oeste,Estoril,12/08/18,Rua Paulo Piedade Campos,31
169727,217000.0,65.0,-19.8890527,-44.00208920000001,3,1,0,1.0,70.0,150.0,pampulha,Pampulha,12/08/18,Avenida dos Engenheiros,1300
3216668,269000.0,67.88,-20.0051658,-44.00530789999999,3,1,1,1.0,0.0,343.0,barreiro,Urucuia,12/08/18,Rua Barão de Monte Alto,851
56677,261350.0,73.0,-19.8649045,-43.89956840000002,3,1,1,1.0,0.0,0.0,nordeste,Goiânia,12/08/18,Rua Ganso,77
56678,270000.0,73.0,-19.8649045,-43.89956840000002,3,1,1,1.0,0.0,0.0,nordeste,Goiânia,12/08/18,Rua Ganso,77
56679,278834.0,73.0,-19.8649045,-43.89956840000002,3,1,1,1.0,0.0,0.0,nordeste,Goiânia,12/08/18,Rua Ganso,77
56683,279620.0,73.0,-19.8649045,-43.89956840000002,3,1,1,1.0,0.0,0.0,nordeste,Goiânia,12/08/18,Rua Ganso,77
56682,280560.0,73.0,-19.8649045,-43.89956840000002,3,1,1,1.0,0.0,0.0,nordeste,Goiânia,12/08/18,Rua Ganso,77
56680,290870.0,73.0,-19.8649045,-43.89956840000002,3,1,1,1.0,0.0,0.0,nordeste,Goiânia,12/08/18,Rua Ganso,77
56690,290870.0,73.0,-19.8649045,-43.89956840000002,3,1,1,1.0,0.0,0.0,nordeste,Goiânia,12/08/18,Rua Ganso,77
56693,292876.0,73.0,-19.8649045,-43.89956840000002,3,1,1,1.0,0.0,0.0,nordeste,Goiânia,12/08/18,Rua Ganso,77
56700,294552.0,73.0,-19.8649045,-43.89956840000002,3,1,1,1.0,0.0,0.0,nordeste,Goiânia,12/08/18,Rua Ganso,77
56661,298000.0,73.0,-19.866818300000002,-43.90014129999997,3,1,1,1.0,0.0,0.0,nordeste,Goiânia,12/08/18,Rua Ganso,77
1839832,170000.0,53.78,-19.7931347,-43.95340250000004,2,1,0,1.0,0.0,120.0,venda-nova,Serra Verde (venda Nova),12/08/18,Rua Antônio de Paiva Meirelles,278
246125,448000.0,80.0,-19.8233238,-43.945472,3,2,1,2.0,0.0,0.0,pampulha,Itapoã,12/08/18,Rua das Tangerinas,631
56694,284852.0,73.0,-19.8649045,-43.89956840000002,3,1,1,1.0,0.0,0.0,nordeste,Goiânia,12/08/18,Rua Ganso,77
58739,110000.0,40.0,-19.800253100000003,-43.94996449999997,2,1,0,1.0,0.0,130.0,venda-nova,Serra Verde (venda Nova),12/08/18,Rua Antônio de Paiva Meirelles,105
3244868,199990.0,43.94,-19.8339154,-43.94609300000002,2,1,0,1.0,0.0,250.0,norte,Planalto,12/08/18,Rua Osório Duque Estrada - Lado Par,560
132355,229000.0,69.0,-19.8426342,-43.939487499999984,2,1,0,1.0,0.0,0.0,norte,Heliópolis,12/08/18,Rua Nair Pentagna Guimarães,215
348381,275000.0,60.4,-19.961931,-43.980504,3,1,1,1.0,70.0,190.0,oeste,Betânia,12/08/18,Rua Júlio de Castilho,1022
170351,320000.0,75.0,-19.9744,-43.9760589,2,2,1,2.0,90.0,200.0,oeste,Buritis,12/08/18,Rua Deputado Fábio Vasconcelos,252
88135,480000.0,115.0,-19.8571693,-43.94292569999999,3,3,1,1.0,118.0,0.0,pampulha,Jaraguá,12/08/18,Rua Cassiano Campolina,437
1909306,490000.0,71.0,-19.919475199999997,-43.93017229999998,2,1,1,2.0,187.81,800.0,leste,Floresta,12/08/18,Rua Aquiles Lobo,568
1526329,491037.72,70.42,-19.855244,-43.95413500000001,3,2,1,2.0,300.0,550.0,pampulha,Liberdade,12/08/18,Rua Boaventura,1935
24025,530000.0,175.0,-19.8770941,-43.936514200000026,3,4,2,2.0,176.48,0.0,nordeste,Palmares,12/08/18,Rua Mário de Lima,330
38496,530000.0,145.63,-5.205409099999999,-37.35452429999997,4,3,1,2.0,119.0,0.0,oeste,Nova Suíssa,12/08/18,Rua Joaquim Nabuco,732
180560,215000.0,45.0,-19.9618255,-43.98812179999999,2,1,0,1.0,56.46,190.0,oeste,Betânia,12/08/18,Rua das Canoas,555
268898,290000.0,63.0,-19.861067000000002,-43.9570564,3,1,0,1.0,0.0,210.0,pampulha,Liberdade,12/08/18,Rua João Fernandes,77
170530,230000.0,60.0,-19.9742921,-43.96448900000002,3,2,1,1.0,860.01,250.0,oeste,Buritis,12/08/18,Rua Juruena,91
170187,210000.0,50.0,-19.8795122,-43.919005800000036,1,1,0,0.0,0.0,280.0,nordeste,União,12/08/18,Rua Professor Geraldo Fontes,160
338500,375000.0,66.65,-19.8734876,-43.99206170000002,3,2,1,2.0,1209.44,350.0,pampulha,Paquetá,12/08/18,Rua Gasparino Carvalho Silva,75
1754986,210000.0,53.0,-19.9500306,-43.94020810000001,2,2,1,1.0,0.0,0.0,pampulha,Copacabana,12/08/18,Rua La Paz,130
13560,280000.0,90.0,-19.933107,-43.97565099999997,3,2,0,1.0,0.0,175.0,oeste,Nova Suíssa,12/08/18,Rua Java,140
1358714,145000.0,48.0,-19.8196133,-43.97229060000001,2,1,0,1.0,0.0,130.0,venda-nova,São João Batista,12/08/18,Rua Afonso Celso,10
3226613,330000.0,60.0,-19.974294699999998,-43.9722031,2,2,1,2.0,100.0,480.0,oeste,Estoril,12/08/18,Rua Tereza Mota Valadares,273
367535,270000.0,60.0,-19.9596014,-43.9816027,3,2,1,1.0,79.38,256.2,oeste,Palmeiras,12/08/18,Rua Júlio de Castilho,1022
3254616,718464.0,111.66,-19.9810355,-43.97664229999998,3,3,1,3.0,0.0,0.0,oeste,Estoril,12/08/18,Rua Rubens Caporali Ribeiro,839
3254613,719437.0,111.66,-19.9810355,-43.97664229999998,3,3,1,2.0,0.0,0.0,oeste,Buritis,12/08/18,Rua Rubens Caporali Ribeiro,839
3254632,731014.0,111.66,-19.9810355,-43.97664229999998,3,3,1,3.0,0.0,0.0,oeste,Estoril,12/08/18,Rua Rubens Caporali Ribeiro,839
3254628,768952.0,130.6,-19.978169,-43.976883999999984,4,3,1,3.0,0.0,0.0,oeste,Buritis,12/08/18,Rua Rubens Caporali Ribeiro,839
3254630,794052.0,130.6,-19.978169,-43.976883999999984,4,3,1,3.0,0.0,0.0,oeste,Buritis,12/08/18,Rua Rubens Caporali Ribeiro,839
356705,270000.0,80.0,-19.9605987,-43.96738370000003,3,2,0,1.0,85.79,280.0,oeste,Havaí,12/08/18,Rua Mário Coutinho,521
180572,520000.0,108.0,-19.9757732,-43.9641914,3,2,1,2.0,0.0,300.0,oeste,Buritis,12/08/18,Rua Jandiatuba,32
3254615,1085536.0,228.3,-19.980221399999998,-43.97675249999998,3,2,1,4.0,0.0,0.0,oeste,Estoril,12/08/18,Rua Rubens Caporali Ribeiro,839
190356,185000.0,50.0,-19.821462300000004,-43.957207400000016,2,1,0,1.0,68.0,0.0,venda-nova,Venda Nova,12/08/18,Rua José Costa,200
356753,499000.0,110.0,-19.978509,-43.97777529999996,3,4,1,3.0,0.0,470.0,oeste,Buritis,12/08/18,Rua Sílvio Menicucci,157
340426,1700000.0,270.0,-19.9458096,-43.92887080000003,3,3,1,2.0,620.0,1600.0,centro-sul,Cruzeiro,12/08/18,Rua Bráz Cubas,199
190197,230000.0,50.0,-19.8252444,-43.95399700000002,2,1,0,1.0,66.99,335.0,norte,Planalto,12/08/18,Rua Francisco Augusto Rocha,106
180561,385000.0,100.0,-19.9673853,-43.97066289999998,3,3,1,2.0,114.0,480.0,oeste,Buritis,12/08/18,Rua Iracy Manata,167
337436,230000.0,51.0,-19.9746397,-43.9647622,2,1,0,1.0,60.0,250.0,oeste,Buritis,12/08/18,Rua Juruena,135
170604,520000.0,105.0,-19.9726844,-43.96656389999998,3,2,1,2.0,207.48,700.0,oeste,Buritis,12/08/18,Rua Henrique Furtado Portugal,24
166807,1258800.0,273.0,-19.9282507,-43.94545120000001,2,3,1,2.0,0.0,1920.0,centro-sul,Lourdes,12/08/18,Rua Santa Catarina ,866
13193,510000.0,66.0,-19.9246408,-43.9602026,2,3,1,2.0,110.0,250.0,oeste,Prado,12/08/18,Rua Chapecó,165
14700,440000.0,146.0,-19.8726984,-43.92189989999997,4,2,1,2.0,0.0,583.0,nordeste,Fernão Dias,12/08/18,Rua José Sérgio de Paula,283
33590,210000.0,61.0,-19.8274778,-43.96604980000001,2,1,0,2.0,40.0,300.0,venda-nova,São João Batista,12/08/18,Rua Doutor Álvaro Camargos,1790
356740,260000.0,60.0,-19.9622742,-43.96562360000002,3,2,0,1.0,26.6,380.0,oeste,Estoril,12/08/18,Rua Paulo Piedade Campos,457
334275,435000.0,151.32,-19.8686362,-43.921323700000016,3,2,1,2.0,100.0,200.0,nordeste,São Paulo,12/08/18,Rua Perdigão,71
8172,540000.0,170.0,-19.9446896,-43.91954799999996,4,3,2,2.0,135.0,250.0,centro-sul,Cruzeiro,12/08/18,Rua Muzambinho,333
13705,1030000.0,236.0,-19.9746935,-43.96845029999997,4,3,1,3.0,0.0,450.0,oeste,Buritis,12/08/18,Rua Cônsul Walter,90
19137,135000.0,47.0,-19.8082299,-43.935181699999994,2,1,0,1.0,20.0,150.0,norte,Juliana,12/08/18,Rua Izabel Raso,72
3238650,140000.0,44.18,-19.9388845,-44.023391499999995,2,1,0,1.0,0.0,0.0,noroeste,Camargos,12/08/18,Rua Padre Tiago de Almeida,66
816546,165000.0,59.46,-19.797191899999998,-43.95218060000002,2,1,0,1.0,0.0,120.0,venda-nova,Serra Verde (venda Nova),12/08/18,Rua Professora Mírian Silvestre,20
1589746,165000.0,45.0,-19.78894,-43.984464,2,1,0,1.0,0.0,0.0,venda-nova,Venda Nova,12/08/18,Rua Maria Rosa da Silva,854
1589860,165000.0,45.0,-19.78894,-43.984464,2,1,0,1.0,0.0,0.0,venda-nova,Venda Nova,12/08/18,Rua Maria Rosa da Silva,854
1589862,165000.0,45.0,-19.7890244,-43.9844397,2,1,0,1.0,0.0,0.0,venda-nova,Mantiqueira,12/08/18,Rua Maria Rosa da Silva,854
1589863,169000.0,45.0,-19.78894,-43.984464,2,1,0,1.0,0.0,0.0,venda-nova,Venda Nova,12/08/18,Rua Maria Rosa da Silva,854
344597,190000.0,55.0,-19.8300725,-43.9448122,2,1,0,1.0,0.0,0.0,norte,Planalto,12/08/18,Rua Senador Campos Vergueiro,309
1589864,195000.0,45.0,-19.7890244,-43.9844397,2,1,0,1.0,0.0,0.0,venda-nova,Mantiqueira,12/08/18,Rua Maria Rosa da Silva,854
1589859,198000.0,45.0,-19.7890244,-43.9844397,2,1,0,1.0,0.0,0.0,venda-nova,Mantiqueira,12/08/18,Rua Maria Rosa da Silva,854
1589861,198000.0,45.0,-19.78894,-43.984464,2,1,0,1.0,0.0,0.0,venda-nova,Mantiqueira,12/08/18,Rua Maria Rosa da Silva,854
131015,205000.0,44.0,-19.9918371,-44.00442399999997,2,1,0,1.0,0.0,0.0,barreiro,Milionários,12/08/18,Rua Nascimento,257
355428,220000.0,44.0,-19.8312115,-43.945307800000016,2,0,0,1.0,0.0,0.0,norte,Planalto,12/08/18,Rua Osório Duque Estrada - Lado Par,560
3246714,220000.0,57.6,-19.8084342,-43.9394863,2,1,1,3.0,0.0,0.0,norte,Juliana,12/08/18,Rua Sálvia,1000
19035,230000.0,66.89,-19.88492,-43.94487190000001,2,1,0,1.0,0.0,160.0,nordeste,Cachoeirinha,12/08/18,Rua Cônego Santana,1044
3252213,234500.0,37.56,-19.86083,-43.939422000000036,1,1,1,1.0,0.0,0.0,pampulha,Dona Clara,12/08/18,Rua Bento Mendes Castanheira,40
1786624,240000.0,45.53,-19.9595993,-43.98544200000004,2,1,0,1.0,0.0,0.0,oeste,Betânia,12/08/18,Rua das Mangueiras,40
21457,245000.0,68.31,-19.973513600000004,-43.97882529999998,3,1,0,1.0,43.33,200.0,oeste,Betânia,12/08/18,Avenida Dom João Vi,551
50374,249000.0,70.0,-19.846490799999998,-43.98062349999998,2,1,0,1.0,0.0,120.0,pampulha,Jardim Atlântico,12/08/18,Rua Josino de Brito,110
37324,250000.0,55.0,-19.8459658,-43.93665590000001,2,1,0,1.0,72.13,0.0,norte,Heliópolis,12/08/18,Rua Guilherme Rangel Correa,180
3257736,250000.0,75.0,-19.831855800000003,-43.9802497,3,2,1,1.0,0.0,0.0,pampulha,Santa Mônica,12/08/18,Rua dos Comanches,622
3257738,250000.0,75.0,-19.831855800000003,-43.9802497,3,2,1,2.0,0.0,0.0,pampulha,Santa Mônica,12/08/18,Rua dos Comanches,622
3216323,260000.0,48.0,-19.9827626,-44.010905699999974,3,1,0,1.0,0.0,120.0,barreiro,Santa Helena (barreiro),12/08/18,Rua Ana Hilbert,90
3257727,260000.0,75.0,-19.831855800000003,-43.9802497,3,21,1,2.0,0.0,0.0,pampulha,Santa Mônica,12/08/18,Rua dos Comanches,622
3257737,260000.0,75.0,-19.831855800000003,-43.9802497,3,21,1,2.0,0.0,0.0,pampulha,Santa Mônica,12/08/18,Rua dos Comanches,622
45391,265000.0,65.0,-19.871305300000003,-43.94619339999997,3,2,1,1.0,0.0,0.0,nordeste,Santa Cruz,12/08/18,Rua Meira de Vasconcelos,240
28194,279000.0,90.0,-19.880685699999997,-43.93510459999999,2,2,0,1.0,0.0,0.0,nordeste,Palmares,12/08/18,Rua Ozanam,20
3242708,280000.0,70.0,-19.938095899999997,-43.97540720000001,3,1,0,1.0,0.0,260.0,oeste,Nova Suíssa,12/08/18,Rua Gama Cerqueira,22
478497,285000.0,99.97,-19.9485897,-43.9820087,3,1,0,1.0,0.0,170.0,oeste,Salgado Filho,12/08/18,Rua Guiricema,251
180550,300000.0,50.0,-19.9766594,-43.9733526,1,1,0,2.0,99.81,270.0,oeste,Buritis,12/08/18,Avenida Professor Mário Werneck,2929
146926,307000.0,58.0,-19.873696600000002,-43.989936400000026,2,2,1,2.0,0.0,0.0,pampulha,Ouro Preto,12/08/18,Rua Professor Domício Murta,20
146929,308000.0,58.0,-19.873696600000002,-43.989936400000026,2,2,1,2.0,0.0,0.0,pampulha,Ouro Preto,12/08/18,Rua Professor Domício Murta,20
146928,313000.0,58.0,-19.873696600000002,-43.989936400000026,2,2,1,2.0,0.0,0.0,pampulha,Ouro Preto,12/08/18,Rua Professor Domício Murta,20
3255638,320000.0,80.0,-19.842354999999998,-43.92748699999999,3,2,1,2.0,0.0,0.0,norte,Guarani,12/08/18,Rua Carimbé,46
3255647,320000.0,80.0,-19.842354999999998,-43.92748699999999,3,2,1,2.0,0.0,0.0,norte,Guarani,12/08/18,Rua Carimbé,46
147013,322000.0,58.0,-19.873696600000002,-43.989936400000026,2,2,1,2.0,0.0,0.0,pampulha,Ouro Preto,12/08/18,Rua Professor Domício Murta,20
31866,350000.0,75.0,-19.8749122,-43.93719759999999,3,2,1,2.0,0.0,0.0,nordeste,Palmares,12/08/18,Rua Mário de Lima,330
356688,350000.0,72.0,-19.960956600000003,-43.972990900000006,3,2,1,2.0,0.0,0.0,oeste,Havaí,12/08/18,Rua Barroso Neto,317
1525360,350000.0,76.0,-19.8865996,-43.91897110000002,3,1,1,1.0,0.0,0.0,nordeste,União,12/08/18,Rua João das Chagas,333
3238817,350000.0,67.88,-20.0055077,-44.0071711,3,2,1,2.0,0.0,0.0,barreiro,Cardoso,12/08/18,Rua Augusto Muniz,255
359247,359500.0,67.0,-19.881486,-43.92474429999999,3,2,1,2.0,0.0,0.0,nordeste,União,12/08/18,Rua Nelson,529
3257726,360000.0,110.0,-19.831855800000003,-43.9802497,3,2,1,2.0,0.0,0.0,pampulha,Santa Mônica,12/08/18,Rua dos Comanches,622
3257739,360000.0,150.0,-19.831855800000003,-43.9802497,3,3,1,2.0,0.0,0.0,pampulha,Santa Mônica,12/08/18,Rua dos Comanches,622
3257740,360000.0,150.0,-19.831855800000003,-43.9802497,3,3,1,2.0,0.0,0.0,pampulha,Santa Mônica,12/08/18,Rua dos Comanches,622
3249897,362006.81,66.17,-19.9474231,-43.9851448,3,1,1,2.0,0.0,0.0,oeste,Salgado Filho,12/08/18,Rua Campo Formoso,140
3249907,367206.81,66.17,-19.9474231,-43.9851448,3,1,1,2.0,0.0,0.0,oeste,Salgado Filho,12/08/18,Rua Campo Formoso,140
3249908,367206.81,66.17,-19.9474231,-43.9851448,3,1,1,2.0,0.0,0.0,oeste,Salgado Filho,12/08/18,Rua Campo Formoso,140
356690,367500.0,72.0,-19.9611627,-43.97275020000001,3,2,1,2.0,0.0,0.0,oeste,Havaí,12/08/18,Rua Barroso Neto,317
356692,367500.0,72.0,-19.9611658,-43.97275459999997,3,2,1,2.0,0.0,0.0,oeste,Havaí,12/08/18,Rua Barroso Neto,317
18808,370000.0,85.0,-19.887355,-43.9206385,3,2,1,1.0,130.76,0.0,leste,Cidade Nova,12/08/18,Rua Professor Amedee Peret,464
356461,370000.0,80.0,-19.9748935,-43.96406379999996,3,2,1,6.0,0.0,300.0,oeste,Estoril,12/08/18,Rua Aripuana,121
3242219,376000.0,80.0,-19.9646579,-43.9722653,3,2,1,2.0,0.0,0.0,oeste,Estrela Dalva,12/08/18,Praça Antônio Mascarenhas Ferreira,90
356695,378000.0,72.0,-19.960956600000003,-43.972990900000006,3,2,1,2.0,0.0,0.0,oeste,Havaí,12/08/18,Rua Barroso Neto,317
356693,378200.0,72.0,-19.9611658,-43.97275459999997,3,2,1,4.0,0.0,0.0,oeste,Havaí,12/08/18,Rua Barroso Neto,317
161710,379500.0,70.0,-19.8822682,-43.92396389999999,3,2,1,2.0,0.0,0.0,nordeste,União,12/08/18,Rua Nelson,529
138464,380000.0,130.0,-19.872705,-43.93214060000002,3,2,1,1.0,0.0,0.0,nordeste,Palmares,12/08/18,Avenida Pedro Serafim Ferreira,300
2203436,380000.0,96.0,-19.88905,-43.919820000000016,3,3,1,2.0,0.0,380.0,nordeste,União,12/08/18,Rua Professor Costa Chiabi,156
356696,381500.0,72.0,-19.9611658,-43.97275459999997,3,2,1,2.0,0.0,0.0,oeste,Havaí,12/08/18,Rua Barroso Neto,317
356697,392500.0,72.0,-19.9611658,-43.97275459999997,3,2,1,2.0,0.0,0.0,oeste,Havaí,12/08/18,Rua Barroso Neto,317
336282,395000.0,80.0,-19.880489100000002,-43.923594699999974,3,2,1,2.0,0.0,0.0,nordeste,União,12/08/18,Rua Lorca,59
1942971,395000.0,100.0,-19.918636499999998,-43.986719799999996,3,1,1,2.0,0.0,400.0,noroeste,Padre Eustáquio,12/08/18,Rua Alsácia,80
356698,396000.0,72.0,-19.9611658,-43.97275459999997,3,2,1,2.0,0.0,0.0,oeste,Havaí,12/08/18,Rua Barroso Neto,317
3249896,399975.49,96.0,-19.947489100000002,-43.9850884,3,1,1,2.0,0.0,0.0,oeste,Salgado Filho,12/08/18,Rua Campo Formoso,140
284011,400000.0,100.0,-19.9738884,-43.97202659999999,3,1,1,3.0,0.0,0.0,oeste,Buritis,12/08/18,Rua Tereza Mota Valadares,664
1284743,409000.0,74.97,-19.9722848,-43.97630830000003,3,1,1,2.0,0.0,0.0,oeste,Buritis,12/08/18,Rua Deputado Fábio Vasconcelos,158
316805,410000.0,80.0,-19.904283,-43.92897900000003,3,2,1,2.0,0.0,0.0,leste,Sagrada Família,12/08/18,Rua Cônego Floriano,227
29445,420000.0,80.0,-19.898660999999997,-43.91968700000001,3,2,1,2.0,0.0,0.0,leste,Sagrada Família,12/08/18,Rua São Roque,701
151063,420000.0,58.0,-19.979956,-43.97535629999999,2,1,1,2.0,0.0,0.0,oeste,Buritis,12/08/18,Rua Geraldo Lúcio Vasconcelos,703
316919,420000.0,80.0,-19.904283,-43.92897900000003,3,2,1,2.0,0.0,0.0,leste,Sagrada Família,12/08/18,Rua Cônego Floriano,227
3255663,420000.0,160.0,-19.842354999999998,-43.92748699999999,0,2,1,4.0,0.0,0.0,norte,Guarani,12/08/18,Rua Carimbé,46
1295082,425000.0,74.97,-19.9722848,-43.97630830000003,3,1,1,2.0,0.0,0.0,oeste,Buritis,12/08/18,Rua Deputado Fábio Vasconcelos,158
1116360,426000.0,74.97,-19.9722848,-43.97630830000003,3,1,1,2.0,0.0,0.0,oeste,Buritis,12/08/18,Rua Deputado Fábio Vasconcelos,158
1117393,426000.0,74.97,-19.9722848,-43.97630830000003,3,1,1,2.0,0.0,0.0,oeste,Buritis,12/08/18,Rua Deputado Fábio Vasconcelos,158
2106743,426000.0,74.97,-19.9722848,-43.97630830000003,3,2,1,2.0,0.0,0.0,oeste,Buritis,12/08/18,Rua Deputado Fábio Vasconcelos,170
1117395,427000.0,74.97,-19.9722848,-43.97630830000003,3,1,1,3.0,0.0,0.0,oeste,Buritis,12/08/18,Rua Deputado Fábio Vasconcelos,158
1295080,427000.0,74.97,-19.9722848,-43.97630830000003,3,1,1,2.0,0.0,0.0,oeste,Buritis,12/08/18,Rua Deputado Fábio Vasconcelos,158
1295081,427000.0,74.97,-19.9722848,-43.97630830000003,3,1,1,2.0,0.0,0.0,oeste,Buritis,12/08/18,Rua Deputado Fábio Vasconcelos,158
1117398,428000.0,74.97,-19.9722848,-43.97630830000003,3,1,1,2.0,0.0,0.0,oeste,Buritis,12/08/18,Rua Deputado Fábio Vasconcelos,158
1295083,428000.0,74.97,-19.9722848,-43.97630830000003,3,1,1,2.0,0.0,0.0,oeste,Buritis,12/08/18,Rua Deputado Fábio Vasconcelos,158
1295084,428000.0,74.97,-19.9722848,-43.97630830000003,3,1,1,2.0,0.0,0.0,oeste,Buritis,12/08/18,Rua Deputado Fábio Vasconcelos,158
1296260,428000.0,74.97,-19.9722848,-43.97630830000003,3,1,1,2.0,0.0,0.0,oeste,Buritis,12/08/18,Rua Deputado Fábio Vasconcelos,158
2187519,428000.0,74.97,-19.9722848,-43.97630830000003,3,2,1,2.0,0.0,0.0,oeste,Buritis,12/08/18,Rua Deputado Fábio Vasconcelos,170
316804,430000.0,80.0,-19.904283,-43.92897900000003,3,2,1,2.0,0.0,0.0,leste,Sagrada Família,12/08/18,Rua Cônego Floriano,227
1296263,430000.0,74.97,-19.9722848,-43.97630830000003,3,1,1,2.0,0.0,0.0,oeste,Buritis,12/08/18,Rua Deputado Fábio Vasconcelos,158
1118400,432000.0,74.97,-19.9722848,-43.97630830000003,3,1,1,2.0,0.0,0.0,oeste,Buritis,12/08/18,Rua Deputado Fábio Vasconcelos,158
1118401,432000.0,74.97,-19.9722848,-43.97630830000003,3,1,1,2.0,0.0,0.0,oeste,Buritis,12/08/18,Rua Deputado Fábio Vasconcelos,158
1117401,433000.0,74.97,-19.9722848,-43.97630830000003,3,1,1,2.0,0.0,0.0,oeste,Buritis,12/08/18,Rua Deputado Fábio Vasconcelos,158
1295079,435000.0,74.97,-19.9722848,-43.97630830000003,3,1,1,2.0,0.0,0.0,oeste,Buritis,12/08/18,Rua Deputado Fábio Vasconcelos,158
1117394,439000.0,74.97,-19.9722848,-43.97630830000003,3,1,1,2.0,0.0,0.0,oeste,Buritis,12/08/18,Rua Deputado Fábio Vasconcelos,158
1295078,439000.0,74.97,-19.9722848,-43.97630830000003,3,1,1,2.0,0.0,0.0,oeste,Buritis,12/08/18,Rua Deputado Fábio Vasconcelos,158
2164155,439000.0,75.0,-19.9722848,-43.97630830000003,3,2,1,2.0,0.0,0.0,oeste,Buritis,12/08/18,Rua Deputado Fábio Vasconcelos,170
316920,440000.0,80.0,-19.904283,-43.92897900000003,3,2,1,2.0,0.0,0.0,leste,Sagrada Família,12/08/18,Rua Cônego Floriano,227
1117396,444000.0,74.97,-19.9722848,-43.97630830000003,3,1,1,2.0,0.0,0.0,oeste,Buritis,12/08/18,Rua Deputado Fábio Vasconcelos,158
1295085,445000.0,74.97,-19.9722848,-43.97630830000003,3,1,1,2.0,0.0,0.0,oeste,Buritis,12/08/18,Rua Deputado Fábio Vasconcelos,158
1117399,446000.0,74.97,-19.9722848,-43.97630830000003,3,1,1,2.0,0.0,0.0,oeste,Buritis,12/08/18,Rua Deputado Fábio Vasconcelos,158
1117400,446000.0,74.97,-19.9722848,-43.97630830000003,3,1,1,2.0,0.0,0.0,oeste,Buritis,12/08/18,Rua Deputado Fábio Vasconcelos,158
37332,450000.0,111.0,-19.882275600000003,-43.93029480000001,3,2,1,2.0,0.0,0.0,nordeste,Silveira,12/08/18,Rua Doutor Furtado de Menezes,497
1296261,454000.0,74.97,-19.9722848,-43.97630830000003,3,1,1,2.0,0.0,0.0,oeste,Buritis,12/08/18,Rua Deputado Fábio Vasconcelos,158
1296262,454000.0,74.97,-19.9722848,-43.97630830000003,3,1,1,2.0,0.0,0.0,oeste,Buritis,12/08/18,Rua Deputado Fábio Vasconcelos,158
3235481,460000.0,140.0,-19.8682745,-43.98550840000002,3,1,1,2.0,60.0,0.0,pampulha,Ouro Preto,12/08/18,Avenida Fleming,871
356682,469700.0,146.14,-19.9611627,-43.97275020000001,3,2,1,3.0,0.0,0.0,oeste,Havaí,12/08/18,Rua Barroso Neto,317
316694,480000.0,125.0,-19.904283,-43.92897900000003,3,3,1,2.0,0.0,0.0,leste,Sagrada Família,12/08/18,Rua Cônego Floriano,227
353859,480000.0,80.0,-19.993702399999997,-44.02015560000001,3,2,1,3.0,0.0,200.0,barreiro,Novo Diamante,12/08/18,Rua Antônio Araújo Penido,376
3216735,480000.0,80.0,-19.8233238,-43.945472,3,2,1,2.0,0.0,0.0,norte,Vila Cloris,12/08/18,Rua das Tangerinas,631
343705,486042.9,79.81,-19.9755233,-43.977439900000036,2,1,1,2.0,0.0,0.0,oeste,Buritis,12/08/18,Avenida Aggeo Pio Sobrinho,141
161867,510000.0,160.0,-19.8835647,-43.91948109999999,4,3,1,2.0,0.0,0.0,nordeste,União,12/08/18,Rua Otávio Otoni,125
351687,510000.0,83.29,-19.937912899999997,-43.97736350000002,3,2,1,2.0,0.0,0.0,oeste,Nova Suíssa,12/08/18,Rua Lindolfo de Azevedo,698
1118399,518000.0,74.97,-19.9722848,-43.97630830000003,3,1,1,2.0,0.0,0.0,oeste,Buritis,12/08/18,Rua Deputado Fábio Vasconcelos,158
46995,530000.0,160.0,-19.8755107,-43.94268410000001,4,4,2,2.0,0.0,0.0,nordeste,Palmares,12/08/18,Rua Tenente Helim,333
2802364,530000.0,85.0,-19.9418692,-43.96869779999997,3,2,0,2.0,0.0,250.0,oeste,Nova Granada,12/08/18,Rua Industrial José Costa,234
3242772,530000.0,140.0,-19.9364137,-43.95867350000003,4,3,1,1.0,0.0,1063.0,oeste,Gutierrez,12/08/18,Rua Marechal Hermes,340
3249915,531152.48,132.34,-19.9474231,-43.9851448,3,1,1,2.0,0.0,0.0,oeste,Salgado Filho,12/08/18,Rua Campo Formoso,140
3249920,531152.48,132.34,-19.9474231,-43.9851448,3,1,1,2.0,0.0,0.0,oeste,Salgado Filho,12/08/18,Rua Campo Formoso,140
13192,549000.0,66.0,-19.9250609,-43.960214399999984,2,3,1,2.0,110.0,250.0,oeste,Prado,12/08/18,Rua Chapecó,165
38769,550000.0,84.76,-19.936150899999998,-43.97493050000003,3,1,1,2.0,0.0,0.0,oeste,Nova Suíssa,12/08/18,Rua Açucenas,157
38802,550000.0,84.76,-19.9358267,-43.97492090000003,3,1,1,2.0,0.0,0.0,oeste,Nova Suíssa,12/08/18,Rua Açucenas,157
356790,550000.0,105.0,-19.978994699999998,-43.96989450000001,3,3,1,2.0,233.0,0.0,oeste,Buritis,12/08/18,Avenida Protásio de Oliveira Penna,253
25595,560000.0,70.0,-19.864392199999998,-43.9447242,3,2,1,2.0,0.0,0.0,pampulha,Santa Rosa,12/08/18,Rua Oswaldo Crivellari,60
356553,570000.0,91.0,-19.939101,-43.97476460000002,3,3,1,2.0,0.0,0.0,oeste,Nova Suíssa,12/08/18,Rua Gama Cerqueira,556
170683,580000.0,85.0,-19.9658712,-43.9645018,3,3,1,2.0,0.0,0.0,oeste,Estoril,12/08/18,Rua Paulo Piedade Campos,15
1468811,580000.0,144.0,-19.977689,-43.97036460000004,2,2,1,2.0,0.0,0.0,oeste,Buritis,12/08/18,Rua José Amaury Ferrara,190
3255543,580000.0,125.0,-19.9476834,-43.923650599999974,3,2,1,1.0,0.0,0.0,centro-sul,Cruzeiro,12/08/18,Rua Jornalista Jair Silva,401
5710,595000.0,190.0,-19.871498300000003,-43.93527810000001,3,2,1,2.0,0.0,0.0,nordeste,Palmares,12/08/18,Rua Professor Antônio Márcio,589
31626,595000.0,164.0,-19.883522,-43.92308200000002,4,3,1,2.0,0.0,0.0,nordeste,União,12/08/18,Rua Alírio Elias Ferreira,51
40769,595000.0,186.0,-19.8759057,-43.93471840000001,4,3,1,2.0,0.0,0.0,nordeste,Palmares,12/08/18,Rua Professor Pedro Alvarenga,30
346830,595000.0,191.0,-19.8973398,-43.93354210000001,3,4,1,2.0,0.0,0.0,nordeste,Silveira,12/08/18,Rua Jataí,781
1293786,598000.0,149.94,-19.9722848,-43.97630830000003,3,1,1,2.0,0.0,0.0,oeste,Buritis,12/08/18,Rua Deputado Fábio Vasconcelos,158
1293787,598000.0,149.94,-19.9722848,-43.97630830000003,3,1,1,2.0,0.0,0.0,oeste,Buritis,12/08/18,Rua Deputado Fábio Vasconcelos,158
360931,598027.0,41.76,-19.927208399999998,-43.9514643,1,1,0,1.0,0.0,0.0,centro-sul,Santo Agostinho,12/08/18,Avenida Barbacena,500
2205830,607000.0,149.94,-19.9722848,-43.97630830000003,3,3,1,3.0,0.0,0.0,oeste,Buritis,12/08/18,Rua Deputado Fábio Vasconcelos,170
2219495,607000.0,149.94,-19.9722848,-43.97630830000003,3,3,1,3.0,0.0,0.0,oeste,Buritis,12/08/18,Rua Deputado Fábio Vasconcelos,170
343706,611436.0,105.42,-19.9755233,-43.977439900000036,3,1,1,2.0,0.0,0.0,oeste,Buritis,12/08/18,Avenida Aggeo Pio Sobrinho,141
1118366,620000.0,149.94,-19.9722848,-43.97630830000003,3,1,1,2.0,0.0,0.0,oeste,Buritis,12/08/18,Rua Deputado Fábio Vasconcelos,158
343704,620040.0,103.34,-19.975514,-43.97745580000003,3,1,1,2.0,0.0,0.0,oeste,Buritis,12/08/18,Avenida Aggeo Pio Sobrinho,141
337160,621920.0,158.02,-19.8975063,-43.89446340000001,3,2,1,2.0,0.0,0.0,leste,São Geraldo,12/08/18,Rua Arapari,74
56579,629000.0,100.3,-19.901064399999996,-43.93049020000001,4,3,1,2.0,0.0,0.0,leste,Sagrada Família,12/08/18,Rua Itacoatiara,177
360888,629839.0,45.07,-19.927208399999998,-43.9514643,1,1,0,1.0,0.0,0.0,centro-sul,Santo Agostinho,12/08/18,Avenida Barbacena,500
48174,630000.0,190.0,-19.863967499999998,-43.94262730000003,3,3,1,2.0,0.0,0.0,pampulha,Santa Rosa,12/08/18,Rua Quintino Bocaiúva,248
1285876,630000.0,149.94,-19.9722848,-43.97630830000003,3,1,1,2.0,0.0,0.0,oeste,Buritis,12/08/18,Rua Deputado Fábio Vasconcelos,158
360926,635404.0,44.37,-19.927208399999998,-43.9514643,1,1,0,1.0,0.0,0.0,centro-sul,Santo Agostinho,12/08/18,Avenida Barbacena,500
317141,640000.0,160.0,-19.904283,-43.92897900000003,3,3,1,4.0,0.0,0.0,leste,Sagrada Família,12/08/18,Rua Cônego Floriano,227
360930,643711.0,44.95,-19.927208399999998,-43.9514643,1,1,0,1.0,0.0,0.0,centro-sul,Santo Agostinho,12/08/18,Avenida Barbacena,500
361006,644246.0,41.76,-19.927208399999998,-43.9514643,1,1,0,1.0,0.0,0.0,centro-sul,Santo Agostinho,12/08/18,Avenida Barbacena,500
360940,645226.0,44.37,-19.927208399999998,-43.9514643,1,1,0,1.0,0.0,0.0,centro-sul,Santo Agostinho,12/08/18,Avenida Barbacena,500
360927,646998.0,45.18,-19.927208399999998,-43.9514643,1,1,0,1.0,0.0,0.0,centro-sul,Santo Agostinho,12/08/18,Avenida Barbacena,500
360849,648089.0,45.93,-19.927208399999998,-43.9514643,1,1,0,1.0,0.0,0.0,centro-sul,Santo Agostinho,12/08/18,Avenida Barbacena,500
352771,650000.0,160.0,-19.975835999999997,-43.97045709999998,2,4,1,2.0,0.0,0.0,oeste,Buritis,12/08/18,Avenida Professor Mário Werneck,3342
360929,650868.0,45.45,-19.9268444,-43.95144779999998,1,1,0,1.0,0.0,0.0,centro-sul,Santo Agostinho,12/08/18,Avenida Barbacena,500
360960,653654.0,44.95,-19.927208399999998,-43.9514643,1,1,0,1.0,0.0,0.0,centro-sul,Santo Agostinho,12/08/18,Avenida Barbacena,500
360941,657004.0,45.18,-19.927208399999998,-43.9514643,1,1,0,1.0,0.0,0.0,centro-sul,Santo Agostinho,12/08/18,Avenida Barbacena,500
360944,660927.0,45.45,-19.927208399999998,-43.9514643,1,1,0,1.0,0.0,0.0,centro-sul,Santo Agostinho,12/08/18,Avenida Barbacena,500
360967,664106.0,44.95,-19.927208399999998,-43.9514643,1,1,0,1.0,0.0,0.0,centro-sul,Santo Agostinho,12/08/18,Avenida Barbacena,500
360852,667271.0,47.29,-19.927208399999998,-43.9514643,1,1,0,1.0,0.0,0.0,centro-sul,Santo Agostinho,12/08/18,Avenida Barbacena,500
360957,667504.0,45.18,-19.927208399999998,-43.9514643,1,1,0,1.0,0.0,0.0,centro-sul,Santo Agostinho,12/08/18,Avenida Barbacena,500
360972,667808.0,44.37,-19.927208399999998,-43.9514643,1,1,0,1.0,0.0,0.0,centro-sul,Santo Agostinho,12/08/18,Avenida Barbacena,500
360966,671488.0,45.45,-19.927208399999998,-43.9514643,1,1,0,1.0,0.0,0.0,centro-sul,Santo Agostinho,12/08/18,Avenida Barbacena,500
360878,675742.0,47.89,-19.927208399999998,-43.9514643,1,1,0,1.0,0.0,0.0,centro-sul,Santo Agostinho,12/08/18,Avenida Barbacena,500
360984,677633.0,44.37,-19.927208399999998,-43.9514643,1,1,0,1.0,0.0,0.0,centro-sul,Santo Agostinho,12/08/18,Avenida Barbacena,500
354262,680000.0,178.0,-19.880489100000002,-43.923594699999974,3,3,1,3.0,0.0,0.0,nordeste,União,12/08/18,Rua Lorca,59
360973,680001.0,45.18,-19.927208399999998,-43.9514643,1,1,0,1.0,0.0,0.0,centro-sul,Santo Agostinho,12/08/18,Avenida Barbacena,500
337159,684320.0,158.05,-19.8975063,-43.89446340000001,3,2,1,2.0,0.0,0.0,leste,São Geraldo,12/08/18,Rua Arapari,74
361001,684501.0,44.37,-19.927208399999998,-43.9514643,1,1,0,1.0,0.0,0.0,centro-sul,Santo Agostinho,12/08/18,Avenida Barbacena,500
360934,685235.0,47.85,-19.927208399999998,-43.9514643,1,1,0,1.0,0.0,0.0,centro-sul,Santo Agostinho,12/08/18,Avenida Barbacena,500
360989,686492.0,44.95,-19.927208399999998,-43.9514643,1,1,0,1.0,0.0,0.0,centro-sul,Santo Agostinho,12/08/18,Avenida Barbacena,500
171797,690000.0,105.0,-19.9079229,-43.92467169999998,4,2,1,2.0,0.0,0.0,leste,Sagrada Família,12/08/18,Rua Bicas,35
171798,690000.0,105.0,-19.9079229,-43.92467169999998,4,2,1,2.0,0.0,0.0,leste,Sagrada Família,12/08/18,Rua Bicas,35
360985,690007.0,45.18,-19.927208399999998,-43.9514643,1,1,0,1.0,0.0,0.0,centro-sul,Santo Agostinho,12/08/18,Avenida Barbacena,500
360865,691683.0,49.02,-19.927208399999998,-43.9514643,1,1,0,1.0,0.0,0.0,centro-sul,Santo Agostinho,12/08/18,Avenida Barbacena,500
360877,692813.0,49.1,-19.927208399999998,-43.9514643,1,1,0,1.0,0.0,0.0,centro-sul,Santo Agostinho,12/08/18,Avenida Barbacena,500
360987,694126.0,45.45,-19.927208399999998,-43.9514643,1,1,0,1.0,0.0,0.0,centro-sul,Santo Agostinho,12/08/18,Avenida Barbacena,500
360952,695828.0,47.85,-19.927208399999998,-43.9514643,1,1,0,1.0,0.0,0.0,centro-sul,Santo Agostinho,12/08/18,Avenida Barbacena,500
361002,697004.0,45.18,-19.927208399999998,-43.9514643,1,1,0,1.0,0.0,0.0,centro-sul,Santo Agostinho,12/08/18,Avenida Barbacena,500
361004,701168.0,45.45,-19.927208399999998,-43.9514643,1,1,0,1.0,0.0,0.0,centro-sul,Santo Agostinho,12/08/18,Avenida Barbacena,500
360933,703138.0,49.1,-19.927208399999998,-43.9514643,1,1,0,1.0,0.0,0.0,centro-sul,Santo Agostinho,12/08/18,Avenida Barbacena,500
360968,706946.0,47.85,-19.927208399999998,-43.9514643,1,1,0,1.0,0.0,0.0,centro-sul,Santo Agostinho,12/08/18,Avenida Barbacena,500
171842,710000.0,105.0,-19.9079229,-43.92467169999998,4,2,1,2.0,0.0,0.0,leste,Sagrada Família,12/08/18,Rua Bicas,35
360951,714009.0,49.1,-19.927208399999998,-43.9514643,1,1,0,1.0,0.0,0.0,centro-sul,Santo Agostinho,12/08/18,Avenida Barbacena,500
171852,720000.0,105.0,-19.9079229,-43.92467169999998,4,2,1,2.0,0.0,0.0,leste,Sagrada Família,12/08/18,Rua Bicas,35
361018,729186.0,46.73,-19.927208399999998,-43.9514643,1,1,0,1.0,0.0,0.0,centro-sul,Santo Agostinho,12/08/18,Avenida Barbacena,500
171855,730000.0,105.0,-19.9079229,-43.92467169999998,4,2,1,2.0,0.0,0.0,leste,Sagrada Família,12/08/18,Rua Bicas,35
360990,730779.0,47.85,-19.927208399999998,-43.9514643,1,1,0,1.0,0.0,0.0,centro-sul,Santo Agostinho,12/08/18,Avenida Barbacena,500
361010,738191.0,47.85,-19.927208399999998,-43.9514643,1,1,0,1.0,0.0,0.0,centro-sul,Santo Agostinho,12/08/18,Avenida Barbacena,500
13195,749000.0,132.0,-19.9250609,-43.960214399999984,2,3,1,2.0,110.0,250.0,oeste,Prado,12/08/18,Rua Chapecó,165
169955,750000.0,211.0,-19.886593899999998,-43.92325930000004,4,4,2,4.0,0.0,0.0,leste,Cidade Nova,12/08/18,Rua Professor Lincoln Continentino,274
355544,750000.0,178.0,-19.880489100000002,-43.923594699999974,3,3,1,3.0,0.0,0.0,nordeste,União,12/08/18,Rua Lorca,59
48354,752699.0,112.98,-19.8800542,-43.92993669999999,4,2,2,2.0,0.0,0.0,nordeste,Ipiranga,12/08/18,Rua Conde Monte Cristo,32
159162,756442.0,112.98,-19.8800542,-43.92993669999999,4,2,2,2.0,0.0,0.0,nordeste,Ipiranga,12/08/18,Rua Conde Monte Cristo,32
48394,767008.0,112.98,-19.8800542,-43.92993669999999,4,2,2,2.0,0.0,0.0,nordeste,Ipiranga,12/08/18,Rua Conde Monte Cristo,32
48397,772348.0,112.98,-19.8800542,-43.92993669999999,4,2,2,2.0,0.0,0.0,nordeste,Ipiranga,12/08/18,Rua Conde Monte Cristo,32
40127,780000.0,160.37,-19.874354800000003,-43.93596680000002,4,4,2,4.0,0.0,550.0,nordeste,Palmares,12/08/18,Rua Carmelita Faria Garofalo,125
360939,786770.0,54.94,-19.927208399999998,-43.9514643,1,1,0,1.0,0.0,0.0,centro-sul,Santo Agostinho,12/08/18,Avenida Barbacena,500
46848,790000.0,180.0,-19.881964,-43.91710699999999,3,3,1,5.0,0.0,0.0,nordeste,União,12/08/18,Rua Andesita,137
2799600,790000.0,240.0,-19.9418692,-43.96869779999997,3,2,0,2.0,0.0,250.0,oeste,Nova Granada,12/08/18,Rua Industrial José Costa,234
360956,798930.0,54.94,-19.927208399999998,-43.9514643,1,1,0,1.0,0.0,0.0,centro-sul,Santo Agostinho,12/08/18,Avenida Barbacena,500
10101,800000.0,177.0,-19.8908861,-43.92186160000001,4,3,2,2.0,0.0,0.0,leste,Cidade Nova,12/08/18,Rua Professor Pimenta da Veiga,1054
49265,802566.0,112.98,-19.8800542,-43.92993669999999,4,2,2,2.0,0.0,0.0,nordeste,Ipiranga,12/08/18,Rua Conde Monte Cristo,32
49269,808105.0,112.98,-19.8800616,-43.93004310000003,4,2,2,2.0,0.0,0.0,nordeste,Ipiranga,12/08/18,Rua Conde Monte Cristo,32
180579,809660.0,68.73,-19.9294257,-43.9357584,2,2,1,2.0,0.0,0.0,centro-sul,Boa Viagem,12/08/18,Rua Sergipe,319
360971,811696.0,54.94,-19.927208399999998,-43.9514643,1,1,0,1.0,0.0,0.0,centro-sul,Santo Agostinho,12/08/18,Avenida Barbacena,500
49272,813683.0,112.98,-19.8800542,-43.92993669999999,4,2,2,2.0,0.0,0.0,nordeste,Ipiranga,12/08/18,Rua Conde Monte Cristo,32
361029,832554.0,58.07,-19.927208399999998,-43.9514643,1,1,0,1.0,0.0,0.0,centro-sul,Santo Agostinho,12/08/18,Avenida Barbacena,500
361038,832713.0,52.84,-19.927208399999998,-43.9514643,1,1,0,1.0,0.0,0.0,centro-sul,Santo Agostinho,12/08/18,Avenida Barbacena,500
360992,839056.0,54.94,-19.927208399999998,-43.9514643,1,1,0,1.0,0.0,0.0,centro-sul,Santo Agostinho,12/08/18,Avenida Barbacena,500
3256463,847571.0,54.94,-19.927208399999998,-43.9514643,1,1,0,1.0,0.0,0.0,centro-sul,Santo Agostinho,12/08/18,Avenida Barbacena,500
47346,850000.0,180.0,-19.948904100000004,-43.9474237,4,2,1,2.0,0.0,0.0,centro-sul,Santo Antônio,12/08/18,Rua Pitangueiras,601
361037,855726.0,54.3,-19.927208399999998,-43.9514643,1,1,0,1.0,0.0,0.0,centro-sul,Santo Agostinho,12/08/18,Avenida Barbacena,500
1630902,890000.0,186.13,-19.8583552,-43.95351679999999,3,2,1,4.0,275.0,0.0,pampulha,Jaraguá,12/08/18,Rua Cacuera,715
361026,901772.0,78.07,-19.927208399999998,-43.9514643,1,1,0,1.0,0.0,0.0,centro-sul,Santo Agostinho,12/08/18,Avenida Barbacena,500
361025,925614.0,82.21,-19.927208399999998,-43.9514643,1,1,0,1.0,0.0,0.0,centro-sul,Santo Agostinho,12/08/18,Avenida Barbacena,500
48094,929334.0,164.57,-19.8800542,-43.92993669999999,3,2,2,2.0,0.0,0.0,nordeste,Ipiranga,12/08/18,Rua Conde Monte Cristo,32
48809,930000.0,235.0,-19.891879100000004,-43.923649899999994,3,2,1,2.0,0.0,0.0,leste,Cidade Nova,12/08/18,Rua Afonso Pena Júnior,425
361034,950947.0,75.66,-19.927208399999998,-43.9514643,1,1,0,1.0,0.0,0.0,centro-sul,Santo Agostinho,12/08/18,Avenida Barbacena,500
360932,976802.0,68.21,-19.927208399999998,-43.9514643,2,1,0,1.0,0.0,0.0,centro-sul,Santo Agostinho,12/08/18,Avenida Barbacena,500
35707,980000.0,186.0,-19.858636999999998,-43.95409000000001,4,5,3,3.0,0.0,0.0,pampulha,Liberdade,12/08/18,Rua Antônio Paulino de Castro,250
360950,991901.0,68.21,-19.927208399999998,-43.9514643,2,1,0,1.0,0.0,0.0,centro-sul,Santo Agostinho,12/08/18,Avenida Barbacena,500
360872,994494.0,70.48,-19.927208399999998,-43.9514643,2,1,0,1.0,0.0,0.0,centro-sul,Santo Agostinho,12/08/18,Avenida Barbacena,500
361008,1041183.0,67.49,-19.927208399999998,-43.9514643,2,1,0,1.0,0.0,0.0,centro-sul,Santo Agostinho,12/08/18,Avenida Barbacena,500
360928,1067165.0,74.52,-19.927208399999998,-43.9514643,2,1,0,1.0,0.0,0.0,centro-sul,Santo Agostinho,12/08/18,Avenida Barbacena,500
360925,1083381.0,76.78,-19.927208399999998,-43.9514643,2,1,0,1.0,0.0,0.0,centro-sul,Santo Agostinho,12/08/18,Avenida Barbacena,500
360943,1083663.0,74.52,-19.927208399999998,-43.9514643,2,1,0,1.0,0.0,0.0,centro-sul,Santo Agostinho,12/08/18,Avenida Barbacena,500
45961,1100000.0,206.0,-19.9000973,-43.92320330000001,3,4,1,4.0,0.0,0.0,leste,Sagrada Família,12/08/18,Rua Conselheiro Lafaiete,986
171776,1100000.0,210.0,-19.907882,-43.924724999999974,5,3,1,3.0,0.0,0.0,leste,Sagrada Família,12/08/18,Rua Bicas,35
360958,1100976.0,74.52,-19.927208399999998,-43.9514643,2,1,0,1.0,0.0,0.0,centro-sul,Santo Agostinho,12/08/18,Avenida Barbacena,500
360938,1113134.0,77.73,-19.927208399999998,-43.9514643,2,1,0,1.0,0.0,0.0,centro-sul,Santo Agostinho,12/08/18,Avenida Barbacena,500
360982,1121598.0,74.52,-19.927208399999998,-43.9514643,2,1,0,1.0,0.0,0.0,centro-sul,Santo Agostinho,12/08/18,Avenida Barbacena,500
360954,1130339.0,77.73,-19.927208399999998,-43.9514643,2,1,0,1.0,0.0,0.0,centro-sul,Santo Agostinho,12/08/18,Avenida Barbacena,500
360986,1138087.0,74.52,-19.927208399999998,-43.9514643,2,1,0,1.0,0.0,0.0,centro-sul,Santo Agostinho,12/08/18,Avenida Barbacena,500
361027,1148141.0,83.08,-19.927208399999998,-43.9514643,2,1,0,1.0,0.0,0.0,centro-sul,Santo Agostinho,12/08/18,Avenida Barbacena,500
360969,1148408.0,77.73,-19.927208399999998,-43.9514643,2,1,0,1.0,0.0,0.0,centro-sul,Santo Agostinho,12/08/18,Avenida Barbacena,500
361003,1149641.0,74.52,-19.927208399999998,-43.9514643,2,1,0,1.0,0.0,0.0,centro-sul,Santo Agostinho,12/08/18,Avenida Barbacena,500
360983,1169913.0,77.73,-19.927208399999998,-43.9514643,2,1,0,1.0,0.0,0.0,centro-sul,Santo Agostinho,12/08/18,Avenida Barbacena,500
360991,1187111.0,77.73,-19.927208399999998,-43.9514643,1,1,0,1.0,0.0,0.0,centro-sul,Santo Agostinho,12/08/18,Avenida Barbacena,500
361009,1187742.0,76.99,-19.927208399999998,-43.9514643,2,1,0,1.0,0.0,0.0,centro-sul,Santo Agostinho,12/08/18,Avenida Barbacena,500
361028,1199156.0,77.73,-19.927208399999998,-43.9514643,2,1,0,1.0,0.0,0.0,centro-sul,Santo Agostinho,12/08/18,Avenida Barbacena,500
200035,1200000.0,221.45,-19.9717826,-43.96652740000002,4,4,2,4.0,0.0,0.0,oeste,Buritis,12/08/18,Avenida Professor Mário Werneck,2130
361036,1626414.0,127.51,-19.927208399999998,-43.9514643,2,1,0,1.0,0.0,0.0,centro-sul,Santo Agostinho,12/08/18,Avenida Barbacena,500
361024,1704642.0,211.05,-19.927208399999998,-43.9514643,2,1,0,1.0,0.0,0.0,centro-sul,Santo Agostinho,12/08/18,Avenida Barbacena,500
170653,1800000.0,158.0,-19.931786600000002,-43.94576519999998,4,3,2,3.0,0.0,0.0,centro-sul,Lourdes,12/08/18,Rua Tomaz Gonzaga,713
337450,1800000.0,158.0,-19.931786600000002,-43.94576519999998,4,3,2,3.0,0.0,0.0,centro-sul,Lourdes,12/08/18,Rua Tomaz Gonzaga,713
361022,2080018.0,249.85,-19.927208399999998,-43.9514643,2,1,0,1.0,0.0,0.0,centro-sul,Santo Agostinho,12/08/18,Avenida Barbacena,500
359028,320000.0,80.0,-19.9216789,-43.94599690000001,2,2,0,0.0,0.0,350.0,centro-sul,Barro Preto,12/08/18,Avenida Bias Fortes,1619
353285,380000.0,73.61,-19.8445326,-43.980363099999984,3,1,1,2.0,90.0,0.0,pampulha,Santa Amélia,12/08/18,Rua Deputado Salim Nacur,173
337437,550000.0,101.0,-19.9742754,-43.96340729999997,4,2,1,3.0,240.0,420.0,oeste,Buritis,12/08/18,Rua Aripuana,45
31043,160000.0,50.0,-19.7931204,-43.95479549999999,2,1,0,1.0,0.0,110.0,venda-nova,Venda Nova,12/08/18,Rua Antônio de Paiva Meirelles,320
3254999,705913.0,111.66,-19.977892,-43.97687200000002,3,3,1,3.0,0.0,0.0,oeste,Buritis,12/08/18,Rua Rubens Caporali Ribeiro,839
20864,749000.0,85.0,-19.934280100000002,-43.96246810000002,3,3,1,2.0,250.0,300.0,oeste,Barroca,12/08/18,Rua Cura Dares,1318
356563,270000.0,60.03,-19.9643609,-43.96532860000002,3,2,1,1.0,24.25,400.0,oeste,Estoril,12/08/18,Rua Paulo Piedade Campos,457
174724,200000.0,60.0,-19.892963199999997,-44.00114859999997,3,1,0,1.0,60.0,180.0,pampulha,Castelo,12/08/18,Rua dos Agrônomos,120
3256542,310000.0,84.95,-19.919646,-43.94216599999999,2,1,0,0.0,42.0,650.0,centro-sul,Centro,12/08/18,Rua dos Tamoios,570
180783,320000.0,80.0,-19.980339999999998,-43.96704629999999,3,2,1,2.0,74.41,380.0,oeste,Buritis,12/08/18,Rua Alessandra Salum Cadar,900
164806,215000.0,60.0,-19.8922725,-43.999036700000026,2,1,0,1.0,50.0,260.0,pampulha,Manacás,12/08/18,Rua Maria de Souza Alves,325
3216535,399000.0,81.0,-19.8233238,-43.945472,3,1,1,2.0,240.0,450.0,venda-nova,Venda Nova,12/08/18,Rua das Tangerinas,631
356462,980000.0,200.0,-19.974726999999998,-43.97015399999998,3,5,2,3.0,365.0,506.0,oeste,Buritis,12/08/18,Rua Cônsul Walter,203
170335,460000.0,83.0,-19.9761673,-43.9755654,3,2,1,2.0,204.01,400.0,oeste,Buritis,12/08/18,Avenida Professor Mário Werneck,3282
180557,375000.0,85.0,-19.974512899999997,-43.96396709999999,3,2,1,2.0,125.0,340.0,oeste,Buritis,12/08/18,Rua Aripuana,121
338444,299000.0,65.0,-19.9689135,-43.965805700000026,3,2,1,1.0,61.3,210.0,oeste,Buritis,12/08/18,Rua Vitorio Magnavacca,345
3242070,175000.0,58.0,-19.805329699999998,-43.93424379999999,2,1,0,1.0,72.23,170.0,norte,Jaqueline,12/08/18,Rua João Gusman,55
130906,680000.0,115.0,-19.8863525,-43.99640870000002,4,2,1,3.0,190.0,350.0,pampulha,Pampulha,12/08/18,Rua Desembargador José Satyro,91
170426,980000.0,165.0,-19.973482,-43.97154279999995,4,4,2,3.0,4460.0,800.0,oeste,Buritis,12/08/18,Rua Tereza Mota Valadares,447
354263,600000.0,208.0,-19.880489100000002,-43.923594699999974,3,2,1,2.0,0.0,0.0,nordeste,União,12/08/18,Rua Lorca,59
30405,325000.0,75.0,-19.9102639,-43.92394869999998,2,1,0,1.0,62.21,160.0,leste,Sagrada Família,12/08/18,Rua Campestre,334
1526784,450000.0,163.52,-19.863101,-43.95433000000003,4,2,2,2.0,93.66,480.0,pampulha,Liberdade,12/08/18,Rua Aureliano Lessa,65
356540,458000.0,88.0,-19.9584649,-43.96611910000002,3,2,1,2.0,0.0,500.0,oeste,Estoril,12/08/18,Rua Virgilio José Batista,71
6098,630000.0,200.0,-19.9219607,-43.97037290000003,4,3,1,2.0,163.8,350.0,noroeste,Padre Eustáquio,12/08/18,Rua Mendanha,37
3256825,650000.0,240.0,-19.980236399999995,-43.96881880000001,4,5,2,4.0,0.0,0.0,oeste,Buritis,12/08/18,Rua Alessandra Salum Cadar,115
1523520,670000.0,136.0,-19.9694514,-43.96896700000002,4,2,1,2.0,249.43,982.24,oeste,Buritis,12/08/18,Rua Ulisses Marcondes Escobar,229
203309,1400000.0,146.0,-19.8929299,-43.9264622,4,4,2,5.0,0.0,0.0,leste,Cidade Nova,12/08/18,Rua Milton Vieira Pinto,44
180567,320000.0,60.0,-19.974406899999998,-43.9760416,2,1,1,2.0,100.0,200.0,oeste,Buritis,12/08/18,Rua Deputado Fábio Vasconcelos,252
3247407,170000.0,50.0,-19.9366695,-44.02219739999998,2,1,0,1.0,62.33,260.0,noroeste,Camargos,12/08/18,Rua Gentil Portugal do Brasil,55
358925,550000.0,142.28,-19.979469199999997,-43.97924749999999,3,3,1,3.0,0.0,470.0,oeste,Buritis,12/08/18,Rua Sílvio Menicucci,157
170679,699000.0,105.0,-19.9658712,-43.9645018,3,2,1,2.0,0.0,0.0,oeste,Estoril,12/08/18,Rua Paulo Piedade Campos,15
34659,200000.0,45.0,-19.817330899999998,-43.9448701,2,1,0,1.0,22.6,0.0,norte,Juliana,12/08/18,Rua Campo Verde,155
335406,305000.0,51.0,-19.961654100000004,-43.98035089999996,2,1,0,1.0,0.0,0.0,oeste,Betânia,12/08/18,Rua Júlio de Castilho,1000
348859,430000.0,80.0,-19.8802979,-43.92356270000005,3,2,1,2.0,0.0,0.0,nordeste,União,12/08/18,Rua Lorca,59
57746,720000.0,80.0,-19.9252651,-43.97137770000001,3,3,1,3.0,0.0,0.0,oeste,Prado,12/08/18,Rua Doutor Thomaz Muzzi,100
1615971,780000.0,129.0,-19.969078699999997,-43.9702049,4,2,1,3.0,303.55,0.0,oeste,Estoril,12/08/18,Rua Lauro Ferreira,101
180565,650000.0,115.0,-19.9716045,-43.96968149999998,4,2,1,3.0,0.0,680.0,oeste,Buritis,12/08/18,Rua Stella Hanriot,420
347831,200000.0,52.44,-19.830219500000002,-43.977533,2,1,0,1.0,758.27,250.0,pampulha,Santa Mônica,12/08/18,Rua dos Tumucumaques,85
170673,330000.0,80.0,-19.9771396,-43.9638405,4,2,1,2.0,100.0,560.0,oeste,Buritis,12/08/18,Rua José Hemetério Andrade,485
338995,550000.0,98.0,-19.976580300000002,-43.9765443,3,3,1,2.0,0.0,0.0,oeste,Buritis,12/08/18,Avenida Aggeo Pio Sobrinho,295
170204,1146645.77,193.0,-19.976694100000003,-43.97675419999996,4,3,1,3.0,0.0,0.0,oeste,Buritis,12/08/18,Rua Rubens Caporali Ribeiro,998
165952,480000.0,98.0,-19.8804863,-43.99688420000001,3,1,1,2.0,85.0,250.0,pampulha,Pampulha,12/08/18,Rua Castelo de Almada,224
502269,798000.0,148.0,-19.9777779,-43.9630876,4,4,2,3.0,230.0,500.0,oeste,Buritis,12/08/18,Rua José Hemetério Andrade,357
166747,480000.0,190.0,-19.9380733,-43.96578090000003,3,3,1,1.0,1270.0,860.0,oeste,Grajaú,12/08/18,Rua Cândido Nogueira,11
345352,225000.0,57.0,-19.8262551,-43.95290469999998,2,1,0,1.0,56.0,300.0,pampulha,Itapoã,12/08/18,Rua Francisco Augusto Rocha,106
158035,285000.0,85.0,-19.831279000000002,-43.970317000000016,3,1,1,1.0,0.0,150.0,pampulha,Santa Branca,12/08/18,Rua da Gameleira,36
170622,280000.0,65.0,-19.9668579,-43.96821590000002,3,2,1,1.0,79.75,260.0,oeste,Buritis,12/08/18,Rua Ernani Agricola,684
179543,840000.0,224.0,-19.9689528,-43.9698287,4,3,1,4.0,312.0,1400.0,oeste,Buritis,12/08/18,Rua Lauro Ferreira,192
351984,1150000.0,196.0,-19.9710095,-43.96854559999997,4,2,1,3.0,331.9,900.0,oeste,Buritis,12/08/18,Rua Ernani Agricola,220
338433,1376037.51,250.9,-19.9770188,-43.966498099999974,5,3,1,4.0,200.0,500.0,oeste,Buritis,12/08/18,Rua Doutor Célio Andrade,15
362630,240000.0,54.0,-19.970636,-43.97855100000004,2,2,1,1.0,82.95,230.0,oeste,Palmeiras,12/08/18,Rua Dona Tina,81
3256048,505000.0,106.0,-19.890446899999997,-43.92734010000004,3,1,1,2.0,0.01,0.0,nordeste,União,12/08/18,Rua Nelson,389
3255675,620000.0,228.0,-19.890446899999997,-43.92734010000004,4,2,1,3.0,0.01,0.0,nordeste,União,12/08/18,Rua Nelson,389
44660,259000.0,65.0,-19.9042275,-43.94410979999998,3,2,0,1.0,0.0,0.0,nordeste,Lagoinha,12/08/18,Rua Diamantina,864
356706,260000.0,65.0,-19.943120999999998,-43.96750800000001,2,1,0,1.0,75.0,250.0,oeste,Jardim América,12/08/18,Rua Garret,950
11356,300000.0,80.0,-19.8942212,-43.95074299999999,3,2,1,1.0,75.0,350.0,noroeste,São Cristóvão,12/08/18,Rua Belmiro de Almeida,66
12859,300000.0,85.0,-19.917442899999998,-43.93423740000003,2,1,0,1.0,0.0,0.0,nordeste,Palmares,12/08/18,Rua Nelson Lemos de Carvalho,91
3246430,320000.0,91.16,-19.8958664,-43.996916,3,1,1,1.0,900.0,250.0,pampulha,Manacás,12/08/18,Rua Geraldo Magela de Almeida,270
356694,381800.0,72.0,-19.960916100000002,-43.972926700000016,3,2,1,4.0,0.0,0.0,oeste,Havaí,12/08/18,Rua Barroso Neto,317
424281,420000.0,127.0,-19.9264133,-43.9501424,3,1,1,1.0,110.0,250.0,centro-sul,Santo Agostinho,12/08/18,Rua Araguari,1214
338470,470000.0,69.0,-19.9491115,-43.95652899999999,2,2,1,2.0,178.81,574.0,centro-sul,Luxemburgo,12/08/18,Rua Flavita Bretas,794
10122,475000.0,71.0,-19.8946365,-43.9319921,3,2,1,2.0,0.0,115.0,nordeste,Silveira,12/08/18,Rua Horta Barbosa,237
363744,772000.0,79.24,-19.940496399999997,-43.92875620000001,2,2,2,2.0,1.0,1.0,centro-sul,Funcionários,12/08/18,Rua Minas Novas,14
363751,799907.0,83.83,-19.940496399999997,-43.92875620000001,3,2,2,2.0,1.0,1.0,centro-sul,Funcionários,12/08/18,Rua Minas Novas,14
3246921,1016253.0,319.54,-19.9407289,-43.92852849999997,3,3,2,2.0,1.0,1.0,centro-sul,Funcionários,12/08/18,Rua Minas Novas,14
20866,1050000.0,170.0,-19.934280100000002,-43.96246810000002,3,4,1,2.0,250.0,300.0,oeste,Barroca,12/08/18,Rua Cura Dares,1318
20867,1050000.0,170.0,-19.934280100000002,-43.96246810000002,3,4,1,2.0,250.0,300.0,oeste,Barroca,12/08/18,Rua Cura Dares,1318
3240738,295000.0,70.0,-19.8876802,-43.999707,3,1,0,1.0,65.0,280.0,pampulha,Pampulha,12/08/18,Rua Doutor Sylvio Menicucci,317
338483,810199.67,124.1,-19.9770188,-43.96649819999999,4,2,1,3.0,200.0,500.0,oeste,Buritis,12/08/18,Rua Doutor Célio Andrade,15
338485,818383.5,124.1,-19.9770188,-43.96649819999999,4,2,1,3.0,200.0,500.0,oeste,Buritis,12/08/18,Rua Doutor Célio Andrade,15
338486,826650.0,124.1,-19.9770188,-43.96649819999999,4,2,1,3.0,200.0,500.0,oeste,Buritis,12/08/18,Rua Doutor Célio Andrade,15
338487,851783.5,124.1,-19.9770188,-43.96649819999999,4,2,1,3.0,200.0,500.0,oeste,Buritis,12/08/18,Rua Doutor Célio Andrade,15
101610,885000.0,182.0,-19.905708399999998,-43.92668700000002,4,3,2,3.0,0.0,0.0,leste,Sagrada Família,12/08/18,Rua Genoveva de Souza,707
180556,450000.0,78.0,-19.971753500000002,-43.96555639999997,3,2,1,2.0,122.0,473.0,oeste,Buritis,12/08/18,Rua Doutor Lucídio Avelar,55
3243296,175000.0,46.0,-19.831665,-43.94392440000002,2,1,0,1.0,0.0,140.0,norte,Planalto,12/08/18,Rua Senador Campos Vergueiro,369
344494,200000.0,55.0,-19.829652199999998,-43.97784739999997,2,1,0,1.0,45.0,250.0,pampulha,Santa Mônica,12/08/18,Rua dos Tumucumaques,85
1675186,605000.0,117.49,-19.970322,-43.97098240000002,3,2,1,3.0,260.84,540.0,oeste,Buritis,12/08/18,Rua Fidélis Martins,249
57267,360000.0,78.0,-19.8792389,-43.92528470000002,3,3,1,2.0,0.0,0.0,nordeste,União,12/08/18,Rua Lorca,59
170173,950000.0,127.0,-19.970223,-43.96659579999999,3,3,1,4.0,240.0,500.0,oeste,Buritis,12/08/18,Rua Engenheiro Alberto Pontes,122
25136,270000.0,80.0,-19.8552801,-43.956464400000016,3,1,1,1.0,41.0,150.0,pampulha,Jaraguá,12/08/18,Rua Noraldino Lima,405
170188,300000.0,69.0,-19.9565159,-43.98383509999997,3,2,1,1.0,0.0,0.0,oeste,Betânia,12/08/18,Rua Júlio de Castilho,133
170418,520000.0,97.5,-19.9670939,-43.959654,3,2,1,2.0,1833.43,400.0,oeste,Estoril,12/08/18,Rua Olympio Teixeira Guimarães,25
20862,650000.0,85.0,-19.934280100000002,-43.96246810000002,3,3,1,2.0,0.0,0.0,oeste,Barroca,12/08/18,Rua Cura Dares,1318
16192,430000.0,172.8,-22.9263779,-43.6322338,3,2,1,2.0,46.0,100.0,pampulha,Santa Branca,12/08/18,Rua Guerra Junqueiro,210
3256674,370000.0,76.0,-19.968473899999996,-43.95936030000002,3,2,1,1.0,135.0,450.0,oeste,Estoril,12/08/18,Rua José Rodrigues Pereira,1310
3242960,607000.0,63.59,-19.948565,-43.92272600000001,2,3,1,2.0,1.0,1.0,centro-sul,Cruzeiro,12/08/18,Rua Cabo Verde,444
3242963,640000.0,63.59,-19.948565,-43.92272600000001,2,3,1,2.0,1.0,1.0,centro-sul,Cruzeiro,12/08/18,Rua Cabo Verde,444
3242430,645000.0,63.59,-19.948565,-43.92272600000001,2,3,1,2.0,1.0,1.0,centro-sul,Cruzeiro,12/08/18,Rua Cabo Verde,444
3242959,645000.0,63.59,-19.948565,-43.92272600000001,2,3,1,2.0,0.0,1.0,centro-sul,Cruzeiro,12/08/18,Rua Cabo Verde,444
3242962,670000.0,63.59,-19.948565,-43.92272600000001,2,3,1,2.0,1.0,1.0,centro-sul,Cruzeiro,12/08/18,Rua Cabo Verde,444
3242964,671000.0,63.59,-19.948565,-43.92272600000001,2,3,1,2.0,1.0,1.0,centro-sul,Cruzeiro,12/08/18,Rua Cabo Verde,444
3242966,964000.0,138.6,-19.948565,-43.92272600000001,0,3,1,2.0,1.0,1.0,centro-sul,Cruzeiro,12/08/18,Rua Cabo Verde,444
3242965,985000.0,138.71,-19.948565,-43.92272600000001,0,3,1,2.0,1.0,1.0,centro-sul,Cruzeiro,12/08/18,Rua Cabo Verde,444
338432,1376037.51,250.9,-19.9770188,-43.966498099999974,5,3,1,4.0,200.0,500.0,oeste,Buritis,12/08/18,Rua Doutor Célio Andrade,15
170207,698000.0,130.0,-19.972662699999997,-43.96760519999998,4,4,1,3.0,228.0,650.0,oeste,Buritis,12/08/18,Rua Ernani Agricola,15
30918,995000.0,134.68,-19.9290141,-43.96731080000001,4,5,4,4.0,0.0,0.0,oeste,Prado,12/08/18,Rua Selenio,89
3256885,184000.0,44.9,-19.812563600000004,-43.96396659999999,2,1,0,1.0,0.0,0.0,venda-nova,Venda Nova,12/08/18,Rua Padre Pedro Pinto,1595
3256888,187000.0,44.98,-19.812563600000004,-43.96396659999999,2,1,0,1.0,0.0,0.0,venda-nova,Venda Nova,12/08/18,Rua Padre Pedro Pinto,1595
3256889,187000.0,44.9,-19.812563600000004,-43.96396659999999,2,1,0,1.0,0.0,0.0,venda-nova,Venda Nova,12/08/18,Rua Padre Pedro Pinto,1595
3256892,189000.0,44.98,-19.812563600000004,-43.96396659999999,2,1,0,1.0,0.0,0.0,venda-nova,Venda Nova,12/08/18,Rua Padre Pedro Pinto,1595
3256894,189000.0,44.9,-19.812563600000004,-43.96396659999999,2,1,0,1.0,0.0,0.0,venda-nova,Venda Nova,12/08/18,Rua Padre Pedro Pinto,1595
3256851,191000.0,44.9,-19.812563600000004,-43.96396659999999,2,1,0,1.0,0.0,0.0,venda-nova,Venda Nova,12/08/18,Rua Padre Pedro Pinto,1595
3256853,191000.0,44.98,-19.812563600000004,-43.96396659999999,2,1,0,1.0,0.0,0.0,venda-nova,Venda Nova,12/08/18,Rua Padre Pedro Pinto,1595
3256904,191000.0,44.98,-19.812563600000004,-43.96396659999999,2,1,0,1.0,0.0,0.0,venda-nova,Venda Nova,12/08/18,Rua Padre Pedro Pinto,1595
3256905,191000.0,44.9,-19.812563600000004,-43.96396659999999,2,1,0,1.0,0.0,0.0,venda-nova,Venda Nova,12/08/18,Rua Padre Pedro Pinto,1595
3256947,191000.0,46.05,-19.812563600000004,-43.96396659999999,2,1,0,1.0,0.0,0.0,venda-nova,Venda Nova,12/08/18,Rua Padre Pedro Pinto,1595
3256955,191000.0,46.05,-19.812563600000004,-43.96396659999999,2,1,0,1.0,0.0,0.0,venda-nova,Venda Nova,12/08/18,Rua Padre Pedro Pinto,1595
3256886,193000.0,44.9,-19.812563600000004,-43.96396659999999,2,1,0,1.0,0.0,0.0,venda-nova,Venda Nova,12/08/18,Rua Padre Pedro Pinto,1595
3256887,193000.0,44.98,-19.812563600000004,-43.96396659999999,2,1,0,1.0,0.0,0.0,venda-nova,Venda Nova,12/08/18,Rua Padre Pedro Pinto,1595
3256907,193000.0,44.98,-19.812563600000004,-43.96396659999999,2,1,0,1.0,0.0,0.0,venda-nova,Venda Nova,12/08/18,Rua Padre Pedro Pinto,1595
3256951,193000.0,46.05,-19.812563600000004,-43.96396659999999,2,1,0,1.0,0.0,0.0,venda-nova,Venda Nova,12/08/18,Rua Padre Pedro Pinto,1595
3256956,193000.0,46.05,-19.812563600000004,-43.96396659999999,2,1,0,1.0,0.0,0.0,venda-nova,Venda Nova,12/08/18,Rua Padre Pedro Pinto,1595
3256890,195000.0,44.9,-19.812563600000004,-43.96396659999999,2,1,0,1.0,0.0,0.0,venda-nova,Venda Nova,12/08/18,Rua Padre Pedro Pinto,1595
3256891,195000.0,44.98,-19.812563600000004,-43.96396659999999,2,1,0,1.0,0.0,0.0,venda-nova,Venda Nova,12/08/18,Rua Padre Pedro Pinto,1595
3256927,195000.0,44.98,-19.812563600000004,-43.96396659999999,2,1,0,1.0,0.0,0.0,venda-nova,Venda Nova,12/08/18,Rua Padre Pedro Pinto,1595
3256952,195000.0,46.05,-19.812563600000004,-43.96396659999999,2,1,0,1.0,0.0,0.0,venda-nova,Venda Nova,12/08/18,Rua Padre Pedro Pinto,1595
3256953,195000.0,46.05,-19.812563600000004,-43.96396659999999,2,1,0,1.0,0.0,0.0,venda-nova,Venda Nova,12/08/18,Rua Padre Pedro Pinto,1595
3256895,197000.0,44.9,-19.812563600000004,-43.96396659999999,2,1,0,1.0,0.0,0.0,venda-nova,Venda Nova,12/08/18,Rua Padre Pedro Pinto,1595
3256930,197000.0,44.98,-19.812563600000004,-43.96396659999999,2,1,0,1.0,0.0,0.0,venda-nova,Venda Nova,12/08/18,Rua Padre Pedro Pinto,1595
3256931,197000.0,44.9,-19.812563600000004,-43.96396659999999,2,1,0,1.0,0.0,0.0,venda-nova,Venda Nova,12/08/18,Rua Padre Pedro Pinto,1595
3256950,197000.0,46.05,-19.812563600000004,-43.96396659999999,2,1,0,1.0,0.0,0.0,venda-nova,Venda Nova,12/08/18,Rua Padre Pedro Pinto,1595
3256954,197000.0,46.05,-19.812563600000004,-43.96396659999999,2,1,0,1.0,0.0,0.0,venda-nova,Venda Nova,12/08/18,Rua Padre Pedro Pinto,1595
3256906,199000.0,44.9,-19.812563600000004,-43.96396659999999,2,1,0,1.0,0.0,0.0,venda-nova,Venda Nova,12/08/18,Rua Padre Pedro Pinto,1595
3256934,199000.0,44.98,-19.812563600000004,-43.96396659999999,2,1,0,1.0,0.0,0.0,venda-nova,Venda Nova,12/08/18,Rua Padre Pedro Pinto,1595
3256935,199000.0,44.9,-19.812563600000004,-43.96396659999999,2,1,0,1.0,0.0,0.0,venda-nova,Venda Nova,12/08/18,Rua Padre Pedro Pinto,1595
3256977,199000.0,46.05,-19.812563600000004,-43.96396659999999,2,1,0,1.0,0.0,0.0,venda-nova,Venda Nova,12/08/18,Rua Padre Pedro Pinto,1595
3256978,199000.0,46.05,-19.812563600000004,-43.96396659999999,2,1,0,1.0,0.0,0.0,venda-nova,Venda Nova,12/08/18,Rua Padre Pedro Pinto,1595
3256908,201000.0,44.9,-19.812563600000004,-43.96396659999999,2,1,0,1.0,0.0,0.0,venda-nova,Venda Nova,12/08/18,Rua Padre Pedro Pinto,1595
3256979,201000.0,46.05,-19.812563600000004,-43.96396659999999,2,1,0,1.0,0.0,0.0,venda-nova,Venda Nova,12/08/18,Rua Padre Pedro Pinto,1595
3256980,201000.0,46.05,-19.812563600000004,-43.96396659999999,2,1,0,1.0,0.0,0.0,venda-nova,Venda Nova,12/08/18,Rua Padre Pedro Pinto,1595
3256928,203000.0,44.9,-19.812563600000004,-43.96396659999999,2,1,0,1.0,0.0,0.0,venda-nova,Venda Nova,12/08/18,Rua Padre Pedro Pinto,1595
3256929,203000.0,44.98,-19.812563600000004,-43.96396659999999,2,1,0,1.0,0.0,0.0,venda-nova,Venda Nova,12/08/18,Rua Padre Pedro Pinto,1595
3256981,203000.0,46.05,-19.812563600000004,-43.96396659999999,2,1,0,1.0,0.0,0.0,venda-nova,Venda Nova,12/08/18,Rua Padre Pedro Pinto,1595
3256982,203000.0,46.05,-19.812563600000004,-43.96396659999999,2,1,0,1.0,0.0,0.0,venda-nova,Venda Nova,12/08/18,Rua Padre Pedro Pinto,1595
3256932,205000.0,44.9,-19.812563600000004,-43.96396659999999,2,1,0,1.0,0.0,0.0,venda-nova,Venda Nova,12/08/18,Rua Padre Pedro Pinto,1595
3256933,205000.0,44.98,-19.812563600000004,-43.96396659999999,2,1,0,1.0,0.0,0.0,venda-nova,Venda Nova,12/08/18,Rua Padre Pedro Pinto,1595
3256983,205000.0,46.05,-19.812563600000004,-43.96396659999999,2,1,0,1.0,0.0,0.0,venda-nova,Venda Nova,12/08/18,Rua Padre Pedro Pinto,1595
3256984,205000.0,46.05,-19.812563600000004,-43.96396659999999,2,1,0,1.0,0.0,0.0,venda-nova,Venda Nova,12/08/18,Rua Padre Pedro Pinto,1595
3256845,225000.0,59.51,-19.812563600000004,-43.96396659999999,2,1,0,1.0,0.0,0.0,venda-nova,Venda Nova,12/08/18,Rua Padre Pedro Pinto,1595
3256855,225000.0,58.61,-19.812563600000004,-43.96396659999999,2,1,0,1.0,0.0,0.0,venda-nova,Venda Nova,12/08/18,Rua Padre Pedro Pinto,1595
3256937,295000.0,87.45,-19.812563600000004,-43.96396659999999,2,1,0,1.0,0.0,0.0,venda-nova,Venda Nova,12/08/18,Rua Padre Pedro Pinto,1595
3256925,300000.0,93.47,-19.812563600000004,-43.96396659999999,2,1,0,1.0,0.0,0.0,venda-nova,Venda Nova,12/08/18,Rua Padre Pedro Pinto,1595
3256926,300000.0,93.37,-19.812563600000004,-43.96396659999999,2,1,0,1.0,0.0,0.0,venda-nova,Venda Nova,12/08/18,Rua Padre Pedro Pinto,1595
3256936,305000.0,87.04,-19.812563600000004,-43.96396659999999,2,1,0,1.0,0.0,0.0,venda-nova,Venda Nova,12/08/18,Rua Padre Pedro Pinto,1595
22427,380000.0,80.0,-19.8702203,-43.92060839999999,3,1,1,1.0,0.0,0.0,nordeste,Fernão Dias,12/08/18,Rua Jornalista Theódulo Pereira,103
167670,160000.0,92.0,-19.8261,-43.94595500000002,2,1,0,1.0,0.0,160.0,norte,Juliana,12/08/18,Rua da Galeria,711
29997,298000.0,59.0,-19.8748184,-43.91892129999997,3,1,1,1.0,0.0,0.0,nordeste,Fernão Dias,12/08/18,Avenida Joaquim José Diniz,429
141455,198000.0,60.0,-19.814051899999995,-43.952282399999994,2,1,0,1.0,48.0,190.0,venda-nova,Venda Nova,12/08/18,Rua Rosa Barbosa Pinto,59
338501,460000.0,130.0,-19.964116,-43.96448079999999,2,2,1,2.0,0.0,250.0,oeste,Estoril,12/08/18,Rua José Cláudio Rezende,270
20857,620000.0,153.0,-19.976350600000004,-43.9769167,2,2,1,3.0,0.0,280.0,oeste,Buritis,12/08/18,Avenida Aggeo Pio Sobrinho,399
166772,1150000.0,217.0,-19.974127,-43.968148600000006,4,4,2,4.0,0.0,0.0,oeste,Buritis,12/08/18,Avenida Professor Mário Werneck,2140
3255231,90000.0,47.0,-19.929261999999998,-44.01744200000002,2,1,0,1.0,60.0,0.01,noroeste,Camargos,12/08/18,Rua José Cláudio Sanches,720
169423,115000.0,41.6,-19.7982177,-43.94623469999999,2,1,0,1.0,0.0,35.0,venda-nova,Canaã,12/08/18,Rua Mauritânia,136
351531,125000.0,42.0,-20.010707,-44.0141418,2,1,0,1.0,0.0,150.0,barreiro,Solar do Barreiro (Barreiro),12/08/18,Avenida Warley Aparecido Martins,971
207847,170000.0,43.0,-19.9257495,-44.014144699999974,2,1,0,1.0,55.0,200.0,noroeste,Califórnia,12/08/18,Rua Visconde de Mauá,95
341671,175000.0,45.0,-19.831207199999998,-43.945326000000016,2,1,0,1.0,600.0,185.0,venda-nova,Venda Nova,12/08/18,Rua Osório Duque Estrada - Lado Par,454
51786,180000.0,51.0,-19.9200579,-43.9682712,2,1,0,1.0,0.0,185.0,oeste,Prado,12/08/18,Rua Perimetral,152
3244351,180000.0,50.0,-19.8784673,-43.96148089999997,2,1,0,1.0,0.0,180.0,pampulha,São Francisco,12/08/18,Rua Padre Leopoldo Mertens,1631
358898,185000.0,50.0,-19.824854100000003,-43.96655179999999,2,1,0,1.0,51.1,165.0,venda-nova,Venda Nova,12/08/18,Rua Antônio Orlindo de Castro,259
3250544,189000.0,56.61,-19.885057,-43.98220900000001,2,1,0,1.0,65.0,115.0,pampulha,Ouro Preto,12/08/18,Rua José Faria Tavares,45
170378,190000.0,45.0,-19.9168246,-43.94321109999999,1,1,0,0.0,0.0,350.0,centro-sul,Centro,12/08/18,Rua dos Tupinambás,953
729866,199000.0,45.0,-19.9379565,-43.9808961,2,1,0,1.0,76.88,150.0,oeste,Nova Suíssa,12/08/18,Rua Lapinha,737
3250626,199000.0,65.0,-19.807591,-43.98596980000002,3,2,1,1.0,75.0,200.0,venda-nova,Venda Nova,12/08/18,Rua Limeira,566
3243373,200000.0,50.0,-19.8002525,-43.97286280000003,2,1,0,1.0,50.0,220.0,venda-nova,Venda Nova,12/08/18,Rua Maria José Alchaar,111
3241174,219000.0,79.0,-20.005178,-44.0060345,3,1,0,1.0,0.0,0.0,barreiro,Cardoso,12/08/18,Rua Augusto Muniz,191
356465,229000.0,79.0,-19.9602638,-43.969731799999984,3,1,0,1.0,60.72,200.0,oeste,Havaí,12/08/18,Rua Professor Duque,315
53099,230000.0,70.0,-19.918378699999998,-43.9664765,3,1,0,1.0,25.45,180.0,oeste,Prado,12/08/18,Rua Perimetral,330
357653,230000.0,70.0,-19.8419557,-43.9387734,3,2,0,1.0,55.0,270.0,norte,Heliópolis,12/08/18,Rua Nair Pentagna Guimarães,300
847035,230000.0,48.0,-19.9257495,-44.014144699999974,2,1,0,1.0,60.0,220.0,noroeste,Califórnia,12/08/18,Rua Visconde de Mauá,95
3245595,230000.0,66.85,-19.8425688,-43.89237000000003,3,1,0,1.0,72.2,253.0,nordeste,Acaiaca,12/08/18,Rua João Lemos,439
352882,235000.0,60.0,-19.9681264,-43.9708349,2,2,1,1.0,80.0,435.0,oeste,Buritis,12/08/18,Rua Tito Guimarães,51
127176,245000.0,52.0,-19.8756275,-43.91637209999999,2,1,0,1.0,89.7,0.0,nordeste,Fernão Dias,12/08/18,Avenida Joaquim José Diniz,20
1609084,245000.0,56.0,-19.9798103,-43.96829750000001,2,1,0,1.0,130.0,300.0,oeste,Buritis,12/08/18,Rua Alessandra Salum Cadar,920
3253322,249000.0,102.67,-19.944064800000003,-43.97397560000002,3,2,1,1.0,69.0,250.0,oeste,Jardim América,12/08/18,Rua Lindolfo de Azevedo,1703
3246482,250000.0,53.0,-20.0057585,-44.00760279999997,2,2,1,1.0,80.27,250.0,barreiro,Cardoso,12/08/18,Rua Augusto Muniz,255
1671767,256000.0,64.0,-19.8290997,-43.96398799999997,3,2,1,1.0,106.0,480.0,pampulha,Santa Branca,12/08/18,Avenida Martinica,432
178903,260000.0,40.0,-19.961271,-43.974589200000004,2,1,0,1.0,20.62,150.0,oeste,Estrela Dalva,12/08/18,Rua Camargo Guarnieri,50
335299,269000.0,120.0,-19.9877743,-44.03187109999999,2,2,0,1.0,79.61,250.0,barreiro,Diamante(barreiro),12/08/18,Rua Madre Paulina,210
174831,280000.0,66.61,-19.8662728,-43.952735099999984,3,2,1,1.0,65.0,330.0,pampulha,Indaiá,12/08/18,Rua Boaventura,771
1580214,280000.0,67.0,-19.9449114,-43.96459709999999,3,2,1,1.0,146.0,250.0,oeste,Nova Granada,12/08/18,Rua Marechal Jofre,177
332028,320000.0,28.0,-19.861795899999997,-43.951437,1,1,1,1.0,100.0,600.0,pampulha,Liberdade,12/08/18,Rua Intendente Câmara,540
180750,325000.0,119.04,-19.9730513,-43.97369029999999,3,2,0,1.0,993.49,280.0,oeste,Buritis,12/08/18,Rua Maria Heilbuth Surette,473
354388,325000.0,100.0,-19.9399302,-43.98452939999999,2,1,0,1.0,100.0,200.0,oeste,Salgado Filho,12/08/18,Rua Souza Menezes,105
1847470,340000.0,105.0,-19.947411,-43.94556999999998,3,2,1,1.0,113.0,400.0,centro-sul,Santo Antônio,12/08/18,Rua Matipó,377
26299,350000.0,113.0,-19.946815100000002,-43.94328999999999,3,1,0,1.0,140.0,400.0,centro-sul,Santo Antônio,12/08/18,Rua Mar de Espanha,745
331419,350000.0,75.0,-19.921757100000004,-43.91516839999997,3,2,1,1.0,130.0,280.0,centro-sul,Santa Efigênia,12/08/18,Rua Joao Ribeiro,40
719912,350000.0,120.0,-19.824116,-43.96244100000001,2,2,0,2.0,85.0,100.0,venda-nova,Venda Nova,12/08/18,Rua João Samaha,1088
357296,360000.0,68.0,-19.978907500000002,-43.96629519999999,2,2,1,2.0,159.9,300.0,oeste,Buritis,12/08/18,Rua Francisco Fernandes dos Santos,188
338697,370000.0,75.0,-19.9694604,-43.9645452,3,2,1,1.0,115.65,735.0,oeste,Estoril,12/08/18,Rua José Rodrigues Pereira,1310
6849,375000.0,105.0,-19.8703353,-43.92046640000001,3,2,1,2.0,100.86,200.0,nordeste,Fernão Dias,12/08/18,Rua Jornalista Theódulo Pereira,25
36656,380000.0,95.0,-19.889392,-43.92521390000002,3,2,1,1.0,130.09,260.0,leste,Cidade Nova,12/08/18,Rua Tabelião Ferreira de Carvalho,190
356797,380000.0,65.0,-19.8892695,-43.919546800000035,2,2,1,1.0,153.92,680.0,nordeste,União,12/08/18,Rua João das Chagas,333
170220,410000.0,68.57,-19.892542300000002,-43.96637900000002,3,2,1,1.0,0.0,0.0,noroeste,Caiçaras,12/08/18,Rua Elenir de Souza Gouvêa,50
3247520,420929.96,58.0,-19.907119199999997,-43.92441300000002,2,2,1,2.0,0.0,0.0,leste,Sagrada Família,12/08/18,Rua Conselheiro Lafaiete,285
134539,435000.0,121.59,-19.9315154,-43.9638708,4,2,1,1.0,110.62,300.0,oeste,Gutierrez,12/08/18,Rua Turfa,1076
338474,435000.0,110.0,-19.967225699999997,-43.9703581,3,1,1,2.0,117.59,290.0,oeste,Buritis,12/08/18,Rua Iracy Manata,133
356707,460000.0,80.0,-19.9605987,-43.96738370000003,3,3,1,4.0,0.0,0.0,oeste,Estoril,12/08/18,Rua Mário Coutinho,310
7390,470000.0,90.0,-19.9421018,-43.94080830000002,3,3,1,1.0,163.6,1200.0,centro-sul,Santo Antônio,12/08/18,Rua Leopoldina,811
63107,470000.0,98.0,-19.8742509,-43.93742789999999,4,2,1,2.0,392.4,0.0,nordeste,Palmares,12/08/18,Rua Pastor Achilles Barbosa,32
63110,470000.0,98.0,-19.8742509,-43.93742789999999,4,2,1,2.0,392.4,0.0,nordeste,Palmares,12/08/18,Rua Pastor Achilles Barbosa,32
63112,470000.0,98.0,-19.8742509,-43.93742789999999,4,2,1,2.0,392.4,0.0,nordeste,Palmares,12/08/18,Rua Pastor Achilles Barbosa,32
52432,475000.0,110.0,-19.8597829,-43.94642650000003,4,2,1,2.0,0.0,220.0,pampulha,Jaraguá,12/08/18,Rua Cyro Vaz de Melo,474
28223,480000.0,78.21,-19.9020288,-43.92958920000001,3,4,2,2.0,184.55,200.0,leste,Graça,12/08/18,Rua Silveira,75
63115,480000.0,98.0,-19.8742509,-43.93742789999999,4,2,1,2.0,392.4,0.0,nordeste,Palmares,12/08/18,Rua Pastor Achilles Barbosa,32
351125,480000.0,110.0,-19.95081,-43.95808099999999,4,2,1,2.0,202.9,550.0,centro-sul,Luxemburgo,12/08/18,Rua Doutor Juvenal dos Santos,290
3252806,480000.0,120.0,-19.879949,-44.00473969999996,3,2,1,2.0,141.12,350.0,pampulha,Pampulha,12/08/18,Rua Castelo de Windsor,475
351834,480039.96,116.0,-19.907106,-43.92442700000004,2,2,1,2.0,0.0,0.0,leste,Sagrada Família,12/08/18,Rua Conselheiro Lafaiete,285
338038,490000.0,74.0,-19.854554399999998,-43.95856630000003,3,2,1,2.0,104.0,480.0,pampulha,São Luiz (pampulha),12/08/18,Rua Professor Almeida Cunha,5
11586,495000.0,160.0,-19.974567800000003,-43.9688951,4,1,1,2.0,183.0,550.0,oeste,Buritis,12/08/18,Rua Cônsul Walter,130
15431,495000.0,95.18,-19.9690568,-43.9724076,3,5,3,2.0,162.78,350.0,oeste,Buritis,12/08/18,Rua Professor Euclydes Ferreira,50
3234352,495000.0,88.5,-19.946278600000003,-43.92303800000002,3,2,1,1.0,124.33,400.0,centro-sul,Cruzeiro,12/08/18,Rua Muzambinho,147
142162,530000.0,132.0,-19.938905824174398,-43.935130004754626,4,3,1,1.0,180.0,800.0,centro-sul,Savassi,12/08/18,Avenida Cristóvão Colombo,157
335066,530000.0,86.0,-19.9714433,-43.96930399999997,3,2,1,3.0,188.26,673.0,oeste,Buritis,12/08/18,Rua Stella Hanriot,518
50397,550000.0,140.0,-19.8817672,-43.91948339999999,4,3,1,2.0,0.0,200.0,nordeste,União,12/08/18,Rua Otávio Otoni,100
63084,560000.0,138.0,-19.8742509,-43.93742789999999,4,2,1,2.0,392.4,0.0,nordeste,Palmares,12/08/18,Rua Pastor Achilles Barbosa,32
54142,580000.0,97.0,-19.970895600000002,-43.968566700000004,3,2,1,2.0,203.75,677.0,oeste,Buritis,12/08/18,Rua Lauro Ferreira,101
3251669,630000.0,180.0,-19.857447399999998,-43.94598659999997,3,3,1,2.0,120.0,0.0,pampulha,Dona Clara,12/08/18,Rua Erasmo Figueiredo Silva,331
170334,650000.0,126.0,-19.9681872,-43.96680090000001,4,3,1,3.0,2500.0,500.0,oeste,Buritis,12/08/18,Rua Engenheiro Alberto Pontes,401
338446,680000.0,117.0,-19.9751349,-43.9711188,4,3,1,3.0,308.7,750.0,oeste,Buritis,12/08/18,Rua Tereza Mota Valadares,685
8952,685000.0,132.97,-19.974891699999997,-43.97179970000002,4,4,1,3.0,292.54,400.0,oeste,Buritis,12/08/18,Rua Tereza Mota Valadares,637
62600,689000.0,79.81,-19.924924,-43.96031719999996,3,3,1,2.0,0.0,0.0,oeste,Prado,12/08/18,Rua Chapecó,538
338450,695000.0,86.0,-19.9658712,-43.9645018,3,3,1,2.0,2116.74,530.0,oeste,Estoril,12/08/18,Rua Paulo Piedade Campos,15
23934,780000.0,180.78,-19.899894,-43.93015179999998,3,3,1,2.0,210.88,365.0,leste,Graça,12/08/18,Rua Juacema,194
30133,780000.0,200.0,-19.9715924,-43.96805319999999,4,1,1,3.0,200.0,620.0,oeste,Buritis,12/08/18,Rua Ernani Agricola,120
344283,780000.0,100.0,-19.93609,-43.92749200000003,3,3,1,1.0,292.0,830.0,centro-sul,Funcionários,12/08/18,Rua Santa Rita Durão,41
9723,799000.0,124.0,-19.933991,-43.96738640000001,4,4,2,3.0,110.0,250.0,oeste,Barroca,12/08/18,Rua Armindo Chaves,272
356504,800000.0,209.0,-19.9736284,-43.96770530000003,5,5,2,3.0,267.7,450.0,oeste,Buritis,12/08/18,Rua Marco Aurélio de Miranda,230
338482,810199.67,124.1,-19.9770188,-43.96649819999999,4,2,1,3.0,200.0,500.0,oeste,Buritis,12/08/18,Rua Doutor Célio Andrade,15
338484,851783.5,124.1,-19.9770188,-43.966498099999974,4,2,1,3.0,200.0,500.0,oeste,Buritis,12/08/18,Rua Doutor Célio Andrade,15
356660,860000.0,145.0,-19.9777559,-43.963129699999975,3,4,1,3.0,323.0,840.0,oeste,Buritis,12/08/18,Rua José Hemetério Andrade,355
16543,870000.0,205.0,-19.961845800000003,-43.94811119999997,4,2,1,2.0,154.39,400.0,centro-sul,Santa Lúcia,12/08/18,Rua Via Láctea,280
366316,870000.0,64.0,-19.9354976,-43.931960499999995,2,2,1,2.0,0.0,0.0,centro-sul,Savassi,12/08/18,Rua Rio Grande do Norte,1473
337395,880000.0,160.0,-19.931060100000003,-43.9238354,3,2,1,2.0,163.0,850.0,centro-sul,Funcionários,12/08/18,Rua Grão Pará,1009
3240464,980000.0,220.11,-19.9482803,-43.95696099999998,4,3,1,2.0,499.0,1421.0,centro-sul,Luxemburgo,12/08/18,Rua Fábio Couri,234
6987,1200000.0,246.0,-19.858636999999998,-43.95409000000001,4,6,4,4.0,0.0,0.0,pampulha,Liberdade,12/08/18,Rua Antônio Paulino de Castro,515
17790,1200000.0,155.0,-19.933526999999998,-43.94825600000002,4,3,1,2.0,397.0,950.0,centro-sul,Santo Agostinho,12/08/18,Rua Santos Barreto,15
356581,1200000.0,140.0,-19.938696899999997,-43.9225768,4,3,1,2.0,325.02,960.0,centro-sul,Serra,12/08/18,Rua Professor Estevão Pinto,1424
292228,1400000.0,305.57,-19.969338,-43.96688899999998,3,4,3,4.0,463.77,900.0,oeste,Buritis,12/08/18,Rua Engenheiro Alberto Pontes,123
170361,1800000.0,356.0,-19.8923782,-43.92417230000001,4,4,1,5.0,400.0,800.0,leste,Cidade Nova,12/08/18,Rua Irmãos Kennedy,123
1533793,2520000.0,197.0,-19.9498449,-43.92614679999997,4,4,2,4.0,500.0,1200.0,centro-sul,Cruzeiro,12/08/18,Rua Joaquim Linhares,223
1534075,2680000.0,217.0,-19.9498449,-43.92614679999997,4,5,4,4.0,600.0,1200.0,centro-sul,Anchieta,12/08/18,Rua Joaquim Linhares,223
1534076,2760000.0,217.0,-19.9498449,-43.92614679999997,4,5,4,4.0,600.0,1200.0,centro-sul,Cruzeiro,12/08/18,Rua Joaquim Linhares,223
1534077,2800000.0,217.0,-19.9498449,-43.92614679999997,4,5,4,4.0,600.0,1200.0,centro-sul,Cruzeiro,12/08/18,Rua Joaquim Linhares,223
3238620,2990000.0,371.79,-20.0560699,-44.35822580000002,4,5,0,4.0,1078.17,2829.75,centro-sul,Belvedere,12/08/18,Rua Severino Melo Jardim,85
180563,1480000.0,250.0,-19.944797899999998,-43.95326829999999,4,3,1,2.0,4193.61,0.0,centro-sul,Luxemburgo,12/08/18,Rua Pio Porto de Menezes,145
3216472,360000.0,135.2,-19.938347,-43.97344809999999,3,1,1,1.0,0.0,0.0,oeste,Nova Suíssa,12/08/18,Rua Gávea,12
3257600,270000.0,75.0,-19.9590798,-43.96835950000002,3,2,1,2.0,88.19,300.0,oeste,Estoril,12/08/18,Rua Mário Coutinho,591
166742,320000.0,28.0,-19.861795899999997,-43.951437,1,1,1,1.0,89.0,600.0,pampulha,Liberdade,12/08/18,Rua Intendente Câmara,540
170189,360000.0,69.0,-19.956243100000002,-43.9837943,3,2,1,1.0,315.0,330.0,oeste,Betânia,12/08/18,Rua Júlio de Castilho,133
172793,310000.0,47.0,-19.969313800000002,-43.98393759999999,2,1,0,2.0,0.0,0.0,oeste,Palmeiras,12/08/18,Rua Senhora do Porto,800
248738,650000.0,143.0,-19.968981,-43.96787280000001,3,3,1,2.0,264.0,750.0,oeste,Buritis,12/08/18,Rua Professora Bartira Mourão,209
6976,660000.0,160.0,-19.872172,-43.9167066,3,3,1,2.0,0.0,0.0,nordeste,Fernão Dias,12/08/18,Rua José Júlio Ferreira,299
338454,850000.0,140.0,-19.9658712,-43.9645018,4,1,1,2.0,287.46,0.0,oeste,Estoril,12/08/18,Rua Paulo Piedade Campos,15
132085,349000.0,95.0,-19.8870954,-43.998281599999984,3,1,1,2.0,0.0,250.0,pampulha,Pampulha,12/08/18,Rua Doutor Rubens Guimarães,271
226865,270000.0,50.0,-19.967447600000003,-43.98145890000001,2,2,1,1.0,0.0,300.0,oeste,Palmeiras,12/08/18,Avenida Dom João Vi,1741
42727,750000.0,126.0,-19.8709141,-43.9317762,4,2,1,3.0,0.0,0.0,nordeste,Palmares,12/08/18,Rua Joviano Naves,10
3239547,960000.0,221.82,-19.980221399999998,-43.97675249999998,4,2,1,4.0,0.0,0.0,oeste,Buritis,12/08/18,Rua Rubens Caporali Ribeiro,839
1331859,245000.0,50.0,-19.882053600000003,-43.99840010000002,2,1,1,1.0,56.0,250.0,pampulha,Pampulha,12/08/18,Rua Castelo de Abrantes,421
1529230,200000.0,70.0,-19.8353919,-43.97134170000004,3,2,1,1.0,380.0,350.0,pampulha,Santa Amélia,12/08/18,Avenida Deputado Anuar Menhen,1212
170513,210000.0,86.0,-19.9649858,-43.97004800000002,3,2,0,1.0,59.65,250.0,oeste,Estrela Dalva,12/08/18,Avenida Costa do Marfim,125
241615,255000.0,50.0,-19.9673201,-43.98151810000002,2,2,1,1.0,0.0,300.0,oeste,Palmeiras,12/08/18,Avenida Dom João Vi,1741
3248352,265000.0,68.77,-19.813658399999998,-43.97580519999997,3,2,1,1.0,75.0,200.0,venda-nova,Candelária,12/08/18,Rua Corretor Juventino de Jesus,135
20355,365000.0,76.0,-19.8680901,-43.93018760000001,3,2,1,2.0,0.0,0.0,nordeste,Palmares,12/08/18,Rua Luiz Zuddio,325
126942,440000.0,95.0,-19.8729034,-43.99246679999999,3,2,1,3.0,0.0,0.0,pampulha,Paquetá,12/08/18,Rua Gasparino Carvalho Silva,75
127155,498000.0,170.0,-19.873846,-43.93217149999998,3,3,1,2.0,0.0,0.0,nordeste,Palmares,12/08/18,Rua Manoel Venâncio Martins,39
63103,570000.0,188.0,-19.8742509,-43.93742789999999,4,2,1,2.0,392.4,0.0,nordeste,Palmares,12/08/18,Rua Pastor Achilles Barbosa,32
7913,850000.0,385.0,-19.870563399999998,-43.92885810000002,3,2,1,3.0,327.0,0.0,nordeste,Palmares,12/08/18,Rua Coronel Jairo Pereira,855
366317,870000.0,64.0,-19.9354976,-43.931960499999995,2,2,1,2.0,0.0,0.0,centro-sul,Savassi,12/08/18,Rua Rio Grande do Norte,1473
360326,920000.0,219.85,-19.9331209,-43.97963170000003,3,2,1,3.0,0.0,0.0,oeste,Nova Suíssa,12/08/18,Rua Teodoro de Abreu,99
366289,950000.0,73.0,-19.9296997,-43.93062279999998,3,2,1,2.0,0.0,0.0,centro-sul,Savassi,12/08/18,Rua Rio Grande do Norte,601
366303,950000.0,73.0,-19.9354976,-43.931960499999995,3,2,1,2.0,0.0,0.0,centro-sul,Savassi,12/08/18,Rua Rio Grande do Norte,1473
366312,950000.0,73.0,-19.9354976,-43.931960499999995,3,2,1,2.0,0.0,0.0,centro-sul,Savassi,12/08/18,Rua Rio Grande do Norte,1473
62933,150000.0,45.0,-19.9022494,-44.01970970000002,2,1,0,1.0,0.0,120.0,noroeste,São Salvador,12/08/18,Rua Barbosa,12
468464,360000.0,120.0,-19.8184921,-43.96391089999997,3,1,1,2.0,105.0,0.0,venda-nova,Venda Nova,12/08/18,Rua José Aguilar Filho,98
180516,470000.0,150.0,-19.9613343,-43.975240899999996,3,2,1,3.0,0.0,230.0,oeste,Havaí,12/08/18,Rua Marcos Coelho Neto,51
362277,900000.0,210.0,-19.859796,-43.95621299999999,4,5,4,4.0,0.0,0.0,pampulha,Liberdade,12/08/18,Rua Aureliano Lessa,335
335056,427773.0,76.89,-19.8732044,-43.98902670000001,3,2,1,1.0,123.08,400.0,pampulha,Ouro Preto,12/08/18,Rua Sena Madureira,566
337959,442543.5,76.89,-19.8730977,-43.98929429999998,3,2,1,1.0,123.08,400.0,pampulha,Ouro Preto,12/08/18,Rua Sena Madureira,566
337590,451293.34,76.89,-19.873104,-43.989049000000016,3,2,1,1.0,123.08,400.0,pampulha,Ouro Preto,12/08/18,Rua Sena Madureira,566
337740,477994.87,76.89,-19.873104,-43.989049000000016,3,2,1,1.0,120.26,400.0,pampulha,Ouro Preto,12/08/18,Rua Sena Madureira,566
337845,554935.5,76.89,-19.873104,-43.989049000000016,3,2,1,2.0,123.08,400.0,pampulha,Ouro Preto,12/08/18,Rua Sena Madureira,566
337847,563284.76,76.89,-19.873104,-43.989049000000016,3,2,1,2.0,123.08,400.0,pampulha,Ouro Preto,12/08/18,Rua Sena Madureira,566
337848,563302.52,76.89,-19.8730977,-43.98929429999998,3,2,1,2.0,129.97,400.0,pampulha,Ouro Preto,12/08/18,Rua Sena Madureira,566
337892,567981.0,76.89,-19.8730977,-43.98929429999998,3,2,1,2.0,129.97,400.0,pampulha,Ouro Preto,12/08/18,Rua Sena Madureira,566
337867,579019.5,76.89,-19.873104,-43.989049000000016,3,2,1,2.0,124.4,400.0,pampulha,Ouro Preto,12/08/18,Rua Sena Madureira,566
337961,580684.94,76.89,-19.8730977,-43.98929429999998,3,2,1,2.0,129.97,400.0,pampulha,Ouro Preto,12/08/18,Rua Sena Madureira,566
337963,596310.8,76.89,-19.8730977,-43.98929429999998,3,2,1,2.0,129.97,400.0,pampulha,Ouro Preto,12/08/18,Rua Sena Madureira,566
337962,599089.5,76.89,-19.8730977,-43.98929429999998,3,2,1,2.0,129.97,400.0,pampulha,Ouro Preto,12/08/18,Rua Sena Madureira,566
337912,962725.08,162.36,-19.8730977,-43.98929429999998,3,2,1,3.0,192.06,400.0,pampulha,Ouro Preto,12/08/18,Rua Sena Madureira,566
337905,980490.57,162.36,-19.8730977,-43.98929429999998,3,2,1,3.0,129.97,400.0,pampulha,Ouro Preto,12/08/18,Rua Sena Madureira,566
337964,1028268.63,162.36,-19.8730977,-43.98929429999998,3,2,1,3.0,185.16,400.0,pampulha,Ouro Preto,12/08/18,Rua Sena Madureira,566
3253686,514287.36,60.88,-19.9329402,-43.926059599999974,1,1,1,1.0,1.0,1.0,centro-sul,Funcionários,12/08/18,Rua Maranhão,1427
3253691,799800.0,64.15,-19.9329402,-43.926059599999974,2,1,1,2.0,1.0,1.0,centro-sul,Funcionários,12/08/18,Rua Maranhão,1427
3253446,1137961.62,133.91,-19.9329402,-43.926059599999974,1,1,1,2.0,1.0,1.0,centro-sul,Funcionários,12/08/18,Rua Maranhão,1427
170540,472000.0,69.0,-19.9491115,-43.95652899999999,2,2,1,2.0,178.81,574.0,centro-sul,Luxemburgo,12/08/18,Rua Flavita Bretas,794
170537,483000.0,69.0,-19.9491115,-43.95652899999999,2,2,1,2.0,178.81,574.0,centro-sul,Luxemburgo,12/08/18,Rua Flavita Bretas,794
170538,485000.0,69.0,-19.9491115,-43.95652899999999,2,2,1,2.0,178.81,574.0,centro-sul,Luxemburgo,12/08/18,Rua Flavita Bretas,794
170539,492000.0,69.0,-19.9491115,-43.95652899999999,2,2,1,2.0,178.81,574.0,centro-sul,Luxemburgo,12/08/18,Rua Flavita Bretas,794
24719,720000.0,170.0,-19.8714734,-43.9348655,4,3,1,2.0,0.0,0.0,nordeste,Palmares,12/08/18,Rua Professor Antônio Márcio,585
337418,540000.0,79.57,-19.951753699999998,-43.93900840000003,3,2,1,3.0,0.0,774.04,centro-sul,São Pedro,12/08/18,Rua Equador,244
3216479,680000.0,114.0,-19.9768829,-43.963775,3,1,1,2.0,0.0,300.0,oeste,Buritis,12/08/18,Rua José Hemetério Andrade,520
11193,1100000.0,200.0,-19.949370499999997,-43.958493299999994,4,4,2,3.0,0.0,0.0,centro-sul,Luxemburgo,12/08/18,Rua Flavita Bretas,226
337408,350000.0,60.0,-19.9752966,-43.969527299999996,3,2,1,1.0,78.0,260.0,oeste,Buritis,12/08/18,Rua Tereza Mota Valadares,820
170623,680000.0,68.0,-19.9276819,-43.9346624,2,2,1,2.0,220.0,550.0,centro-sul,Boa Viagem,12/08/18,Rua dos Timbiras,1228
180755,420000.0,70.0,-19.9786816,-43.97648079999999,2,3,2,2.0,0.0,540.0,oeste,Buritis,12/08/18,Rua Rubens Caporali Ribeiro,752
170657,1825300.0,273.0,-19.9282507,-43.94545120000001,3,3,1,2.0,0.0,0.0,centro-sul,Lourdes,12/08/18,Rua Santa Catarina ,866
336263,140000.0,62.0,-19.9010138,-43.94752740000001,2,1,0,1.0,0.0,150.0,noroeste,Pedreira Prado Lopes ,12/08/18,Rua Travessa José Laerte,336
166328,165000.0,49.0,-19.8347306,-43.98898439999999,2,1,0,1.0,0.0,0.0,venda-nova,Parque Leblon,12/08/18,Rua Castro Alves,185
3149306,170000.0,47.0,-19.801014000000002,-43.99818590000001,2,2,1,1.0,27.37,150.0,venda-nova,Jardim Florência (venda Nova),12/08/18,Rua Cricaré,24
3257755,170000.0,50.0,-19.9458345,-43.97181610000001,2,1,0,1.0,0.0,150.0,oeste,Nova Suíssa,12/08/18,Rua Indiana,1164
217052,207000.0,47.83,-20.0000988,-44.00489270000003,2,1,0,1.0,0.0,0.0,barreiro,Flávio Marques Lisboa,12/08/18,Rua Nascimento,33
217053,207000.0,48.49,-20.0000988,-44.00489270000003,2,1,0,1.0,0.0,0.0,barreiro,Flávio Marques Lisboa,12/08/18,Rua Nascimento,33
218461,207000.0,47.83,-20.0000988,-44.00489270000003,2,1,0,1.0,0.0,0.0,barreiro,Flávio Marques Lisboa,12/08/18,Rua Nascimento,33
218462,207000.0,48.49,-19.9995408,-44.00264949999996,2,1,0,1.0,0.0,0.0,barreiro,Flávio Marques Lisboa,12/08/18,Rua Nascimento,33
238727,207000.0,48.47,-20.0000988,-44.00489270000003,2,1,0,1.0,0.0,0.0,barreiro,Flávio Marques Lisboa,12/08/18,Rua Nascimento,33
238728,207000.0,47.79,-20.0000988,-44.00489270000003,2,1,0,1.0,0.0,0.0,barreiro,Flávio Marques Lisboa,12/08/18,Rua Nascimento,33
238654,212000.0,48.49,-20.0000988,-44.00489270000003,2,1,0,1.0,0.0,0.0,barreiro,Flávio Marques Lisboa,12/08/18,Rua Nascimento,33
238655,212000.0,47.83,-20.0000988,-44.00489270000003,2,1,0,1.0,0.0,0.0,barreiro,Flávio Marques Lisboa,12/08/18,Rua Nascimento,33
238801,212000.0,48.47,-20.0000988,-44.00489270000003,2,1,0,1.0,0.0,0.0,barreiro,Flávio Marques Lisboa,12/08/18,Rua Nascimento,33
245072,212000.0,47.83,-20.0000988,-44.00489270000003,2,1,0,1.0,0.0,0.0,barreiro,Flávio Marques Lisboa,12/08/18,Rua Nascimento,33
245076,212000.0,47.79,-20.0000988,-44.00489270000003,2,1,0,1.0,0.0,0.0,barreiro,Flávio Marques Lisboa,12/08/18,Rua Nascimento,33
3257273,215000.0,48.0,-19.9354008,-44.00580149999996,2,1,1,1.0,100.0,150.0,noroeste,Vila Oeste,12/08/18,Rua do Garimpo,155
244993,218000.0,48.49,-20.0000988,-44.00489270000003,2,1,0,1.0,0.0,0.0,barreiro,Flávio Marques Lisboa,12/08/18,Rua Nascimento,33
244994,218000.0,47.83,-20.0000988,-44.00489270000003,2,1,0,1.0,0.0,0.0,barreiro,Flávio Marques Lisboa,12/08/18,Rua Nascimento,33
245157,218000.0,47.79,-20.0000988,-44.00489270000003,2,1,0,1.0,0.0,0.0,barreiro,Flávio Marques Lisboa,12/08/18,Rua Nascimento,33
245159,218000.0,48.47,-20.0000988,-44.00489270000003,2,1,0,1.0,0.0,0.0,barreiro,Flávio Marques Lisboa,12/08/18,Rua Nascimento,33
245160,218000.0,47.79,-20.0000988,-44.00489270000003,2,1,0,1.0,0.0,0.0,barreiro,Flávio Marques Lisboa,12/08/18,Rua Nascimento,33
248277,218000.0,47.83,-20.0000988,-44.00489270000003,2,1,0,1.0,0.0,0.0,barreiro,Flávio Marques Lisboa,12/08/18,Rua Nascimento,33
248278,218000.0,48.49,-20.0000988,-44.00489270000003,2,1,0,1.0,0.0,0.0,barreiro,Flávio Marques Lisboa,12/08/18,Rua Nascimento,33
248279,218000.0,47.79,-20.0000988,-44.00489270000003,2,1,0,1.0,0.0,0.0,barreiro,Flávio Marques Lisboa,12/08/18,Rua Nascimento,33
248281,218000.0,48.47,-20.0000988,-44.00489270000003,2,1,0,1.0,0.0,0.0,barreiro,Flávio Marques Lisboa,12/08/18,Rua Nascimento,33
248282,218000.0,47.79,-20.0000988,-44.00489270000003,2,1,0,1.0,0.0,0.0,barreiro,Flávio Marques Lisboa,12/08/18,Rua Nascimento,33
248284,218000.0,48.49,-20.0000988,-44.00489270000003,2,1,0,1.0,0.0,0.0,barreiro,Flávio Marques Lisboa,12/08/18,Rua Nascimento,33
248369,218000.0,47.83,-20.0000988,-44.00489270000003,2,1,0,1.0,0.0,0.0,barreiro,Flávio Marques Lisboa,12/08/18,Rua Nascimento,33
248370,218000.0,48.47,-20.0000988,-44.00489270000003,2,1,0,1.0,0.0,0.0,barreiro,Flávio Marques Lisboa,12/08/18,Rua Nascimento,33
248457,218000.0,48.49,-20.0000988,-44.00489270000003,2,1,0,1.0,0.0,0.0,barreiro,Flávio Marques Lisboa,12/08/18,Rua Nascimento,33
248460,218000.0,48.47,-20.0000988,-44.00489270000003,2,1,0,1.0,0.0,0.0,barreiro,Flávio Marques Lisboa,12/08/18,Rua Nascimento,33
248459,223000.0,47.83,-20.0000988,-44.00489270000003,2,1,0,1.0,0.0,0.0,barreiro,Flávio Marques Lisboa,12/08/18,Rua Nascimento,33
248627,223000.0,47.79,-20.0000988,-44.00489270000003,2,1,0,1.0,0.0,0.0,barreiro,Flávio Marques Lisboa,12/08/18,Rua Nascimento,33
248629,223000.0,48.49,-20.0000988,-44.00489270000003,2,1,0,1.0,0.0,0.0,barreiro,Flávio Marques Lisboa,12/08/18,Rua Nascimento,33
248632,223000.0,48.47,-20.0000988,-44.00489270000003,2,1,0,1.0,0.0,0.0,barreiro,Flávio Marques Lisboa,12/08/18,Rua Nascimento,33
248628,225000.0,47.83,-20.0000988,-44.00489270000003,2,1,0,1.0,0.0,0.0,barreiro,Flávio Marques Lisboa,12/08/18,Rua Nascimento,33
248631,225000.0,47.83,-20.0000988,-44.00489270000003,2,1,0,1.0,0.0,0.0,barreiro,Flávio Marques Lisboa,12/08/18,Rua Nascimento,33
248633,225000.0,47.79,-20.0000988,-44.00489270000003,2,1,0,1.0,0.0,0.0,barreiro,Flávio Marques Lisboa,12/08/18,Rua Nascimento,33
248641,225000.0,47.83,-20.0000988,-44.00489270000003,2,1,0,1.0,0.0,0.0,barreiro,Flávio Marques Lisboa,12/08/18,Rua Nascimento,33
248642,225000.0,48.49,-20.0000988,-44.00489270000003,2,1,0,1.0,0.0,0.0,barreiro,Flávio Marques Lisboa,12/08/18,Rua Nascimento,33
248644,225000.0,47.83,-20.0000988,-44.00489270000003,2,1,0,1.0,0.0,0.0,barreiro,Flávio Marques Lisboa,12/08/18,Rua Nascimento,33
248645,225000.0,48.47,-20.0000988,-44.00489270000003,2,1,0,1.0,0.0,0.0,barreiro,Flávio Marques Lisboa,12/08/18,Rua Nascimento,33
248646,225000.0,47.79,-20.0000988,-44.00489270000003,2,1,0,1.0,0.0,0.0,barreiro,Flávio Marques Lisboa,12/08/18,Rua Nascimento,33
248647,225000.0,47.83,-20.0000988,-44.00489270000003,2,1,0,1.0,0.0,0.0,barreiro,Flávio Marques Lisboa,12/08/18,Rua Nascimento,33
248648,225000.0,48.49,-20.0000988,-44.00489270000003,2,1,0,1.0,0.0,0.0,barreiro,Flávio Marques Lisboa,12/08/18,Rua Nascimento,33
248828,225000.0,47.79,-20.0000988,-44.00489270000003,2,1,0,1.0,0.0,0.0,barreiro,Flávio Marques Lisboa,12/08/18,Rua Nascimento,33
248829,225000.0,47.83,-20.0000988,-44.00489270000003,2,1,0,1.0,0.0,0.0,barreiro,Flávio Marques Lisboa,12/08/18,Rua Nascimento,33
248830,225000.0,48.47,-20.0000988,-44.00489270000003,2,1,0,1.0,0.0,0.0,barreiro,Flávio Marques Lisboa,12/08/18,Rua Nascimento,33
248831,225000.0,47.79,-20.0000988,-44.00489270000003,2,1,0,1.0,0.0,0.0,barreiro,Flávio Marques Lisboa,12/08/18,Rua Nascimento,33
388300,229000.0,45.0,-19.8331057,-43.96334809999996,2,1,0,2.0,0.0,0.0,pampulha,Itapoã,12/08/18,Rua Conselheiro Pena,110
388457,229000.0,45.0,-19.8331057,-43.96334809999996,2,1,0,2.0,0.0,0.0,pampulha,Itapoã,12/08/18,Rua Conselheiro Pena,110
42282,235000.0,55.0,-19.8399847,-43.94664720000003,2,1,0,1.0,0.0,0.0,norte,Planalto,12/08/18,Rua das Clarissas,55
216989,245000.0,65.25,-20.0000988,-44.00489270000003,2,1,0,2.0,0.0,0.0,barreiro,Flávio Marques Lisboa,12/08/18,Rua Nascimento,33
217393,245000.0,62.17,-20.0000988,-44.00489270000003,0,1,0,2.0,0.0,0.0,barreiro,Flávio Marques Lisboa,12/08/18,Rua Nascimento,33
190822,250000.0,71.84,-19.903860899999998,-43.95626499999997,3,1,0,1.0,0.0,0.0,noroeste,Santo André,12/08/18,Rua Gurutuba,44
217392,259000.0,69.31,-20.0000988,-44.00489270000003,0,1,0,2.0,0.0,0.0,barreiro,Flávio Marques Lisboa,12/08/18,Rua Nascimento,33
217051,262000.0,80.07,-19.9951482,-43.997655899999984,2,1,0,2.0,0.0,0.0,barreiro,Flávio Marques Lisboa,12/08/18,Rua Nascimento,33
388140,269000.0,56.0,-19.8331057,-43.96334809999996,2,1,0,2.0,0.0,0.0,pampulha,Itapoã,12/08/18,Rua Conselheiro Pena,110
370542,380000.0,111.0,-19.965347899999998,-43.97621179999999,2,1,1,2.0,0.0,0.0,oeste,Palmeiras,12/08/18,Rua Marcos Coelho Neto,444
356484,390000.0,80.0,-19.9804729,-43.96574659999999,3,2,1,2.0,0.0,0.0,oeste,Buritis,12/08/18,Rua Alessandra Salum Cadar,900
25607,420000.0,70.0,-19.864392199999998,-43.9447242,3,2,1,1.0,0.0,0.0,pampulha,Santa Rosa,12/08/18,Rua Oswaldo Crivellari,60
2202640,433000.0,74.97,-19.9722848,-43.97630830000003,3,2,1,2.0,0.0,0.0,oeste,Buritis,12/08/18,Rua Deputado Fábio Vasconcelos,170
2189914,442000.0,74.97,-19.9722848,-43.97630830000003,3,2,1,2.0,0.0,0.0,oeste,Buritis,12/08/18,Rua Deputado Fábio Vasconcelos,170
360313,487000.0,94.2,-19.9332,-43.97970399999997,3,2,1,2.0,0.0,0.0,oeste,Nova Suíssa,12/08/18,Rua Teodoro de Abreu,99
3240193,597038.0,36.51,-19.9362832,-43.942391999999984,1,1,1,1.0,0.0,0.0,centro-sul,Funcionários,12/08/18,Rua Antônio de Albuquerque,894
993721,604177.0,36.64,-19.9362832,-43.942391999999984,1,1,1,1.0,0.0,0.0,centro-sul,Funcionários,12/08/18,Rua Antônio de Albuquerque,894
364585,677314.0,42.26,-19.9362832,-43.942391999999984,1,1,1,1.0,0.0,0.0,centro-sul,Funcionários,12/08/18,Rua Antônio de Albuquerque,894
360280,718000.0,187.07,-19.9332,-43.97970399999997,3,2,1,2.0,0.0,0.0,oeste,Nova Suíssa,12/08/18,Rua Teodoro de Abreu,99
358311,973000.0,105.17,-19.941632100000003,-43.946103,3,3,1,3.0,0.0,0.0,centro-sul,Santo Antônio,12/08/18,Rua Paulo Afonso,486
37858,1168071.0,79.0,-19.9362832,-43.942391999999984,1,1,1,1.0,0.0,0.0,centro-sul,Funcionários,12/08/18,Rua Antônio de Albuquerque,894
37861,1168071.0,79.0,-19.9362832,-43.942391999999984,1,1,1,1.0,0.0,0.0,centro-sul,Funcionários,12/08/18,Rua Antônio de Albuquerque,894
355443,1177397.0,79.0,-19.9362832,-43.942391999999984,1,1,1,1.0,0.0,0.0,centro-sul,Funcionários,12/08/18,Rua Antônio de Albuquerque,894
37867,1186860.0,79.0,-19.9362832,-43.942391999999984,1,1,1,1.0,0.0,0.0,centro-sul,Funcionários,12/08/18,Rua Antônio de Albuquerque,894
37954,1189397.0,79.0,-19.9362832,-43.942391999999984,1,1,1,1.0,0.0,0.0,centro-sul,Funcionários,12/08/18,Rua Antônio de Albuquerque,894
37971,1238351.0,79.0,-19.9362832,-43.942391999999984,1,1,1,1.0,0.0,0.0,centro-sul,Funcionários,12/08/18,Rua Antônio de Albuquerque,894
37963,1247897.0,79.0,-19.9362832,-43.942391999999984,1,1,1,2.0,0.0,0.0,centro-sul,Funcionários,12/08/18,Rua Antônio de Albuquerque,894
31569,1100000.0,180.0,-19.909574,-43.92484400000001,3,4,1,4.0,0.0,0.0,leste,Sagrada Família,12/08/18,Rua Conselheiro Lafaiete,976
21250,280000.0,111.5,-19.9266147,-43.97825549999999,3,1,0,1.0,38.32,200.0,oeste,Nova Suíssa,12/08/18,Rua Fausto Alvim,7
25603,420000.0,70.0,-19.864552399999997,-43.94457640000002,3,2,1,1.0,0.0,0.0,pampulha,Santa Rosa,12/08/18,Rua Oswaldo Crivellari,60
65781,720000.0,92.0,-19.906237,-43.93182899999999,3,2,1,2.0,0.0,0.0,leste,Floresta,12/08/18,Rua Napoleão Laureano,93
65775,750000.0,92.0,-19.906237,-43.93182899999999,3,2,1,2.0,0.0,0.0,leste,Floresta,12/08/18,Rua Napoleão Laureano,93
65808,1200000.0,184.0,-19.906237,-43.93182899999999,4,3,1,3.0,0.0,0.0,leste,Floresta,12/08/18,Rua Napoleão Laureano,93
65814,1200000.0,92.0,-19.906237,-43.93182899999999,4,3,1,3.0,0.0,0.0,leste,Floresta,12/08/18,Rua Napoleão Laureano,93
955635,240000.0,70.0,-19.887991600000003,-43.931466,3,2,1,1.0,0.0,0.0,nordeste,Silveira,12/08/18,Rua Carlos Turner,411
24835,350000.0,80.0,-19.871776800000003,-43.91637450000002,3,2,1,2.0,0.0,0.0,nordeste,São Paulo,12/08/18,Rua José Júlio Ferreira,300
28861,390000.0,70.0,-19.882390100000002,-44.00482360000001,3,1,1,2.0,0.0,0.0,pampulha,Castelo,12/08/18,Rua Castelo de São Jorge,55
15841,395000.0,130.0,-19.8673184,-43.893652100000004,3,2,1,2.0,0.0,0.0,nordeste,Fernão Dias,12/08/18,Rua Democrata,325
19949,440000.0,90.0,-19.894456299999998,-43.93054940000002,3,2,1,2.0,89.27,0.0,nordeste,Silveira,12/08/18,Rua Vicente de Paulo Almeida,180
14112,590000.0,140.0,-19.894417,-43.921423,4,2,1,2.0,0.0,800.0,leste,Sagrada Família,12/08/18,Rua Conselheiro Lafaiete,2005
338421,1649689.3,140.2,-19.9438296,-43.93040589999998,4,4,2,3.0,0.0,0.0,centro-sul,Carmo,12/08/18,Rua Campanha,128
339101,1666873.56,140.2,-19.9437475,-43.9303711,4,4,2,3.0,0.0,0.0,centro-sul,Carmo,12/08/18,Rua Campanha,128
339102,1718426.35,140.2,-19.9437475,-43.9303711,4,4,2,3.0,0.0,0.0,centro-sul,Carmo,12/08/18,Rua Campanha,128
339104,1718426.35,140.2,-19.9437475,-43.9303711,4,4,2,3.0,0.0,0.0,centro-sul,Carmo,12/08/18,Rua Campanha,128
339183,1752794.88,140.2,-19.9437475,-43.9303711,4,4,2,3.0,0.0,0.0,centro-sul,Carmo,12/08/18,Rua Campanha,128
339103,1761387.01,140.2,-19.9437475,-43.9303711,4,4,2,3.0,0.0,0.0,centro-sul,Carmo,12/08/18,Rua Campanha,128
339184,3056234.74,262.69,-19.9437475,-43.9303711,4,4,2,5.0,0.0,0.0,centro-sul,Carmo,12/08/18,Rua Campanha,128
360549,400000.0,30.0,-19.9368822,-43.93116599999996,1,1,0,0.0,0.0,0.0,centro-sul,Funcionários,12/08/18,Rua Professor Morais,600
3236223,132000.0,48.0,-19.814478,-43.992413899999974,2,1,0,1.0,0.0,145.0,venda-nova,Venda Nova,12/08/18,Rua Zélia,104
357353,175000.0,50.0,-19.8718043,-44.012152600000036,2,1,0,1.0,0.0,150.0,pampulha,Serrano,12/08/18,Avenida Professor Clóvis Salgado,2545
25557,1050000.0,187.0,-19.907536399999998,-43.93017229999998,4,3,2,3.0,0.0,0.0,leste,Floresta,12/08/18,Rua São Manoel,250
25562,1070000.0,187.0,-19.907536399999998,-43.93017229999998,4,3,2,3.0,0.0,0.0,leste,Floresta,12/08/18,Rua São Manoel,250
65784,650000.0,92.0,-19.906237,-43.93182899999999,3,2,1,2.0,0.0,0.0,leste,Floresta,12/08/18,Rua Napoleão Laureano,93
65801,780000.0,92.0,-19.906237,-43.93182899999999,3,2,1,2.0,0.0,0.0,leste,Floresta,12/08/18,Rua Napoleão Laureano,93
31212,250000.0,63.84,-19.8184669,-43.97106700000001,3,1,0,1.0,61.33,0.0,venda-nova,Venda Nova,12/08/18,Rua Domingos Garcia,211
6503,580000.0,90.0,-19.8821491,-43.928785999999995,3,1,0,2.0,0.0,600.0,nordeste,União,12/08/18,Rua Flor-de-jequitibá,183
2422106,257000.0,56.0,-19.907605,-43.92109500000004,2,1,0,1.0,78.0,187.0,leste,Sagrada Família,12/08/18,Rua Santa Marta,512
604220,135000.0,45.0,-19.803275,-43.93597699999998,2,1,0,1.0,0.0,130.0,norte,Juliana,12/08/18,Rua Carlos Romeu,97
1671751,149000.0,43.0,-19.8251278,-43.9801933,2,2,1,1.0,100.0,80.0,pampulha,Santa Mônica,12/08/18,Rua Erva Mate,320
3235270,150000.0,45.0,-19.8718116,-44.01214800000002,2,1,0,1.0,0.0,210.0,pampulha,Serrano,12/08/18,Avenida Professor Clóvis Salgado,2545
343036,156000.0,51.61,-19.8220208,-43.95831420000002,2,1,0,1.0,0.0,187.0,venda-nova,Venda Nova,12/08/18,Rua Emanuel Marzano Matias,120
3250555,159000.0,48.0,-19.925698,-44.014128899999996,2,1,0,1.0,0.0,222.0,noroeste,Califórnia,12/08/18,Rua Visconde de Mauá,95
224110,165000.0,60.0,-19.812129199999998,-43.96627509999996,3,1,0,1.0,63.79,0.0,venda-nova,Venda Nova,12/08/18,Rua Rosa Zandona,432
3244373,165000.0,50.25,-19.80742,-43.93827599999997,2,1,0,1.0,69.87,0.0,norte,Juliana,12/08/18,Rua Bastão do Imperador,72
3245192,175000.0,45.0,-19.917921300000003,-43.88884659999997,2,1,0,1.0,0.0,217.0,leste,Vera Cruz,12/08/18,Rua Fósforo,22
353333,190000.0,70.0,-19.839780800000003,-43.9812705,3,1,0,1.0,0.0,0.0,pampulha,Santa Amélia,12/08/18,Rua Homero de Oliveira,330
3234144,205000.0,41.94,-19.8965211,-44.015917400000035,2,1,0,1.0,0.0,133.0,noroeste,São Salvador,12/08/18,Rua Barbosa,12
152960,215000.0,50.0,-19.8946617,-43.99911289999999,2,1,0,1.0,56.0,0.0,pampulha,Manacás,12/08/18,Rua Raul Seixas,364
152961,215000.0,60.0,-19.8946617,-43.99911289999999,2,1,0,1.0,56.0,0.0,pampulha,Manacás,12/08/18,Rua Raul Seixas,364
153053,215000.0,60.0,-19.8946617,-43.99911289999999,2,1,0,1.0,56.0,0.0,pampulha,Manacás,12/08/18,Rua Raul Seixas,364
153054,215000.0,50.0,-19.8946617,-43.99911289999999,2,1,0,1.0,50.0,0.0,pampulha,Manacás,12/08/18,Rua Raul Seixas,364
18663,220000.0,60.0,-19.8718742,-43.947299999999984,3,1,0,1.0,61.63,0.0,nordeste,Santa Cruz,12/08/18,Rua José Cleto,1867
342736,240000.0,53.87,-19.8137464,-43.9751794,2,1,1,1.0,0.0,260.0,venda-nova,Venda Nova,12/08/18,Rua Corretor Juventino de Jesus,135
20482,250000.0,60.0,-19.8430956,-43.98091569999997,2,1,0,1.0,0.0,105.0,pampulha,Jardim Atlântico,12/08/18,Rua Augusto Moreira,610
131687,250000.0,55.0,-19.917442899999998,-43.93423740000003,2,1,0,1.0,0.0,0.0,nordeste,Palmares,12/08/18,Rua Wilson Modesto Ribeiro,180
356703,250000.0,51.03,-19.943727399999997,-43.97297950000001,2,0,0,1.0,68.72,200.0,oeste,Jardim América,12/08/18,Rua Indiana,881
3243503,250000.0,60.0,-19.874312,-43.95881800000001,3,1,0,1.0,65.0,0.0,pampulha,São Francisco,12/08/18,Rua Alcobaça,139
10447,255000.0,66.0,-19.8339732,-43.95379300000002,2,1,0,1.0,56.81,200.0,norte,Planalto,12/08/18,Rua Jornalista Fernando Carvalho,170
346135,259000.0,86.0,-19.842660199999997,-43.9806451,3,1,0,1.0,26.59,220.0,pampulha,Santa Amélia,12/08/18,Rua Augusto Moreira,336
24817,270000.0,52.81,-19.8416956,-43.9521157,3,1,0,1.0,0.0,120.0,pampulha,Jardim Atlântico,12/08/18,Avenida Portugal,5365
8468,290000.0,70.0,-19.8961462,-43.995686200000016,3,2,1,2.0,0.0,0.0,pampulha,Manacás,12/08/18,Rua Santo Onofre,383
1832174,295000.0,65.0,-19.9150797,-43.934450999999974,3,2,1,1.0,110.0,318.0,leste,Floresta,12/08/18,Avenida do Contorno,1205
18609,310000.0,65.0,-19.873287,-43.91924800000004,3,1,0,1.0,55.0,270.0,nordeste,Fernão Dias,12/08/18,Rua Cirá de Souza,36
356516,310000.0,90.0,-19.9639558,-43.96538750000002,3,2,1,2.0,87.94,300.0,oeste,Estoril,12/08/18,Rua Paulo Piedade Campos,355
356573,320000.0,56.69,-19.961405499999998,-43.9651235,3,3,1,1.0,600.0,100.0,oeste,Estoril,12/08/18,Rua Nilo Antônio Gazire,145
358491,320000.0,92.0,-19.8210253,-43.98546540000001,3,2,1,2.0,79.44,0.0,venda-nova,Sinimbu,12/08/18,Rua Comendador Arthur Viana,422
65543,340000.0,60.0,-19.8840228,-43.92260260000001,2,2,1,2.0,0.0,0.0,nordeste,União,12/08/18,Rua Domingos Fernandes,246
134346,380000.0,85.0,-19.860614,-43.93592219999999,3,2,1,2.0,0.0,0.0,pampulha,Santa Rosa,12/08/18,Rua Adauto Feitosa,175
357942,390000.0,80.0,-19.8601716,-43.9378873,3,2,1,2.0,80.0,0.0,pampulha,Dona Clara,12/08/18,Rua Álvaro Martins,187
66082,430000.0,100.0,-19.8731824,-43.93322280000001,3,2,1,2.0,0.0,0.0,nordeste,Palmares,12/08/18,Rua Nicolina Pacheco,432
2836885,439000.0,74.97,-19.972375699999997,-43.9762561,3,0,0,2.0,0.0,0.0,oeste,Buritis,12/08/18,Rua Deputado Fábio Vasconcelos,170
41005,450000.0,129.0,-19.8609505,-43.94945689999997,3,2,1,2.0,0.0,0.0,pampulha,Santa Rosa,12/08/18,Rua Furtado de Menezes,482
21352,500000.0,140.0,-19.9498054,-43.94381329999999,3,0,1,1.0,0.0,550.0,centro-sul,Santo Antônio,12/08/18,Rua Engenheiro Zoroastro Torres,365
161532,530000.0,145.0,-19.8714233,-43.93421209999997,3,2,1,2.0,0.0,0.0,nordeste,Palmares,12/08/18,Rua Professor Tabajara Pedroso,127
33159,600000.0,170.0,-19.8744896,-43.93681479999998,3,2,1,3.0,0.0,350.0,nordeste,Palmares,12/08/18,Rua Pastor Achilles Barbosa,335
33258,600000.0,115.0,-19.9783628,-43.963077199999994,3,1,1,2.0,210.0,350.0,oeste,Buritis,12/08/18,Rua José Hemetério Andrade,520
14812,635500.0,65.0,-19.924039899999997,-43.94263060000003,1,2,1,2.0,267.96,0.0,centro-sul,Centro,12/08/18,Rua Curitiba,1289
42031,650000.0,85.0,-19.9315331,-43.96316899999999,3,3,1,2.0,0.0,0.0,oeste,Prado,12/08/18,Rua Cura D Ars,620
149798,650000.0,123.0,-19.8767595,-44.00198039999998,3,3,1,2.0,100.31,0.0,pampulha,Castelo,12/08/18,Rua Castelo de Edimburgo,248
7905,695000.0,100.0,-19.874546600000002,-43.937537400000004,4,3,0,3.0,0.0,0.0,nordeste,Santa Cruz,12/08/18,Rua Mário de Lima,215
65668,700000.0,130.0,-19.886399,-43.94375200000002,4,2,1,3.0,0.0,0.0,nordeste,Ipiranga,12/08/18,Avenida Bernardo Vasconcelos,2600
27308,830000.0,151.75,-19.874354800000003,-43.93596680000002,4,4,2,4.0,220.0,0.0,nordeste,Palmares,12/08/18,Rua Carmelita Faria Garofalo,95
127029,990000.0,215.0,-19.8572428,-43.94582009999999,4,3,1,4.0,0.0,0.0,pampulha,Dona Clara,12/08/18,Rua Luiz Chagas Carvalho,325
3242027,1200000.0,188.0,-19.934496600000003,-43.95801349999999,4,3,1,2.0,496.28,2000.0,oeste,Gutierrez,12/08/18,Rua Ludgero Dolabela,725
572066,1350000.0,250.0,-19.976256699999997,-43.94447980000001,3,2,1,3.0,607.27,1450.0,centro-sul,Belvedere,12/08/18,Rua Desembargador Jorge Fontana,250
3253399,1830000.0,133.0,-19.928259,-43.9522326,4,3,2,3.0,805.16,880.0,centro-sul,Santo Agostinho,12/08/18,Rua  Ouro Preto,1274
26355,470000.0,91.0,-19.8722448,-43.92969640000001,3,2,1,2.0,155.39,0.0,nordeste,Palmares,12/08/18,Avenida Pedro Serafim Ferreira,177
26358,470000.0,91.0,-19.872444,-43.92950150000002,3,2,1,2.0,155.39,0.0,nordeste,Palmares,12/08/18,Avenida Pedro Serafim Ferreira,177
33054,470000.0,132.5,-19.8783253,-44.04205339999999,3,2,1,2.0,0.0,0.0,venda-nova,Venda Nova,12/08/18,Rua dos Pintassilgos,48
142267,175000.0,46.0,-19.8458114,-43.905520799999984,2,1,0,1.0,0.0,0.0,nordeste,Ouro Minas,12/08/18,Rua Nossa Senhora do Amparo,10
65591,330000.0,60.0,-19.8840228,-43.92260260000001,2,2,1,2.0,0.0,0.0,nordeste,União,12/08/18,Rua Domingos Fernandes,246
65592,345000.0,60.0,-19.8840228,-43.92260260000001,2,2,1,2.0,0.0,0.0,nordeste,União,12/08/18,Rua Domingos Fernandes,246
3256842,133000.0,48.0,-19.814478,-43.992413899999974,2,1,0,1.0,0.0,125.0,pampulha,Santa Mônica,12/08/18,Rua Zélia,104
176478,340000.0,43.0,-19.926911399999998,-43.9380832,1,2,1,1.0,113.2,592.34,centro-sul,Centro,12/08/18,Rua da Bahia,1354
38463,420000.0,78.0,-19.886980100000002,-44.00312810000002,3,2,1,2.0,0.0,0.0,nordeste,Nova Floresta,12/08/18,Rua São Luiz Gonzaga,160
28191,610000.0,191.52,-19.882967,-43.93129699999997,4,4,2,2.0,0.0,0.0,nordeste,Ipiranga,12/08/18,Rua Dezoito de Julho,515
59826,750000.0,140.0,-19.864081600000002,-43.95211599999999,4,3,1,2.0,0.0,0.0,pampulha,Liberdade,12/08/18,Rua Duarte da Costa,348
24564,290000.0,65.0,-19.8456449,-43.93826360000003,3,1,0,1.0,0.0,20.0,norte,Heliópolis,12/08/18,Rua Dinah Rocha Mello,600
3234039,890000.0,84.1,-19.9478693,-43.92304390000004,3,0,2,2.0,330.0,630.0,centro-sul,Cruzeiro,12/08/18,Rua Ramalhete,247
15638,360000.0,100.0,-19.8869142,-43.93240630000002,3,2,0,2.0,0.0,0.0,nordeste,Silveira,12/08/18,Rua Ubaí,52
54694,290000.0,75.0,-19.9245187,-43.91112179999999,2,1,0,1.0,0.0,0.0,centro-sul,Santa Efigênia,12/08/18,Rua Rio Pardo,155
21639,660000.0,170.0,-19.883072,-43.92341799999997,3,3,1,2.0,0.0,0.0,nordeste,União,12/08/18,Rua Edson,144
1577067,190000.0,54.0,-19.9715985,-43.97656330000001,2,1,0,1.0,62.0,230.0,oeste,Palmeiras,12/08/18,Rua Deputado Sebastião Nascimento,910
1117356,195000.0,37.63,-19.9209406,-43.94654730000002,1,1,1,0.0,53.5,376.0,centro-sul,Barro Preto,12/08/18,Avenida Bias Fortes,1577
66823,475000.0,175.0,-19.8264969,-43.9501196,3,2,1,0.0,0.0,0.0,norte,Vila Cloris,12/08/18,Rua dos Bem-te-vis,175
18673,450000.0,133.0,-19.8269416,-43.9563622,3,2,1,1.0,0.0,0.0,pampulha,Itapoã,12/08/18,Rua Marechal Rondon,345
38249,239000.0,41.0,-19.890594699999998,-43.92918479999997,1,1,1,1.0,0.0,0.0,leste,Cidade Nova,12/08/18,Avenida Cristiano Machado,1587
25231,820000.0,120.0,-19.975142899999998,-43.97110040000001,4,2,1,3.0,0.0,0.0,oeste,Buritis,12/08/18,Rua Tereza Mota Valadares,685
3233617,179000.0,62.0,-19.8431845,-43.93975769999997,2,1,1,0.0,0.0,170.0,norte,Heliópolis,12/08/18,Rua Nair Pentagna Guimarães,185
413770,160000.0,55.0,-19.839957300000002,-43.94614569999999,2,1,0,1.0,55.0,230.0,pampulha,Itapoã,12/08/18,Rua das Clarissas,67
3235361,160000.0,53.0,-19.8318035,-43.94204739999998,2,1,0,1.0,292.5,120.0,norte,Planalto,12/08/18,Rua Terezinha Lopes Azevedo,53
3252268,165000.0,45.0,-19.917921300000003,-43.88884659999997,2,1,0,1.0,0.0,206.0,leste,Vera Cruz,12/08/18,Rua Fósforo,22
153534,215000.0,50.0,-19.8946617,-43.99911289999999,2,1,0,1.0,56.0,0.0,pampulha,Manacás,12/08/18,Rua Raul Seixas,364
21537,770000.0,128.0,-19.9278748,-43.96123710000001,4,3,1,3.0,0.0,0.0,oeste,Prado,12/08/18,Rua Chapecó,530
20194,450000.0,120.0,-19.896693,-43.9265383,2,3,1,3.0,0.0,0.0,leste,Sagrada Família,12/08/18,Rua Itajubá,2225
20195,450000.0,130.0,-19.896693,-43.9265383,2,3,1,3.0,0.0,0.0,leste,Sagrada Família,12/08/18,Rua Itajubá,2225
37705,480000.0,105.0,-19.9529609,-43.932996900000035,3,2,1,1.0,0.0,0.0,centro-sul,Sion,12/08/18,Rua República Argentina,20
14656,470000.0,168.0,-19.873948000000002,-43.918185,3,3,1,2.0,0.0,0.0,nordeste,Fernão Dias,12/08/18,Rua Doresópolis,372
361049,1915033.0,141.56,-19.932377300000002,-43.95951070000001,4,4,2,3.0,0.0,0.0,oeste,Gutierrez,12/08/18,Rua André Cavalcanti,730
224493,1945388.0,141.56,-19.931718,-43.96134649999999,4,4,2,3.0,0.0,0.0,oeste,Gutierrez,12/08/18,Rua André Cavalcanti,730
359614,165000.0,47.0,-19.8300725,-43.9448122,2,1,0,1.0,0.0,130.0,norte,Planalto,12/08/18,Rua Senador Campos Vergueiro,403
1672883,165000.0,47.0,-19.8862372,-44.00643549999995,2,1,0,1.0,50.0,300.0,pampulha,Serrano,12/08/18,  Heráclito Mourão de Miranda,295
3234037,185000.0,67.0,-19.8462137,-43.91828379999998,3,1,0,1.0,0.0,269.0,norte,Aarão Reis,12/08/18,Rua Anna Maria de Jesus,396
152949,199900.0,50.0,-19.8946617,-43.99911289999999,2,1,0,1.0,0.0,0.0,pampulha,Manacás,12/08/18,Rua Raul Seixas,364
3216315,200000.0,68.0,-19.8276318,-43.961612400000035,2,1,0,2.0,0.0,0.0,venda-nova,São João Batista,12/08/18,Rua Doutor Álvaro Camargos,1790
3216428,230000.0,60.0,-19.9831033,-44.008027800000036,3,1,0,1.0,0.0,0.0,barreiro,Milionários,12/08/18,Rua dos Cometas,47
8433,245000.0,65.0,-19.807181699999997,-43.98907550000001,3,1,1,1.0,0.0,0.0,venda-nova,Piratininga (venda Nova),12/08/18,Rua Pederneiras,109
26607,307000.0,70.0,-19.8339732,-43.95379300000002,3,2,1,1.0,102.0,0.0,norte,Planalto,12/08/18,Rua Jornalista Fernando Carvalho,170
33109,365000.0,73.0,-19.8717039,-43.9520311,3,2,1,2.0,0.0,0.0,pampulha,São Francisco,12/08/18,Rua Beira-alta,123
29629,380000.0,75.0,-19.830088800000002,-43.96867650000002,3,2,1,2.0,0.0,0.0,pampulha,Santa Branca,12/08/18,Rua Norte,101
2848235,530000.0,85.0,-19.9418692,-43.96869779999997,3,2,0,2.0,0.0,250.0,oeste,Nova Granada,12/08/18,Rua Industrial José Costa,234
23495,583000.0,190.0,-19.8715405,-43.93321709999998,4,4,2,2.0,0.0,0.0,nordeste,Palmares,12/08/18,Rua Professor Tabajara Pedroso,173
395059,606946.82,81.47,-19.972823499999997,-43.97013270000002,3,1,1,2.0,0.0,0.0,oeste,Buritis,12/08/18,Rua Cônsul Walter,257
14809,625500.0,65.0,-19.923939100000002,-43.94270180000001,2,2,1,2.0,0.0,0.0,centro-sul,Centro,12/08/18,Rua Curitiba,1289
21517,650000.0,175.0,-19.8735846,-43.916999000000025,3,2,1,3.0,0.0,0.0,nordeste,Fernão Dias,12/08/18,Rua Paulista,956
25028,715000.0,143.0,-19.8727576,-43.91917799999999,4,2,1,2.0,0.0,380.0,nordeste,Fernão Dias,12/08/18,Rua Cirá de Souza,91
24993,720000.0,143.0,-19.8727576,-43.91917799999999,4,2,1,2.0,0.0,380.0,nordeste,Fernão Dias,12/08/18,Rua Cirá de Souza,91
27853,750000.0,85.0,-19.966404100000002,-43.9640498,3,3,1,2.0,0.0,0.0,oeste,Estoril,12/08/18,Rua Paulo Piedade Campos,15
14830,995300.0,130.0,-19.9242426,-43.941503899999994,2,3,1,3.0,0.0,0.0,centro-sul,Centro,12/08/18,Rua São Paulo,1238
14813,1100000.0,130.0,-19.9239348,-43.94272000000001,2,3,1,3.0,0.0,0.0,centro-sul,Centro,12/08/18,Rua Curitiba,1289
16251,1100000.0,400.0,-19.907365,-43.917249999999974,5,3,1,4.0,0.0,0.0,leste,Sagrada Família,12/08/18,Rua Genoveva de Souza,1525
24988,1100000.0,273.0,-19.8727576,-43.91917799999999,4,2,1,2.0,0.0,380.0,nordeste,Fernão Dias,12/08/18,Rua Cirá de Souza,91
11415,1150000.0,255.0,-19.877536399999997,-43.93044259999999,5,3,1,3.0,0.0,0.0,nordeste,Palmares,12/08/18,Rua Wilson Modesto Ribeiro,185
24999,1490000.0,340.0,-19.8727576,-43.91917799999999,6,4,1,3.0,0.0,380.0,nordeste,Fernão Dias,12/08/18,Rua Cirá de Souza,91
3236322,280000.0,50.0,-19.8262551,-43.95290469999998,2,1,0,1.0,80.0,300.0,norte,Planalto,12/08/18,Rua Francisco Augusto Rocha,106
158214,400000.0,100.0,-19.8969612,-43.897644600000035,3,1,0,0.0,0.0,0.0,leste,São Geraldo,12/08/18,Rua Tucuman,674
3243550,499000.0,70.0,-19.933014,-43.96592369999996,2,2,1,2.0,100.0,200.0,oeste,Barroca,12/08/18,Rua Aristóteles Caldeira,882
3243551,499000.0,70.0,-19.933014,-43.96592369999996,2,2,1,2.0,100.0,200.0,oeste,Barroca,12/08/18,Rua Aristóteles Caldeira,882
3243566,739000.0,140.0,-19.933014,-43.96592369999996,2,2,1,2.0,100.0,200.0,oeste,Barroca,12/08/18,Rua Aristóteles Caldeira,882
2382226,155000.0,46.0,-19.8168185,-43.94520699999998,2,1,0,1.0,0.0,120.0,norte,Juliana,12/08/18,Rua Campo Verde,601
20983,750000.0,125.0,-19.9365628,-43.94032579999998,3,1,0,0.0,0.0,0.0,centro-sul,Lourdes,12/08/18,Rua da Bahia,2463
38027,1299871.0,82.14,-19.938586899999997,-43.94103899999999,2,3,2,2.0,0.0,0.0,centro-sul,Lourdes,12/08/18,Rua da Bahia,2569
38018,1312973.0,81.9,-19.938586899999997,-43.94103899999999,2,3,2,2.0,0.0,0.0,centro-sul,Lourdes,12/08/18,Rua da Bahia,2569
38111,1320743.0,82.14,-19.938672,-43.94130100000001,2,3,2,2.0,0.0,0.0,centro-sul,Lourdes,12/08/18,Rua da Bahia,2569
38114,1331309.0,82.14,-19.9388409,-43.94097779999999,2,3,2,2.0,0.0,0.0,centro-sul,Lourdes,12/08/18,Rua da Bahia,2569
38012,1986441.0,222.33,-19.938586899999997,-43.94103899999999,2,3,2,2.0,0.0,0.0,centro-sul,Lourdes,12/08/18,Rua da Bahia,2569
46221,195000.0,59.0,-19.937416600000002,-44.02321000000001,2,1,0,1.0,23.0,234.0,noroeste,Camargos,12/08/18,Rua Professor Eloy de Mattos,250
340233,595000.0,41.0,-19.9282288,-43.91293439999998,3,3,2,0.0,141.28,500.0,leste,São Lucas,12/08/18,None,None
3241149,600000.0,45.0,-19.976548899999997,-43.964192300000036,3,3,1,1.0,218.64,650.0,oeste,Buritis,12/08/18,None,None
3250770,850000.0,58.0,-19.92706941019064,-43.94473808783568,3,1,1,2.0,350.0,700.0,centro-sul,Lourdes,12/08/18,None,None
398781,1190000.0,88.0,-19.9160365,-43.97347439999999,3,4,1,0.0,385.0,605.0,noroeste,Padre Eustáquio,12/08/18,None,None
3199572,300000.0,88.0,-19.8175818,-43.97221300000001,3,2,1,0.0,102.72,231.86,venda-nova,São João Batista,12/08/18,None,None
139501,160000.0,100.0,-19.837963600000002,-43.891727599999975,2,1,0,2.0,57.42,150.0,norte,Ribeiro de Abreu,12/08/18,None,None
3233879,167000.0,92.0,-19.8211823,-43.95571159999997,2,1,0,2.0,63.3,178.0,venda-nova,São João Batista,12/08/18,None,None
347487,215000.0,156.21,-19.890198,-43.95538599999998,2,1,0,1.0,0.0,160.0,noroeste,Aparecida,12/08/18,None,None
316584,235000.0,70.0,-19.891074,-43.93109170000002,3,2,1,2.0,88.99,250.0,nordeste,Silveira,12/08/18,None,None
32030,240000.0,50.0,-19.9159129,-44.0011462,2,1,0,1.0,0.0,120.0,oeste,Betânia,12/08/18,None,None
52693,240000.0,43.0,-19.8942585,-43.99954360000004,2,1,0,1.0,95.0,550.0,pampulha,Manacás,12/08/18,None,None
1683018,250000.0,55.0,-19.8773955,-43.930684499999984,2,1,0,1.0,68.72,320.0,nordeste,Ipiranga,12/08/18,None,None
3245400,268000.0,55.0,-19.932122,-43.97132499999998,3,3,1,1.0,0.0,250.0,oeste,Barroca,12/08/18,None,None
3248881,269000.0,54.0,-19.8682904,-43.9891346,3,1,0,1.0,27.0,170.0,pampulha,Ouro Preto,12/08/18,None,None
206593,271400.0,65.0,-19.8707232,-44.007191799999994,3,2,1,1.0,69.04,188.62,pampulha,Santa Terezinha,12/08/18,None,None
206483,272800.0,60.0,-19.8707232,-44.007191799999994,3,2,1,0.0,69.04,188.62,pampulha,Santa Terezinha,12/08/18,None,None
206656,276300.0,60.0,-19.8707232,-44.007191799999994,3,2,1,1.0,69.04,188.62,pampulha,Santa Terezinha,12/08/18,None,None
206595,277500.0,55.0,-19.8707698,-44.00722940000003,3,2,1,1.0,69.04,188.62,pampulha,Santa Terezinha,12/08/18,None,None
206594,279900.0,82.0,-19.8707232,-44.007191799999994,3,2,1,1.0,69.04,188.62,pampulha,Santa Terezinha,12/08/18,None,None
206660,281200.0,75.0,-19.8707232,-44.007191799999994,3,2,1,1.0,69.04,188.62,pampulha,Santa Terezinha,12/08/18,None,None
206659,282400.0,180.0,-19.8707232,-44.007191799999994,3,2,1,1.0,69.04,188.62,pampulha,Santa Terezinha,12/08/18,None,None
206658,283700.0,107.41,-19.8707232,-44.007191799999994,3,2,1,1.0,69.04,188.62,pampulha,Santa Terezinha,12/08/18,None,None
206657,284900.0,93.0,-19.8707232,-44.007191799999994,3,2,1,1.0,69.04,188.62,pampulha,Santa Terezinha,12/08/18,None,None
206662,285900.0,96.0,-19.8707698,-44.00722940000003,3,2,1,1.0,69.04,188.62,pampulha,Santa Terezinha,12/08/18,None,None
206661,288600.0,125.0,-19.8707232,-44.007191799999994,3,2,1,3.0,69.04,188.62,pampulha,Santa Terezinha,12/08/18,None,None
3246159,290000.0,80.0,-19.8943369,-43.95458940000003,3,1,1,2.0,10.0,160.0,noroeste,Aparecida,12/08/18,None,None
3248267,290000.0,80.0,-19.9195241,-43.98098900000002,3,2,0,2.0,0.0,200.0,noroeste,Padre Eustáquio,12/08/18,None,None
349818,298000.0,95.0,-19.926882100000004,-43.97405939999999,2,2,1,2.0,108.0,350.0,oeste,Calafate,12/08/18,None,None
33968,299000.0,110.0,-19.9533285,-43.95218490000002,2,1,0,2.0,90.0,240.0,centro-sul,Vila Paris,12/08/18,None,None
3243483,300000.0,98.0,-19.9485008,-43.94341800000001,2,2,1,2.0,116.94,490.0,centro-sul,Santo Antônio,12/08/18,None,None
3258031,305000.0,78.44,-19.890954999999998,-43.994047000000016,2,2,1,2.0,87.0,178.0,pampulha,Castelo,12/08/18,None,None
3258219,310000.0,105.0,-19.8880697,-43.93564349999997,2,2,1,2.0,105.28,520.0,nordeste,Renascença,12/08/18,None,None
206422,314900.0,117.43,-19.8707232,-44.007191799999994,3,2,1,2.0,70.2,193.82,pampulha,Santa Terezinha,12/08/18,None,None
3235469,315000.0,230.0,-19.8766827,-43.9810627,3,2,1,1.0,73.0,300.0,pampulha,Ouro Preto,12/08/18,None,None
3258115,349000.0,190.0,-19.9150579,-43.98732760000002,3,2,1,2.0,96.2,420.0,noroeste,Padre Eustáquio,12/08/18,None,None
206478,355900.0,150.0,-19.8707232,-44.007191799999994,3,2,1,2.0,72.12,202.48,pampulha,Santa Terezinha,12/08/18,None,None
466532,360000.0,100.0,-19.942183,-43.95177999999999,2,1,0,2.0,109.63,518.0,centro-sul,Cidade Jardim,12/08/18,None,None
335175,363400.0,106.0,-19.8382527,-43.931987299999996,3,2,1,2.0,114.01,145.0,norte,Floramar,12/08/18,None,None
1834959,365000.0,95.0,-19.9431029,-43.95535849999999,3,2,1,2.0,180.0,490.0,centro-sul,Luxemburgo,12/08/18,None,None
178598,390000.0,110.0,-19.9745713,-43.97067449999997,2,1,1,2.0,130.0,380.0,oeste,Buritis,12/08/18,None,None
339939,395000.0,100.0,-19.9132884,-43.98408710000001,3,1,1,2.0,105.0,280.0,noroeste,Padre Eustáquio,12/08/18,None,None
365780,395000.0,230.0,-19.935215,-43.95831750000002,3,2,0,2.0,111.8,290.0,oeste,Gutierrez,12/08/18,None,None
32046,400000.0,130.0,-19.947153,-43.95010300000001,3,2,1,3.0,112.59,388.0,centro-sul,Coração de Jesus,12/08/18,None,None
2767190,400000.0,170.0,-19.858249899999997,-43.9439395,3,2,1,2.0,150.0,250.0,pampulha,Dona Clara,12/08/18,None,None
26493,409990.0,101.08,-19.9611757,-43.99276380000003,3,1,1,2.0,175.0,300.0,oeste,Palmeiras,12/08/18,None,None
206479,419900.0,94.39,-19.8707232,-44.007191799999994,3,2,1,2.0,70.2,195.0,pampulha,Santa Terezinha,12/08/18,None,None
2444328,420000.0,125.0,-19.943043799999998,-43.97623729999998,3,2,1,1.0,176.44,499.0,oeste,Jardim América,12/08/18,None,None
335156,422200.0,137.0,-19.838252800000003,-43.931987799999995,3,2,1,3.0,128.61,165.0,norte,Floramar,12/08/18,None,None
33937,425000.0,149.0,-19.966535999999998,-43.94778889999998,1,1,0,3.0,0.01,0.01,centro-sul,Santa Lúcia,12/08/18,None,None
206673,429900.0,180.0,-19.8707232,-44.007191799999994,3,2,1,3.0,69.04,188.62,pampulha,Santa Terezinha,12/08/18,None,None
3246270,430000.0,180.0,-19.897952,-43.930651899999994,3,1,1,3.0,134.69,350.0,leste,Graça,12/08/18,None,None
3240123,440000.0,172.0,-19.929088399999998,-43.96807869999998,3,2,1,3.0,99.4,650.0,oeste,Prado,12/08/18,None,None
5664,450000.0,172.0,-19.943442899999997,-43.9540346,3,1,1,3.0,213.08,420.0,centro-sul,Luxemburgo,12/08/18,None,None
1632688,480000.0,146.89,-19.957512,-43.93819610000003,3,3,1,2.0,141.16,718.0,centro-sul,Sion,12/08/18,None,None
41597,498000.0,140.0,-19.908698899999997,-43.9667986,3,2,1,2.0,1.0,280.0,noroeste,Pedro II,12/08/18,None,None
3230114,510000.0,26.81,-19.9409621,-43.95900670000003,3,2,1,1.0,183.34,445.49,oeste,Gutierrez,12/08/18,None,None
49796,520000.0,28.41,-19.947326999999998,-43.942079000000035,2,2,1,1.0,107.08,750.0,centro-sul,Santo Antônio,12/08/18,None,None
12225,530000.0,28.41,-19.961318600000002,-43.94821809999996,3,2,1,1.0,188.6,400.0,centro-sul,Santa Lúcia,12/08/18,None,None
3255584,550000.0,28.41,-19.872300699999997,-43.920993599999974,3,3,1,1.0,130.0,590.0,nordeste,Fernão Dias,12/08/18,None,None
364983,560000.0,28.41,-19.906572,-43.90688080000001,3,3,1,1.0,154.55,700.0,leste,Pompéia,12/08/18,None,None
1694442,568000.0,32.95,-19.888801,-43.998288,4,2,1,1.0,120.0,499.0,pampulha,Castelo,12/08/18,None,None
3252821,570000.0,32.95,-19.8951841,-43.928476700000026,3,4,1,1.0,70.0,360.0,nordeste,Silveira,12/08/18,None,None
1896130,580000.0,67.0,-19.900335600000002,-43.91819959999998,3,2,1,1.0,214.0,652.0,leste,Sagrada Família,12/08/18,None,None
331298,590000.0,32.95,-19.9650681,-43.95114219999999,4,2,1,1.0,311.0,450.0,centro-sul,Santa Lúcia,12/08/18,None,None
3211384,590000.0,34.26,-19.881253899999997,-43.98206500000003,3,3,1,1.0,128.0,310.0,pampulha,Ouro Preto,12/08/18,None,None
144848,598000.0,33.64,-19.942269399999997,-43.96843039999999,4,4,1,1.0,147.19,290.0,oeste,Nova Suíssa,12/08/18,None,None
53412,600000.0,32.95,-19.842590899999998,-43.96223889999999,4,3,1,1.0,134.56,350.0,pampulha,Itapoã,12/08/18,None,None
146375,650000.0,32.95,-19.900909,-43.918385,3,3,1,1.0,136.36,360.0,leste,Sagrada Família,12/08/18,None,None
358872,650000.0,33.64,-19.943117,-43.93021399999998,2,2,1,1.0,219.66,300.0,centro-sul,Carmo,12/08/18,None,None
3237003,650000.0,32.95,-19.9405055,-43.91807110000002,3,3,1,1.0,168.22,450.0,centro-sul,Serra,12/08/18,None,None
3255068,650000.0,33.64,-19.9399283,-43.9620185,4,2,1,1.0,241.35,450.0,oeste,Gutierrez,12/08/18,None,None
27960,665000.0,34.01,-19.9322805,-43.94099080000001,3,2,1,1.0,134.14,298.0,centro-sul,Savassi,12/08/18,None,None
3233587,680000.0,33.64,-19.9380655,-43.9619672,4,1,1,1.0,308.4,680.0,oeste,Gutierrez,12/08/18,None,None
1681891,700000.0,33.64,-19.960992899999997,-43.94753639999999,4,2,1,1.0,275.87,552.0,centro-sul,Santa Lúcia,12/08/18,None,None
3245822,770000.0,72.0,-19.938515399999996,-43.96195390000002,3,2,1,1.0,226.31,1094.0,oeste,Gutierrez,12/08/18,None,None
3257530,770000.0,72.0,-19.972986,-43.97143399999999,4,3,2,1.0,340.39,400.0,oeste,Buritis,12/08/18,None,None
33683,780000.0,37.15,-19.9608995,-43.94733150000002,4,1,1,1.0,280.0,1300.0,centro-sul,São Bento,12/08/18,None,None
3248949,785000.0,37.15,-19.836898,-43.95177899999999,3,3,1,1.0,160.0,250.0,pampulha,Itapoã,12/08/18,None,None
3244083,920000.0,37.15,-19.9423843,-43.91836910000001,3,1,3,1.0,1.0,500.0,centro-sul,Serra,12/08/18,None,None
3241747,950000.0,37.15,-19.941833300000003,-43.92694879999999,3,2,1,1.0,369.64,600.0,centro-sul,Cruzeiro,12/08/18,None,None
3258100,1100000.0,37.15,-19.9179629,-43.9286444,3,2,2,1.0,150.0,1.0,leste,Floresta,12/08/18,None,None
3244832,1300000.0,35.95,-19.886550399999997,-43.92553650000002,4,4,1,1.0,521.0,850.0,leste,Sagrada Família,12/08/18,None,None
158315,2080000.0,37.15,-19.9767495,-43.9422912,4,3,2,1.0,1193.27,1800.0,centro-sul,Belvedere,12/08/18,None,None
1756342,3800000.0,35.95,-19.926062899999998,-43.9516643,4,5,2,1.0,1412.54,1550.0,centro-sul,Santo Agostinho,12/08/18,None,None
359704,169000.0,41.07,-19.8164935,-43.94538449999999,2,1,0,1.0,0.0,120.0,norte,Juliana,12/08/18,None,None
3253742,235000.0,38.36,-19.9102264,-43.89504950000003,2,2,1,1.0,72.0,380.0,leste,Vera Cruz,12/08/18,None,None
3236579,239000.0,36.66,-19.93478809896373,-43.92433797780154,1,1,1,1.0,149.55,1300.0,centro-sul,Serra,12/08/18,None,None
3238314,360000.0,41.07,-19.915967499999997,-43.98984250000001,3,2,1,1.0,93.65,280.0,noroeste,Minas Brasil,12/08/18,None,None
171630,395000.0,41.07,-19.914146399999996,-43.96606159999999,2,2,1,1.0,115.0,200.0,noroeste,Carlos Prates,12/08/18,None,None
356850,400000.0,38.36,-19.9793508,-43.967061100000016,3,1,1,1.0,217.0,250.0,oeste,Buritis,12/08/18,None,None
28205,450000.0,35.95,-19.914146399999996,-43.96606159999999,2,2,1,1.0,132.0,250.0,noroeste,Padre Eustáquio,12/08/18,None,None
171519,460000.0,41.07,-19.914146399999996,-43.96606159999999,2,2,1,1.0,115.0,220.0,noroeste,Padre Eustáquio,12/08/18,None,None
2234775,460000.0,41.07,-19.932347,-43.97326799999996,3,2,1,1.0,1442.0,600.0,oeste,Nova Suíssa,12/08/18,None,None
3237039,550000.0,52.97,-19.972986,-43.97143399999999,4,1,1,1.0,220.0,430.0,oeste,Buritis,12/08/18,None,None
11830,569000.0,52.97,-19.9262598,-43.93943170000001,4,2,0,1.0,145.0,750.0,centro-sul,Centro,12/08/18,None,None
342557,595000.0,38.36,-19.895048499999998,-43.93027870000003,3,2,1,1.0,165.0,630.0,nordeste,Silveira,12/08/18,None,None
1676823,645000.0,41.07,-19.939072,-43.91874000000002,2,2,1,1.0,142.0,650.0,centro-sul,Serra,12/08/18,None,None
3234535,645000.0,41.07,-19.9141578,-43.97427340000002,4,3,1,1.0,240.0,500.0,noroeste,Padre Eustáquio,12/08/18,None,None
1673109,680000.0,40.05,-19.910876100000003,-43.95717120000001,3,2,1,1.0,194.02,330.0,noroeste,Carlos Prates,12/08/18,None,None
3237862,920000.0,38.36,-19.942494,-43.93978470000002,4,2,1,1.0,409.21,700.0,centro-sul,Santo Antônio,12/08/18,None,None
17352,1520000.0,62.28,-19.951903299999998,-43.922755600000016,3,2,1,1.0,609.0,400.0,centro-sul,Mangabeiras,12/08/18,None,None
168295,1700000.0,40.05,-19.9300138,-43.94667879999997,4,3,1,1.0,610.0,1200.0,centro-sul,Santo Agostinho,12/08/18,None,None
33450,1800000.0,62.28,-19.9336914,-43.95319380000001,4,3,1,1.0,204.0,550.0,centro-sul,Funcionários,12/08/18,None,None
1908912,3300000.0,68.9,-19.9330407,-43.93454129999998,4,5,4,1.0,1235.11,3007.0,centro-sul,Savassi,12/08/18,None,None
29670,1100000.0,40.05,-19.947767000000002,-43.92013399999996,3,2,1,1.0,328.0,980.0,centro-sul,Mangabeiras,12/08/18,None,None
3245846,250000.0,62.28,-19.8797855,-43.991741299999994,2,2,1,1.0,112.52,280.0,pampulha,Paquetá,12/08/18,None,None
364800,259000.0,62.28,-19.896949,-43.93248499999999,2,1,0,1.0,89.59,210.0,nordeste,Renascença,12/08/18,None,None
167287,260000.0,68.9,-19.953186,-43.969606,3,1,1,1.0,123.26,200.0,oeste,Jardim América,12/08/18,None,None
31588,1590000.0,40.05,-19.926095,-43.92267800000002,4,6,2,1.0,570.0,800.0,centro-sul,Santa Efigênia,12/08/18,None,None
3244707,1290000.0,40.05,-19.9423843,-43.91836910000001,3,1,2,1.0,1.0,500.0,centro-sul,Serra,12/08/18,None,None
28214,395000.0,62.28,-19.916091,-43.974992999999984,2,2,1,1.0,115.0,200.0,noroeste,Padre Eustáquio,12/08/18,None,None
3238374,850000.0,68.9,-19.9781046,-43.96964100000002,4,4,2,0.0,371.18,604.61,oeste,Buritis,12/08/18,None,None
3239651,445000.0,68.9,-19.932384600000002,-43.93048750000003,3,2,1,1.0,144.66,869.0,centro-sul,Funcionários,12/08/18,None,None
2693517,495000.0,68.9,-19.937703,-43.95730700000002,3,2,1,1.0,202.68,600.0,oeste,Gutierrez,12/08/18,None,None
355281,1200000.0,68.9,-19.9441345,-43.95857849999999,4,3,1,1.0,353.03,1700.0,oeste,Gutierrez,12/08/18,None,None
3249610,165000.0,40.05,-19.8112986,-43.956640100000016,2,1,0,1.0,32.0,140.0,venda-nova,São Pedro (venda Nova),12/08/18,None,None
3251622,170000.0,111.64,-19.8407432,-43.88925159999997,3,1,0,3.0,71.92,250.0,nordeste,Paulo Vi,12/08/18,None,None
3254442,185000.0,180.0,-19.958087600000002,-43.96919120000001,2,1,0,2.0,59.9,200.0,oeste,Havaí,12/08/18,None,None
357540,200000.0,176.82,-19.9569557,-43.96700329999999,3,1,0,3.0,0.0,230.0,oeste,Estoril,12/08/18,None,None
1842331,200000.0,100.83,-19.842659,-43.95949100000002,2,1,0,3.0,600.0,163.0,pampulha,Itapoã,12/08/18,None,None
27311,220000.0,230.0,-19.9305482,-44.00113870000001,2,1,0,3.0,30.0,250.0,noroeste,João Pinheiro,12/08/18,None,None
3236607,230000.0,285.0,-19.839780800000003,-43.9812705,3,1,0,4.0,0.0,150.0,pampulha,Santa Amélia,12/08/18,None,None
129156,235000.0,415.51,-19.922401999999998,-43.97771899999998,2,1,0,2.0,63.64,220.0,norte,Planalto,12/08/18,None,None
362674,245000.0,36.66,-19.9135549,-43.987153499999984,2,1,0,1.0,10.0,280.0,noroeste,Padre Eustáquio,12/08/18,None,None
124078,250000.0,36.66,-19.9498108,-43.95847559999999,3,1,0,1.0,133.82,440.0,centro-sul,Luxemburgo,12/08/18,None,None
2233917,250000.0,87.0,-19.929795000000002,-43.945089,1,1,1,2.0,155.43,1400.0,centro-sul,Lourdes,12/08/18,None,None
347227,259000.0,55.0,-19.9645762,-43.97278499999999,2,2,1,1.0,84.51,195.0,oeste,Estrela Dalva,12/08/18,None,None
31262,260000.0,153.0,-19.825616699999998,-43.95393139999999,3,3,1,4.0,99.53,450.0,norte,Planalto,12/08/18,None,None
55797,260000.0,46.0,-19.824545,-43.95489229999998,3,2,1,1.0,99.53,429.0,norte,Planalto,12/08/18,None,None
1794385,265000.0,46.0,-19.910504100000004,-43.93222179999998,2,2,1,1.0,189.67,250.0,leste,Floresta,12/08/18,None,None
3254822,265000.0,41.82,-19.8997589,-43.92320569999998,2,1,0,1.0,80.94,315.0,leste,Sagrada Família,12/08/18,None,None
3254983,268000.0,41.82,-19.9523762,-43.97659699999997,3,1,0,1.0,120.0,250.0,oeste,Havaí,12/08/18,None,None
362822,270000.0,43.42,-19.840738,-43.94828699999999,3,1,0,1.0,67.7,220.0,norte,Planalto,12/08/18,None,None
3244561,270000.0,55.62,-19.952268,-43.97662990000003,3,1,0,0.0,120.0,250.0,oeste,Havaí,12/08/18,None,None
3244578,271000.0,55.62,-19.9527984,-43.97666830000003,3,1,0,0.0,120.0,250.0,oeste,Havaí,12/08/18,None,None
3241138,275000.0,63.71,-19.8707867,-44.00726700000001,3,2,1,1.0,71.07,175.0,pampulha,Santa Terezinha,12/08/18,None,None
3244583,277000.0,75.0,-19.9524582,-43.976597800000036,3,1,0,1.0,120.0,250.0,oeste,Havaí,12/08/18,None,None
11453,280000.0,45.0,-19.889854,-44.00446099999999,3,2,1,1.0,700.0,170.0,pampulha,Castelo,12/08/18,None,None
346629,280000.0,45.0,-19.9117465,-43.9611567,3,2,0,1.0,74.92,408.0,noroeste,Carlos Prates,12/08/18,None,None
32393,290000.0,45.0,-19.8253,-43.95405,3,2,1,1.0,70.72,430.0,norte,Planalto,12/08/18,None,None
3243813,290000.0,59.19,-19.889008999999998,-43.93408999999997,2,1,0,1.0,80.2,250.0,nordeste,Silveira,12/08/18,None,None
1297395,298000.0,37.11,-19.9325493,-43.95453529999998,3,2,1,1.0,202.9,350.0,centro-sul,Santo Agostinho,12/08/18,None,None
3244493,309000.0,70.0,-19.952742999999998,-43.97668299999998,2,1,0,1.0,120.0,250.0,oeste,Havaí,12/08/18,None,None
3244140,320000.0,47.07,-19.8817065,-43.9105174,2,2,1,1.0,73.16,240.0,nordeste,Fernão Dias,12/08/18,None,None
414414,330000.0,47.07,-19.8979216,-43.93208540000001,2,1,0,1.0,1095.74,300.0,leste,Graça,12/08/18,None,None
58280,345000.0,47.07,-19.8588238,-43.9363267,3,1,1,1.0,64.4,224.0,pampulha,Dona Clara,12/08/18,None,None
3250391,345000.0,47.07,-19.831643300000003,-43.99086440000002,3,1,1,1.0,91.89,200.0,venda-nova,Parque Leblon,12/08/18,None,None
163907,350000.0,47.07,-19.8284841,-43.93887280000001,3,2,0,1.0,78.87,560.0,norte,Jardim Guanabara,12/08/18,None,None
339744,350000.0,46.64,-19.8707648,-43.91921780000001,2,2,1,1.0,82.97,250.0,nordeste,Fernão Dias,12/08/18,None,None
3239688,350000.0,46.64,-19.8948833,-43.90849539999999,3,1,1,1.0,117.94,1.0,leste,Nova Vista,12/08/18,None,None
3248850,350000.0,46.64,-19.9483888,-43.94243929999999,3,2,1,1.0,157.02,609.0,centro-sul,Santo Antônio,12/08/18,None,None
3249808,350000.0,47.07,-19.931669199999998,-43.9735384,3,2,1,1.0,108.11,260.0,oeste,Nova Suíssa,12/08/18,None,None
44769,359000.0,47.1,-19.968052800000002,-43.98403270000001,3,2,1,1.0,1.0,1.0,oeste,Palmeiras,12/08/18,None,None
32407,360000.0,47.1,-19.941405,-43.96431200000001,2,1,1,1.0,117.42,450.0,oeste,Grajaú,12/08/18,None,None
126430,360000.0,46.6,-19.9527815,-43.9495695,3,2,0,1.0,124.23,310.0,centro-sul,Vila Paris,12/08/18,None,None
1697144,360000.0,46.6,-19.886039800000002,-43.99470869999999,2,1,0,1.0,116.57,205.0,pampulha,Castelo,12/08/18,None,None
3245541,360000.0,45.6,-19.9263611,-43.91690429999999,3,1,0,1.0,82.28,180.0,centro-sul,Santa Efigênia,12/08/18,None,None
570713,365000.0,45.6,-19.9358375,-43.935225599999974,1,1,0,1.0,136.54,550.0,centro-sul,Savassi,12/08/18,None,None
403380,370000.0,46.6,-19.9304827,-43.9700919,3,2,1,1.0,90.41,240.0,oeste,Prado,12/08/18,None,None
3246756,370000.0,46.6,-19.8764141,-43.98204099999998,3,1,1,1.0,80.86,350.0,pampulha,Ouro Preto,12/08/18,None,None
345536,380000.0,63.23,-19.923419100000004,-43.94446289999996,3,1,0,1.0,90.9,260.0,centro-sul,Centro,12/08/18,None,None
3240288,385000.0,55.35,-19.8873937,-43.93432710000002,3,2,1,1.0,167.0,299.43,nordeste,Ipiranga,12/08/18,None,None
367191,387000.0,55.35,-19.9778174,-43.967794899999994,3,2,1,1.0,158.91,400.0,oeste,Buritis,12/08/18,None,None
373462,390000.0,82.0,-19.9550424,-43.967403699999984,3,2,1,1.0,126.0,400.0,oeste,Estoril,12/08/18,None,None
3233095,395250.0,82.0,-19.889920899999996,-43.99414969999998,3,2,1,1.0,0.01,250.0,pampulha,Castelo,12/08/18,None,None
3238802,398000.0,65.0,-19.942324,-43.94632999999999,2,1,0,1.0,109.22,650.0,centro-sul,Santo Antônio,12/08/18,None,None
3244703,398000.0,65.0,-19.8729258,-43.99088560000001,3,2,1,1.0,113.72,454.0,pampulha,Ouro Preto,12/08/18,None,None
161636,400000.0,86.0,-19.9416575,-43.91561830000001,3,2,1,1.0,94.5,300.0,centro-sul,Serra,12/08/18,None,None
594711,400000.0,62.69,-19.910258399999996,-43.930677599999974,3,1,1,2.0,1169.56,260.0,leste,Floresta,12/08/18,None,None
3245603,400000.0,80.0,-19.888512,-43.93849999999998,3,3,1,1.0,174.56,276.0,nordeste,Renascença,12/08/18,None,None
3245823,400000.0,62.69,-19.890793600000002,-43.90786909999997,3,3,1,2.0,143.33,390.0,leste,Santa Inês,12/08/18,None,None
3251605,400000.0,62.69,-19.9042125,-43.9269481,3,2,2,2.0,141.32,269.0,leste,Sagrada Família,12/08/18,None,None
3244631,407000.0,62.69,-19.952268,-43.97662990000003,3,1,0,2.0,120.0,250.0,oeste,Havaí,12/08/18,None,None
152083,410000.0,62.69,-19.911093100000002,-43.91305539999996,2,2,1,2.0,88.76,250.0,leste,Santa Tereza,12/08/18,None,None
249098,420000.0,62.69,-19.9555703,-43.95804939999999,1,1,0,2.0,117.0,492.4,centro-sul,Luxemburgo,12/08/18,None,None
1535643,420000.0,62.69,-19.950446499999998,-43.95662449999998,4,2,1,2.0,214.11,529.0,centro-sul,Luxemburgo,12/08/18,None,None
2396555,420000.0,62.69,-19.8995219,-43.9300907,2,2,1,2.0,130.02,435.0,leste,Sagrada Família,12/08/18,None,None
21715,430000.0,62.69,-19.950581,-43.94911400000001,3,1,1,2.0,180.0,230.0,centro-sul,Vila Paris,12/08/18,None,None
26433,430000.0,62.69,-19.928184100000003,-43.932870999999984,3,3,1,2.0,128.14,450.0,centro-sul,Funcionários,12/08/18,None,None
164926,430000.0,62.69,-19.885940100000003,-43.93362780000001,3,2,1,2.0,121.24,250.0,nordeste,Silveira,12/08/18,None,None
2357625,430000.0,62.69,-19.9440444,-43.95094280000001,3,1,0,2.0,156.53,300.0,centro-sul,Cidade Jardim,12/08/18,None,None
3239872,430000.0,62.69,-19.94046,-43.920097,3,3,1,2.0,138.0,270.0,centro-sul,Serra,12/08/18,None,None
1756343,440000.0,62.69,-19.8880037,-43.999438,3,2,1,2.0,1.0,462.0,pampulha,Castelo,12/08/18,None,None
3236201,440000.0,62.69,-19.951890399999996,-43.94818129999999,2,2,1,2.0,233.62,658.65,centro-sul,Vila Paris,12/08/18,None,None
169866,448000.0,62.69,-19.890739,-43.943922999999984,3,2,1,2.0,145.0,300.0,nordeste,Renascença,12/08/18,None,None
277019,448000.0,62.69,-19.8973217,-43.9356032,3,2,1,2.0,156.73,278.0,nordeste,Concórdia,12/08/18,None,None
3251619,449000.0,52.7,-19.9415853,-43.92395899999997,2,2,1,1.0,165.56,790.78,centro-sul,Serra,12/08/18,None,None
140006,450000.0,52.7,-19.9581925,-43.966102200000016,3,3,1,1.0,176.82,470.0,oeste,Estoril,12/08/18,None,None
154074,450000.0,79.45,-19.9249284,-43.905911400000036,3,2,2,1.0,80.0,300.0,centro-sul,Santa Efigênia,12/08/18,None,None
155758,450000.0,140.0,-19.9581925,-43.966102200000016,3,3,1,1.0,160.74,470.0,oeste,Estoril,12/08/18,None,None
155779,450000.0,69.27,-19.9581925,-43.966102200000016,3,3,1,1.0,160.74,470.0,oeste,Estoril,12/08/18,None,None
359349,450000.0,69.27,-19.9500932,-43.9478325,3,1,0,1.0,147.28,550.0,centro-sul,Vila Paris,12/08/18,None,None
363078,450000.0,69.27,-19.946970699999998,-43.92167519999998,3,1,0,1.0,150.0,400.0,centro-sul,Anchieta,12/08/18,None,None
1600317,450000.0,69.27,-19.9383676,-43.92911749999996,2,2,1,1.0,197.0,1080.0,centro-sul,Funcionários,12/08/18,None,None
1676022,450000.0,69.27,-19.9750891,-43.9670102,3,2,1,1.0,129.59,290.0,oeste,Buritis,12/08/18,None,None
3249062,450000.0,69.27,-19.959439399999997,-43.93739819999996,2,3,1,1.0,221.86,870.0,centro-sul,Sion,12/08/18,None,None
3250620,450000.0,69.27,-19.903119,-43.92461200000002,2,1,1,1.0,166.0,260.74,leste,Sagrada Família,12/08/18,None,None
3257590,450000.0,69.27,-19.9329763,-43.94533660000002,1,2,1,1.0,152.7,825.06,centro-sul,Lourdes,12/08/18,None,None
23078,459000.0,69.27,-19.940387,-43.95684599999999,2,1,1,1.0,131.0,300.0,oeste,Gutierrez,12/08/18,None,None
1755664,460000.0,69.27,-19.8878819,-43.99919549999999,3,2,1,1.0,1.0,462.0,pampulha,Castelo,12/08/18,None,None
3244551,460000.0,69.27,-19.941592,-43.9639838,2,2,1,1.0,146.22,350.0,oeste,Grajaú,12/08/18,None,None
339697,465000.0,69.27,-19.9498973,-43.95552550000002,3,2,1,1.0,166.25,250.0,centro-sul,Luxemburgo,12/08/18,None,None
171539,480000.0,69.27,-19.914146399999996,-43.96606159999999,2,2,1,1.0,115.0,200.0,noroeste,Padre Eustáquio,12/08/18,None,None
1817776,480000.0,69.3,-19.948537100000003,-43.92966089999999,1,1,1,1.0,1.0,450.0,centro-sul,Anchieta,12/08/18,None,None
2220379,480000.0,69.3,-19.9355357,-43.95907640000002,3,2,1,1.0,175.0,450.0,oeste,Gutierrez,12/08/18,None,None
3235798,480000.0,109.98,-19.91650413057938,-43.92583421429447,2,0,1,1.0,80.0,220.0,leste,Santa Tereza,12/08/18,None,None
3251196,485000.0,109.98,-19.930615,-43.96351600000003,3,2,1,1.0,161.61,282.0,oeste,Barroca,12/08/18,None,None
419925,490000.0,109.98,-19.918763000000002,-43.9242089,3,1,1,1.0,82.19,450.0,leste,Santa Tereza,12/08/18,None,None
2089742,490000.0,111.37,-19.906274,-43.92001800000003,3,1,1,1.0,180.0,390.0,leste,Sagrada Família,12/08/18,None,None
391062,492000.0,78.0,-19.957652399999997,-43.93768090000003,2,2,1,2.0,165.0,660.0,centro-sul,Sion,12/08/18,None,None
34367,499000.0,80.0,-19.9512103,-43.95970260000002,2,2,1,1.0,170.0,500.0,centro-sul,Luxemburgo,12/08/18,None,None
346630,500000.0,69.27,-19.9546787,-43.93684669999999,3,2,1,2.0,156.31,600.0,centro-sul,Sion,12/08/18,None,None
2197043,500000.0,69.27,-19.8703358,-43.92167519999998,3,3,1,2.0,1.0,1.0,nordeste,Fernão Dias,12/08/18,None,None
3235739,500000.0,100.0,-19.914224419419167,-43.92360261639408,2,0,0,1.0,80.0,220.0,leste,Santa Tereza,12/08/18,None,None
3235802,500000.0,69.27,-19.91648395628845,-43.924675500000035,2,0,1,2.0,80.0,220.0,leste,Santa Tereza,12/08/18,None,None
3235851,500000.0,69.27,-19.91432529228927,-43.927153861129796,2,2,1,2.0,80.0,220.0,leste,Santa Tereza,12/08/18,None,None
3235801,510000.0,69.27,-19.914385815980452,-43.926649605834996,2,0,1,2.0,80.0,220.0,leste,Santa Tereza,12/08/18,None,None
3235800,515000.0,69.27,-19.914587561450443,-43.92712167462162,2,0,1,2.0,80.0,220.0,leste,Santa Tereza,12/08/18,None,None
3235796,520000.0,69.27,-19.9140630226932,-43.92355970104984,2,0,1,2.0,80.0,220.0,leste,Santa Tereza,12/08/18,None,None
3235799,520000.0,69.27,-19.915334017451645,-43.926713978851346,2,0,0,2.0,80.0,220.0,leste,Santa Tereza,12/08/18,None,None
3235803,520000.0,69.27,-19.916161167283708,-43.92411760052494,2,2,1,2.0,80.0,220.0,leste,Santa Tereza,12/08/18,None,None
3246896,520000.0,69.27,-19.8709769,-43.939551,3,2,1,2.0,190.4,300.0,nordeste,Palmares,12/08/18,None,None
3235804,525000.0,69.27,-19.915999772534253,-43.926177537048375,2,2,1,2.0,80.0,220.0,leste,Santa Tereza,12/08/18,None,None
363270,530000.0,69.27,-19.9467825,-43.932010900000016,2,2,1,2.0,230.0,350.0,centro-sul,Carmo,12/08/18,None,None
3235625,530000.0,60.5,-19.91374022874711,-43.92662814816288,2,2,1,2.0,80.0,220.0,leste,Santa Tereza,12/08/18,None,None
3235628,530000.0,80.0,-19.914426165095037,-43.92300180157474,2,2,1,2.0,80.0,220.0,leste,Santa Tereza,12/08/18,None,None
3235805,530000.0,85.0,-19.91593924946073,-43.92630628308109,2,2,1,1.0,80.0,220.0,leste,Santa Tereza,12/08/18,None,None
3247317,530000.0,110.0,-19.935479100000002,-43.91838629999995,3,2,1,2.0,120.4,400.0,centro-sul,Serra,12/08/18,None,None
3252677,530000.0,110.0,-19.9555098,-43.93735409999999,4,1,1,2.0,200.0,400.0,centro-sul,Sion,12/08/18,None,None
3230602,535000.0,82.1,-19.889920899999996,-43.99414969999998,3,2,1,2.0,0.01,250.0,pampulha,Castelo,12/08/18,None,None
3238694,535000.0,40.26,-19.838634699999997,-43.9554589,3,2,1,1.0,65.0,300.0,pampulha,Itapoã,12/08/18,None,None
3242432,535000.0,82.0,-3.728215,-38.516073999999996,3,3,2,2.0,181.0,500.0,oeste,Barroca,12/08/18,None,None
3235629,540000.0,82.0,-19.914051399999998,-43.92402830000003,2,2,1,2.0,80.0,220.0,leste,Santa Tereza,12/08/18,None,None
3246323,540000.0,82.0,-19.909847,-43.922184000000016,3,1,1,2.0,174.95,350.0,leste,Sagrada Família,12/08/18,None,None
3250087,540000.0,78.0,-19.9317163,-43.92986500000001,2,2,0,2.0,152.0,558.0,centro-sul,Funcionários,12/08/18,None,None
3251817,545000.0,96.0,-19.9208651,-43.953499599999994,4,2,0,2.0,95.0,700.0,centro-sul,Barro Preto,12/08/18,None,None
3257034,545000.0,96.0,-19.979411,-43.96732900000001,3,3,1,2.0,233.3,580.0,oeste,Buritis,12/08/18,None,None
357486,548000.0,82.0,-19.9491115,-43.95652899999999,2,2,1,2.0,212.48,470.0,centro-sul,Luxemburgo,12/08/18,None,None
143762,550000.0,110.0,-19.949285800000002,-43.94539090000001,3,2,1,2.0,179.37,540.0,centro-sul,Santo Antônio,12/08/18,None,None
161767,550000.0,97.0,-19.9776468,-44.02240719999998,2,2,1,0.0,190.0,250.0,barreiro,Barreiro de Baixo,12/08/18,None,None
161775,550000.0,96.0,-19.977537899999998,-44.02266229999998,2,2,1,2.0,190.0,250.0,barreiro,Barreiro de Baixo,12/08/18,None,None
340476,550000.0,96.0,-19.9734402,-43.96488110000002,4,3,1,2.0,135.29,460.0,oeste,Buritis,12/08/18,None,None
360603,550000.0,96.0,-19.935523899999996,-43.95908099999997,3,2,1,2.0,220.0,980.0,oeste,Gutierrez,12/08/18,None,None
362283,550000.0,96.0,-19.9526719,-43.92417549999999,1,1,1,2.0,181.6,350.0,centro-sul,Mangabeiras,12/08/18,None,None
3235635,550000.0,105.0,-19.9137305,-43.92660180000002,2,2,1,1.0,80.0,220.0,leste,Santa Tereza,12/08/18,None,None
3239737,550000.0,120.0,-19.8756275,-43.91637209999999,3,3,1,3.0,183.3,580.0,nordeste,Fernão Dias,12/08/18,None,None
3246374,550000.0,109.66,-19.919021899999997,-43.96630200000004,3,2,1,2.0,143.59,575.0,oeste,Prado,12/08/18,None,None
3256037,550000.0,149.56,-19.911008499999998,-43.96311750000001,3,3,1,2.0,90.84,600.0,noroeste,Padre Eustáquio,12/08/18,None,None
3247241,570000.0,149.56,-19.9337159,-43.96182039999997,4,3,1,2.0,120.37,250.0,oeste,Gutierrez,12/08/18,None,None
1672882,580000.0,170.0,-19.9446006,-43.94955900000002,3,1,1,2.0,156.46,997.36,centro-sul,Coração de Jesus,12/08/18,None,None
3254017,580000.0,87.69,-19.9519159,-43.93666589999998,3,1,1,2.0,173.0,450.0,centro-sul,Sion,12/08/18,None,None
60420,585000.0,150.0,-19.943444556414057,-43.94773182645872,2,3,2,2.0,150.0,250.0,centro-sul,Santo Antônio,12/08/18,None,None
60417,590000.0,100.66,-19.9443,-43.947739299999974,2,3,2,2.0,150.0,250.0,centro-sul,Santo Antônio,12/08/18,None,None
60421,590000.0,100.66,-19.942920113431352,-43.94773182645872,2,3,2,2.0,150.0,250.0,centro-sul,Santo Antônio,12/08/18,None,None
347226,590000.0,214.0,-19.897872,-43.92010399999998,3,3,1,2.0,160.0,289.0,leste,Sagrada Família,12/08/18,None,None
1657366,590000.0,87.6,-19.9414117,-43.92739359999996,3,2,1,2.0,292.38,585.0,centro-sul,Cruzeiro,12/08/18,None,None
3238787,590000.0,130.0,-19.911752,-43.932519000000006,3,2,1,2.0,160.0,600.0,leste,Floresta,12/08/18,None,None
3245401,590000.0,143.0,-19.8814326,-43.90890809999996,3,2,1,2.0,135.11,450.0,leste,Santa Inês,12/08/18,None,None
3258179,595000.0,83.83,-19.963064499999998,-43.967475199999974,3,2,1,2.0,181.59,722.0,oeste,Estrela Dalva,12/08/18,None,None
3248077,598000.0,164.0,-19.907613,-43.92543799999999,3,3,1,2.0,214.96,300.0,leste,Sagrada Família,12/08/18,None,None
55563,599000.0,164.0,-19.8997366,-43.91813630000002,3,3,1,2.0,180.0,290.0,leste,Sagrada Família,12/08/18,None,None
3247222,600000.0,240.59,-19.941798000000002,-43.914484000000016,3,2,1,3.0,254.42,500.0,centro-sul,Serra,12/08/18,None,None
3256215,600000.0,85.62,-19.9157957,-43.97544019999998,4,3,1,2.0,145.6,400.0,noroeste,Padre Eustáquio,12/08/18,None,None
31675,610000.0,85.62,-19.8717933,-43.99055929999997,3,2,1,2.0,140.0,570.0,pampulha,Ouro Preto,12/08/18,None,None
1745802,610000.0,85.62,-19.935569100000002,-43.921660100000004,4,2,1,2.0,155.05,120.0,centro-sul,Serra,12/08/18,None,None
1672065,615000.0,85.62,-19.9759142,-43.94386509999998,2,3,1,2.0,270.49,550.0,centro-sul,Belvedere,12/08/18,None,None
2469139,615000.0,164.0,-19.9401509,-43.95732910000004,4,2,2,2.0,147.0,348.0,oeste,Gutierrez,12/08/18,None,None
3251857,620000.0,164.0,-19.970697,-43.97254909999998,2,2,1,2.0,258.29,550.0,oeste,Buritis,12/08/18,None,None
7569,630000.0,100.0,-19.8906918,-43.99639550000001,3,2,1,2.0,164.06,380.0,pampulha,Castelo,12/08/18,None,None
3250580,640000.0,85.62,-19.935703,-43.96032400000002,3,1,1,3.0,145.0,1240.0,oeste,Gutierrez,12/08/18,None,None
292117,650000.0,85.62,-19.943442899999997,-43.9540346,4,2,1,2.0,284.9,790.0,centro-sul,Luxemburgo,12/08/18,None,None
3242990,650000.0,85.62,-19.918109,-43.986809,4,2,1,2.0,303.38,450.0,noroeste,Padre Eustáquio,12/08/18,None,None
3246741,650000.0,135.0,-19.946304030996128,-43.93226678786618,2,1,1,2.0,150.0,350.0,centro-sul,Sion,12/08/18,None,None
3246743,650000.0,87.6,-19.946939399999998,-43.92754609999997,2,1,1,2.0,150.0,350.0,centro-sul,Carmo,12/08/18,None,None
3246751,650000.0,124.9,-19.943328856404566,-43.93103297171933,2,11,1,2.0,150.0,350.0,centro-sul,Sion,12/08/18,None,None
3246752,650000.0,142.71,-19.946939399999998,-43.92754609999997,2,1,1,2.0,150.0,350.0,centro-sul,Sion,12/08/18,None,None
3257772,650000.0,100.0,-19.9801958,-43.96882019999998,4,3,1,2.0,208.0,450.0,oeste,Buritis,12/08/18,None,None
357455,660000.0,87.6,-19.971287,-43.970473999999975,4,4,1,2.0,232.23,350.0,oeste,Buritis,12/08/18,None,None
3246754,660000.0,180.0,-19.946939399999998,-43.92754609999997,2,1,1,3.0,150.0,350.0,centro-sul,Carmo,12/08/18,None,None
3246766,660000.0,205.0,-19.946939399999998,-43.92754609999997,2,1,1,4.0,150.0,350.0,centro-sul,Carmo,12/08/18,None,None
3246770,660000.0,153.39,-19.946939399999998,-43.92754609999997,2,1,1,3.0,150.0,350.0,centro-sul,Sion,12/08/18,None,None
3246771,660000.0,235.0,-19.945683,-43.930061000000016,2,1,1,4.0,150.0,350.0,centro-sul,Sion,12/08/18,None,None
3250651,660000.0,150.0,-19.9332643,-43.969708399999995,3,3,1,4.0,208.27,300.0,oeste,Barroca,12/08/18,None,None
33525,667735.0,120.0,-19.884614300000003,-43.933354099999974,3,3,1,3.0,1.0,518.15,nordeste,Ipiranga,12/08/18,None,None
3236570,670000.0,140.0,-19.951151,-43.92819399999996,3,2,1,3.0,173.63,1000.0,centro-sul,Anchieta,12/08/18,None,None
3246773,670000.0,170.0,-19.946939399999998,-43.92754609999997,2,1,1,2.0,150.0,350.0,centro-sul,Sion,12/08/18,None,None
3246774,670000.0,82.0,-19.946939399999998,-43.92754609999997,2,1,1,2.0,150.0,350.0,centro-sul,Carmo,12/08/18,None,None
3246780,670000.0,126.0,-19.946939399999998,-43.92754609999997,2,1,1,3.0,150.0,350.0,centro-sul,Sion,12/08/18,None,None
3246781,670000.0,126.0,-19.945043370640963,-43.92801816878659,2,1,1,3.0,150.0,350.0,centro-sul,Cruzeiro,12/08/18,None,None
157952,680000.0,82.0,-19.968141,-43.970821,3,4,2,2.0,320.0,560.0,oeste,Buritis,12/08/18,None,None
3246783,680000.0,156.0,-19.946939399999998,-43.92754609999997,2,1,1,4.0,150.0,350.0,centro-sul,Carmo,12/08/18,None,None
3246795,680000.0,135.0,-19.946939399999998,-43.92754609999997,2,1,1,3.0,150.0,350.0,centro-sul,Carmo,12/08/18,None,None
3246796,680000.0,150.0,-19.947968087251414,-43.93213804183347,2,1,1,3.0,150.0,350.0,centro-sul,Sion,12/08/18,None,None
3246797,680000.0,150.0,-19.94611241127089,-43.932202414849826,2,1,1,3.0,150.0,350.0,centro-sul,Sion,12/08/18,None,None
3255059,680000.0,150.0,-19.889342000000003,-43.99424669999996,4,3,1,3.0,189.69,450.0,pampulha,Castelo,12/08/18,None,None
3254398,689000.0,150.0,-19.9813693,-43.976458999999984,3,3,1,3.0,260.91,787.5,oeste,Buritis,12/08/18,None,None
175246,690000.0,133.0,-19.946206,-43.92368199999999,3,2,1,3.0,307.14,610.0,centro-sul,Cruzeiro,12/08/18,None,None
3247439,690000.0,160.0,-19.9758164,-43.94346580000001,2,3,2,3.0,328.76,675.0,centro-sul,Belvedere,12/08/18,None,None
3253866,690000.0,183.0,-19.9277596,-43.93530809999999,2,2,1,4.0,249.0,570.0,centro-sul,Funcionários,12/08/18,None,None
3246804,695000.0,183.0,-19.945003029343397,-43.93188054976804,2,1,1,4.0,150.0,350.0,centro-sul,Sion,12/08/18,None,None
3246837,695000.0,183.0,-19.946939399999998,-43.92754609999997,2,1,1,4.0,150.0,350.0,centro-sul,Sion,12/08/18,None,None
6880,700000.0,191.51,-19.9716414,-43.97318139999999,3,3,1,4.0,225.83,678.0,oeste,Buritis,12/08/18,None,None
167459,700000.0,191.51,-19.9503155,-43.9283456,4,1,1,4.0,200.0,400.0,centro-sul,Anchieta,12/08/18,None,None
586239,700000.0,183.0,-19.9741378,-43.93988030000003,1,1,1,4.0,377.3,885.0,centro-sul,Belvedere,12/08/18,None,None
158947,704571.0,191.51,-19.8842002,-43.93365010000002,3,2,1,4.0,2.0,2.0,nordeste,Ipiranga,12/08/18,None,None
66887,720000.0,183.0,-19.9785465,-43.963085200000016,4,3,1,4.0,314.99,837.0,oeste,Buritis,12/08/18,None,None
168362,720000.0,183.0,-19.940689600000002,-43.9585816,3,2,1,4.0,341.92,500.0,oeste,Gutierrez,12/08/18,None,None
341491,720000.0,227.14,-19.962164,-43.95025369999996,4,4,1,4.0,290.0,1050.0,centro-sul,Santa Lúcia,12/08/18,None,None
3257476,720000.0,183.0,-19.9639852,-43.95289320000001,3,3,1,4.0,253.1,250.0,centro-sul,São Bento,12/08/18,None,None
22295,734000.0,191.51,-19.9756029,-43.97353910000004,4,3,1,4.0,249.84,760.0,oeste,Buritis,12/08/18,None,None
3258214,740000.0,183.0,-19.9579975,-43.93768879999999,4,2,1,4.0,298.66,772.9,centro-sul,Sion,12/08/18,None,None
161903,750000.0,191.51,-19.977482199999997,-44.02256779999999,3,2,1,4.0,190.0,250.0,barreiro,Barreiro de Baixo,12/08/18,None,None
350105,750000.0,259.0,-19.969213600000003,-43.96984280000004,4,3,3,3.0,293.0,750.0,oeste,Buritis,12/08/18,None,None
1943942,750000.0,180.15,-19.904508,-43.9168669,4,3,2,2.0,247.29,720.0,leste,Sagrada Família,12/08/18,None,None
3235639,750000.0,86.0,-19.914829655674698,-43.92703584393314,2,2,1,2.0,80.0,220.0,leste,Santa Tereza,12/08/18,None,None
3249286,750000.0,86.0,-19.8781595,-43.99347469999998,3,3,1,2.0,180.0,550.0,pampulha,Castelo,12/08/18,None,None
3235646,760000.0,65.0,-19.91446651419933,-43.92386010845951,2,2,1,2.0,80.0,220.0,leste,Santa Tereza,12/08/18,None,None
167487,770000.0,144.24,-19.9495328,-43.94889360000002,4,2,1,2.0,368.47,800.0,centro-sul,Vila Paris,12/08/18,None,None
338052,780000.0,47.0,-19.9485463,-43.95380720000003,2,1,1,1.0,190.0,460.0,centro-sul,Luxemburgo,12/08/18,None,None
625921,780000.0,47.0,-19.9353037,-43.93172659999999,3,2,1,1.0,317.45,855.0,centro-sul,Funcionários,12/08/18,None,None
468130,790000.0,41.94,-19.975151500000003,-43.942412200000035,3,2,1,1.0,675.0,700.0,centro-sul,Belvedere,12/08/18,None,None
23822,800000.0,64.32,-19.945208899999997,-43.945482999999975,4,1,1,1.0,130.0,160.0,centro-sul,Santo Antônio,12/08/18,None,None
1825434,800000.0,64.32,-19.976256699999997,-43.94447980000001,3,2,1,1.0,562.32,1265.61,centro-sul,Belvedere,12/08/18,None,None
3215412,820000.0,70.0,-19.9282579,-43.94634239999999,3,3,1,1.0,298.09,1061.0,centro-sul,Santo Agostinho,12/08/18,None,None
3256555,845448.0,78.0,-19.981375,-43.9764667,3,2,1,1.0,166.9,599.0,oeste,Buritis,12/08/18,None,None
977559,850000.0,78.0,-19.9354039,-43.934979199999994,3,2,1,1.0,205.0,1000.0,centro-sul,Savassi,12/08/18,None,None
3240147,850000.0,68.0,-19.9441968,-43.93741710000001,3,3,1,1.0,297.61,996.0,centro-sul,São Pedro,12/08/18,None,None
3246738,850000.0,54.78,-19.943473899999997,-43.93057299999998,2,1,1,2.0,150.0,350.0,centro-sul,Sion,12/08/18,None,None
360809,860000.0,54.78,-19.9423104,-43.968725800000016,4,3,2,2.0,147.83,520.0,oeste,Nova Granada,12/08/18,None,None
139010,895000.0,100.0,-19.859355100000002,-43.95335879999999,4,5,2,1.0,252.0,550.0,pampulha,Jaraguá,12/08/18,None,None
332183,915000.0,180.0,-19.9507908,-43.93265229999997,3,2,3,2.0,1.0,400.0,centro-sul,Sion,12/08/18,None,None
2222870,920000.0,180.0,-19.891078399999998,-43.92588669999998,3,2,1,2.0,1.0,1.0,leste,Cidade Nova,12/08/18,None,None
3245524,925000.0,78.0,-19.9086952,-43.97074620000001,4,3,1,2.0,419.61,600.0,noroeste,Caiçaras,12/08/18,None,None
332196,930000.0,148.7,-19.9518938,-43.93200170000001,3,2,3,3.0,1.0,400.0,centro-sul,Sion,12/08/18,None,None
1526851,940000.0,220.0,-19.9812272,-43.97834820000003,4,3,3,2.0,262.0,932.0,oeste,Buritis,12/08/18,None,None
3250257,945000.0,97.0,-19.868376899999998,-43.91798699999998,4,3,2,2.0,146.34,300.0,nordeste,Pirajá,12/08/18,None,None
366388,950000.0,224.0,-19.921055499999998,-43.941106200000036,4,2,1,3.0,170.46,1000.0,centro-sul,Centro,12/08/18,None,None
1911303,950000.0,224.0,-19.976005899999997,-43.964478199999974,4,4,1,3.0,395.72,1300.0,oeste,Buritis,12/08/18,None,None
2233840,950000.0,282.0,-19.9117311,-43.931055600000036,3,2,1,3.0,2143.03,260.0,leste,Floresta,12/08/18,None,None
366363,965000.0,95.0,-19.9579509,-43.934113799999984,4,3,1,2.0,261.51,973.0,centro-sul,Sion,12/08/18,None,None
11260,982000.0,202.0,-19.9665818,-43.96665919999998,4,4,1,3.0,285.0,880.0,oeste,Buritis,12/08/18,None,None
756265,990000.0,202.0,-19.939694,-43.925141,4,2,1,3.0,495.0,1428.0,centro-sul,Serra,12/08/18,None,None
3240373,990000.0,45.0,-19.969194199999997,-43.96701210000003,4,3,2,1.0,303.0,1200.0,oeste,Buritis,12/08/18,None,None
64545,999000.0,45.0,-19.9462035,-43.95261270000003,4,2,1,1.0,232.0,600.0,centro-sul,Luxemburgo,12/08/18,None,None
1835272,1000000.0,126.0,-19.942215,-43.956758000000036,4,3,1,3.0,310.8,1214.0,centro-sul,Luxemburgo,12/08/18,None,None
2232118,1050000.0,38.36,-19.891078399999998,-43.92588669999998,3,2,1,1.0,1.0,1.0,nordeste,União,12/08/18,None,None
3239402,1050000.0,93.0,-19.975677899999997,-43.973820999999994,4,0,1,1.0,208.0,340.0,oeste,Buritis,12/08/18,None,None
3252653,1098000.0,93.0,-19.969763399999998,-43.9665847,4,5,3,1.0,340.38,1350.0,oeste,Buritis,12/08/18,None,None
8997,1100000.0,65.0,-19.9749667,-43.96863780000001,5,4,2,0.0,369.53,540.0,oeste,Buritis,12/08/18,None,None
2223724,1100000.0,82.85,-19.891078399999998,-43.92588669999998,3,2,1,2.0,1.0,1.0,leste,Cidade Nova,12/08/18,None,None
53283,1150000.0,66.17,-19.9498831,-43.933982500000006,3,2,2,2.0,150.0,400.0,centro-sul,Sion,12/08/18,None,None
3246806,1180000.0,54.98,-19.946172922788197,-43.930893496850565,2,1,1,1.0,150.0,350.0,centro-sul,Sion,12/08/18,None,None
3246830,1180000.0,47.0,-19.946334286720962,-43.93221314368589,2,1,1,1.0,150.0,350.0,centro-sul,Sion,12/08/18,None,None
341426,1200000.0,47.0,-19.9446936,-43.9414256,4,2,1,1.0,220.0,1450.0,centro-sul,São Pedro,12/08/18,None,None
40795,1290000.0,42.54,-19.9588797,-43.949471500000016,4,4,2,1.0,500.0,650.0,centro-sul,São Bento,12/08/18,None,None
167709,1300000.0,49.52,-19.944401899999995,-43.9429328,4,2,1,1.0,315.02,1400.0,centro-sul,São Pedro,12/08/18,None,None
332061,1300000.0,42.0,-19.9466258,-43.92086499999999,3,3,1,1.0,230.0,300.0,centro-sul,Serra,12/08/18,None,None
3238100,1350000.0,55.19,-19.952614399999998,-43.9321215,4,4,1,1.0,529.54,1680.0,centro-sul,Sion,12/08/18,None,None
3245046,1380000.0,55.19,-19.9696699,-43.97103830000003,4,4,3,1.0,412.93,960.0,oeste,Buritis,12/08/18,None,None
360155,1390000.0,43.13,-19.8794536,-44.002143700000026,4,1,1,1.0,101.0,120.0,pampulha,Castelo,12/08/18,None,None
163749,1400000.0,50.41,-19.952614399999998,-43.9321215,4,1,2,1.0,150.0,400.0,centro-sul,Sion,12/08/18,None,None
3245623,1400000.0,51.0,-19.936657999999998,-43.92407400000002,4,2,2,1.0,349.45,1400.0,oeste,Gutierrez,12/08/18,None,None
3247247,1400000.0,53.0,-19.933404100000004,-43.94282199999998,4,3,1,1.0,365.76,950.0,centro-sul,Santo Agostinho,12/08/18,None,None
40783,1450000.0,53.0,-19.9588797,-43.949471500000016,4,4,2,1.0,595.0,650.0,centro-sul,São Bento,12/08/18,None,None
3240982,1450000.0,65.0,-19.946773800000003,-43.93271490000001,4,2,3,1.0,508.0,700.0,centro-sul,Carmo,12/08/18,None,None
340498,1570000.0,65.0,-19.9758876,-43.94386080000004,4,3,2,1.0,599.0,2073.6,centro-sul,Belvedere,12/08/18,None,None
359915,1650000.0,45.0,-19.969076,-43.96674300000001,5,5,2,0.0,890.0,1100.0,oeste,Estoril,12/08/18,None,None
3241162,1650000.0,50.0,-19.9742754,-43.96340729999997,5,5,2,1.0,786.77,1990.98,oeste,Buritis,12/08/18,None,None
5774,1700000.0,47.0,-19.9480737,-43.93230979999999,4,1,3,1.0,514.0,2000.0,centro-sul,Sion,12/08/18,None,None
130224,1730000.0,54.0,-19.9465796,-43.937404600000036,4,4,2,1.0,500.0,900.0,centro-sul,Sion,12/08/18,None,None
3243930,1750000.0,57.0,-19.9465796,-43.937404600000036,4,4,2,1.0,500.0,900.0,centro-sul,Sion,12/08/18,None,None
3256664,1790000.0,69.0,-19.937559,-43.95594199999999,4,4,3,1.0,564.99,1300.0,oeste,Gutierrez,12/08/18,None,None
130260,1800000.0,100.0,-19.9465796,-43.937404600000036,4,4,2,1.0,500.0,900.0,centro-sul,Sion,12/08/18,None,None
146001,1850000.0,100.85,-19.9452705,-43.94174069999997,4,4,4,1.0,659.0,1680.0,centro-sul,Santo Antônio,12/08/18,None,None
3240255,1860000.0,54.0,-19.9458332,-43.92258019999997,4,3,3,1.0,557.37,2300.0,centro-sul,Serra,12/08/18,None,None
3247421,1860000.0,70.0,-19.9287591,-43.928063200000004,4,4,2,2.0,850.0,1800.0,centro-sul,Santa Efigênia,12/08/18,None,None
40807,1880000.0,123.0,-19.9588797,-43.949471500000016,4,5,3,0.0,789.0,650.0,centro-sul,São Bento,12/08/18,None,None
11811,1900000.0,123.0,-19.940103,-43.922348700000036,5,7,3,0.0,1178.03,2500.0,centro-sul,Serra,12/08/18,None,None
130134,2100000.0,75.0,-19.9465796,-43.937404600000036,4,4,2,1.0,500.0,900.0,centro-sul,Sion,12/08/18,None,None
130138,2100000.0,78.69,-19.9465796,-43.937404600000036,4,4,2,1.0,500.0,900.0,centro-sul,Sion,12/08/18,None,None
3235318,2100000.0,93.73,-19.9770396,-43.94263360000002,3,3,1,2.0,1200.0,1800.0,centro-sul,Belvedere,12/08/18,None,None
1578665,2150000.0,93.73,-19.934475199999998,-43.92961990000003,4,3,2,2.0,737.0,1500.0,centro-sul,Savassi,12/08/18,None,None
2356731,2200000.0,98.0,-19.9323725,-43.9395783,4,3,1,2.0,620.58,1500.0,centro-sul,Lourdes,12/08/18,None,None
3238212,2250000.0,98.0,-19.971939499999998,-43.9424932,4,4,2,2.0,916.34,2100.0,centro-sul,Belvedere,12/08/18,None,None
1574599,2300000.0,62.59,-19.875239999999998,-43.98256400000002,4,3,2,1.0,257.0,350.0,pampulha,Ouro Preto,12/08/18,None,None
1602555,2300000.0,100.0,-19.9350408,-43.9414994,4,4,2,1.0,1050.0,2950.0,centro-sul,Savassi,12/08/18,None,None
3241693,2330000.0,100.0,-19.94739522244797,-43.95780080104976,4,5,4,1.0,869.22,2200.0,centro-sul,Luxemburgo,12/08/18,None,None
195619,2670000.0,62.59,-19.974103,-43.9377331,4,5,4,1.0,1431.28,2780.0,centro-sul,Belvedere,12/08/18,None,None
130262,2700000.0,64.0,-19.9465796,-43.937404600000036,4,4,2,1.0,500.0,900.0,centro-sul,Sion,12/08/18,None,None
3239755,2760000.0,62.0,-19.9283592,-43.94280330000004,4,4,2,1.0,1263.0,2200.0,centro-sul,Santo Agostinho,12/08/18,None,None
7373,2800000.0,62.0,-19.939211,-43.93039899999997,4,3,2,1.0,867.08,2258.0,centro-sul,Funcionários,12/08/18,None,None
2724612,2800000.0,75.0,-19.939273899999996,-43.9224274,4,4,2,1.0,823.01,2000.0,centro-sul,Serra,12/08/18,None,None
132960,2900000.0,63.53,-19.9464968,-43.95559969999999,3,4,2,1.0,549.91,1308.0,centro-sul,Luxemburgo,12/08/18,None,None
354511,3000000.0,89.0,-19.944446,-43.955581,4,4,3,1.0,961.42,2000.0,centro-sul,Luxemburgo,12/08/18,None,None
20912,3350000.0,89.0,-19.971316,-43.94228179999999,4,6,3,1.0,1300.0,2452.18,centro-sul,Belvedere,12/08/18,None,None
1951236,3400000.0,116.0,-19.9787937,-43.94455370000003,4,5,4,1.0,1710.0,3900.0,centro-sul,Belvedere,12/08/18,None,None
1889761,3850000.0,60.0,-19.972960600000004,-43.93993460000002,4,6,4,2.0,2089.86,3308.0,centro-sul,Belvedere,12/08/18,None,None
46867,4200000.0,60.0,-19.938152,-43.92441400000001,5,6,4,1.0,955.45,1900.0,centro-sul,Serra,12/08/18,None,None
1929815,10000000.0,60.0,-19.938515300000002,-43.95586560000004,4,6,4,1.0,747.0,5800.0,oeste,Gutierrez,12/08/18,None,None
11267,1020000.0,63.97,-19.966493600000003,-43.96652879999999,4,4,1,1.0,285.0,880.0,oeste,Buritis,12/08/18,None,None
352284,565000.0,63.97,-19.975167300000003,-43.96326929999998,3,1,1,1.0,212.76,650.0,oeste,Buritis,12/08/18,None,None
3250581,650000.0,100.0,-19.958771,-43.946335999999974,4,3,1,1.0,274.23,992.0,centro-sul,Santa Lúcia,12/08/18,None,None
8313,360000.0,100.0,-19.9185182,-43.93803450000002,3,3,1,1.0,140.0,205.0,norte,Vila Cloris,12/08/18,None,None
130409,260000.0,136.28,-19.889193300000002,-43.94034449999998,3,2,1,1.0,82.41,334.6,nordeste,Silveira,12/08/18,None,None
157733,580000.0,75.0,-19.9692867,-43.965988900000006,3,2,1,0.0,225.19,580.0,oeste,Estoril,12/08/18,None,None
2234695,420000.0,84.0,-19.979348899999998,-43.96978690000003,3,1,1,0.0,1708.0,450.0,oeste,Buritis,12/08/18,None,None
3250239,1950000.0,84.0,-19.967352899999998,-43.95056869999996,4,5,2,0.0,1212.78,2420.0,centro-sul,Santa Lúcia,12/08/18,None,None
3254796,125000.0,70.0,-19.979858800000002,-43.991308900000035,2,1,0,2.0,0.0,180.0,barreiro,Bonsucesso,12/08/18,None,None
162741,130000.0,100.0,-20.000340700000002,-44.00391200000002,2,1,0,2.0,30.0,85.0,barreiro,Flávio de Oliveira,12/08/18,None,None
3246739,133000.0,106.0,-20.000374700000002,-44.00246099999998,2,1,0,1.0,0.0,150.0,barreiro,Urucuia,12/08/18,None,None
313027,143000.0,58.58,-19.819685500000002,-43.943042200000036,2,1,0,1.0,26.59,179.0,norte,Juliana,12/08/18,None,None
133404,160000.0,98.0,-19.875366,-44.01414009999996,3,1,0,1.0,0.0,120.0,pampulha,Serrano,12/08/18,None,None
166481,175000.0,91.5,-20.0008911,-44.00580730000002,3,1,0,1.0,0.0,80.0,barreiro,Urucuia,12/08/18,None,None
2824386,180000.0,70.0,-19.914143300000003,-43.950117600000006,2,1,0,2.0,27.0,190.0,noroeste,Carlos Prates,12/08/18,None,None
3240543,190000.0,80.0,-19.9554161,-43.9841434,3,1,0,1.0,52.21,250.0,oeste,Cinquentenário,12/08/18,None,None
1840158,198000.0,80.0,-19.938418300000002,-43.98366299999998,2,1,0,1.0,26.0,200.0,oeste,Salgado Filho,12/08/18,None,None
154923,200000.0,110.64,-19.9407558,-44.01458689999998,2,1,0,1.0,80.33,295.0,noroeste,Camargos,12/08/18,None,None
281640,220000.0,85.0,-20.0057424,-44.00774100000001,2,1,0,2.0,67.58,330.0,barreiro,Cardoso,12/08/18,None,None
87558,230000.0,84.0,-19.889465700000002,-43.930051299999995,2,1,0,2.0,70.82,180.0,nordeste,Silveira,12/08/18,None,None
13210,240000.0,120.0,-19.9801717,-43.968399600000005,2,1,0,1.0,75.1,375.0,oeste,Estoril,12/08/18,None,None
343735,259000.0,76.47,-19.8959765,-43.997295099999974,2,1,1,2.0,81.24,200.0,pampulha,Manacás,12/08/18,None,None
2876831,269000.0,65.0,-19.9176846,-43.98371050000003,3,3,1,1.0,77.0,300.0,noroeste,Padre Eustáquio,12/08/18,None,None
1685553,270000.0,99.13,-19.8694766,-43.984644900000035,3,1,0,2.0,0.0,220.0,pampulha,Ouro Preto,12/08/18,None,None
1845866,275000.0,99.13,-19.8678783,-43.95520970000001,3,1,0,2.0,80.71,366.67,pampulha,Liberdade,12/08/18,None,None
992822,280000.0,100.0,-19.865678600000003,-43.9556073,2,1,0,1.0,44.46,285.0,pampulha,Liberdade,12/08/18,None,None
340545,290000.0,80.51,-19.906287300000002,-43.94227920000003,3,2,0,2.0,85.11,190.0,leste,Sagrada Família,12/08/18,None,None
36734,295000.0,80.51,-19.968666199999998,-43.95453529999998,1,1,1,2.0,75.51,418.41,oeste,Estoril,12/08/18,None,None
1580628,300000.0,90.0,-19.970388600000003,-44.01751869999998,2,2,0,1.0,75.92,356.0,barreiro,Barreiro de Baixo,12/08/18,None,None
335661,320000.0,70.0,-19.8757492,-43.91543279999996,2,2,1,2.0,86.36,200.0,nordeste,Fernão Dias,12/08/18,None,None
50464,325000.0,75.68,-19.9867768,-44.02005150000002,2,2,0,1.0,29.0,20.0,barreiro,Teixeira Dias,12/08/18,None,None
31209,330000.0,52.0,-19.9398829,-43.95713599999999,3,1,1,1.0,103.35,300.0,oeste,Gutierrez,12/08/18,None,None
2383240,330000.0,52.0,-19.874208199999998,-43.91577039999999,2,2,1,1.0,1586.31,290.0,nordeste,Fernão Dias,12/08/18,None,None
1657121,335000.0,110.0,-19.8784153,-44.0087671,3,2,1,2.0,103.06,225.32,pampulha,Serrano,12/08/18,None,None
3252651,338000.0,85.0,-19.94068,-43.97383600000001,3,2,1,2.0,99.6,360.0,oeste,Nova Suíssa,12/08/18,None,None
3255045,340000.0,85.0,-19.9194641,-43.91248359999997,3,2,0,2.0,133.0,598.0,centro-sul,Santa Efigênia,12/08/18,None,None
178578,350000.0,65.0,-19.9471079,-43.95041809999998,3,2,1,2.0,191.67,530.0,centro-sul,Vila Paris,12/08/18,None,None
181698,350000.0,65.0,-19.8244659,-43.9825955,3,2,0,2.0,0.0,130.0,pampulha,Santa Mônica,12/08/18,None,None
357539,350000.0,65.0,-19.9079658,-43.97098700000004,3,3,0,2.0,85.0,400.0,noroeste,Caiçaras,12/08/18,None,None
2682012,350000.0,110.0,-19.9551535,-43.9686552,3,2,1,2.0,118.0,220.0,oeste,Estoril,12/08/18,None,None
3236621,350000.0,90.5,-19.904487399999997,-43.91723519999999,3,1,0,2.0,80.87,260.0,leste,Sagrada Família,12/08/18,None,None
3239947,360000.0,90.5,-19.9663867,-43.97021599999999,3,2,1,2.0,105.6,350.0,leste,São Lucas,12/08/18,None,None
3240438,360000.0,83.65,-19.9051175,-43.97421429999997,3,2,0,2.0,68.0,0.0,noroeste,Caiçaras,12/08/18,None,None
3253921,360000.0,80.0,-19.883139,-43.916245,3,1,1,2.0,126.52,380.0,nordeste,União,12/08/18,None,None
3245767,369000.0,80.0,-19.903280399999996,-43.96882189999997,3,3,1,2.0,117.36,250.0,noroeste,Caiçaras,12/08/18,None,None
353179,370000.0,95.0,-19.940426000000002,-43.91979400000002,3,2,1,2.0,110.82,200.0,centro-sul,Serra,12/08/18,None,None
2876835,370000.0,140.0,-19.995973199999998,-44.02354589999999,3,1,0,2.0,1365.11,300.0,barreiro,Diamante,12/08/18,None,None
3252719,375000.0,140.0,-19.921831899999997,-43.978414999999984,2,1,1,2.0,157.11,300.0,noroeste,Padre Eustáquio,12/08/18,None,None
1632895,380000.0,73.0,-19.9778878,-43.96884720000003,3,3,1,1.0,254.0,550.0,oeste,Buritis,12/08/18,None,None
3241032,390000.0,73.0,-19.968981,-43.96787280000001,3,2,1,1.0,179.81,613.8,oeste,Buritis,12/08/18,None,None
3213547,391000.0,87.04,-19.9226264,-43.93948560000001,3,1,0,2.0,137.0,750.0,centro-sul,Centro,12/08/18,None,None
341188,400000.0,169.0,-19.8851366,-43.92001670000002,3,1,1,2.0,103.37,204.0,nordeste,União,12/08/18,None,None
342821,400000.0,62.0,-19.889506899999997,-43.92154399999998,3,3,1,2.0,119.73,315.0,nordeste,União,12/08/18,None,None
1848789,420000.0,62.0,-19.954951,-43.94671970000002,3,2,1,2.0,210.45,600.0,centro-sul,Santa Lúcia,12/08/18,None,None
3236227,420000.0,75.0,-19.946896,-43.93966599999999,3,1,1,1.0,109.55,660.0,centro-sul,São Pedro,12/08/18,None,None
1848792,425000.0,86.38,-19.9812693,-43.97835069999997,3,3,1,2.0,110.0,495.0,oeste,Buritis,12/08/18,None,None
3252308,425000.0,110.0,-19.970035,-43.966612,2,1,1,2.0,148.84,550.0,oeste,Buritis,12/08/18,None,None
346390,450000.0,125.19,-19.9463018,-43.9312157,3,1,0,1.0,139.92,350.0,centro-sul,Cruzeiro,12/08/18,None,None
7236,460000.0,92.2,-19.870821,-43.93352500000003,3,2,1,1.0,133.0,360.0,nordeste,Palmares,12/08/18,None,None
351323,480000.0,90.0,-19.9603865,-43.928831400000036,2,2,1,2.0,232.44,350.0,centro-sul,Sion,12/08/18,None,None
59171,495000.0,77.0,-19.910061199999998,-43.9689578,3,3,1,2.0,114.35,270.0,noroeste,Caiçaras,12/08/18,None,None
338746,499000.0,96.36,-19.941594199999997,-43.97520320000001,3,4,1,2.0,126.25,400.0,oeste,Jardim América,12/08/18,None,None
6048,530000.0,147.59,-19.977677,-44.013001900000006,4,2,1,2.0,179.0,750.0,barreiro,Barreiro,12/08/18,None,None
3247180,530000.0,90.0,-19.906354399999998,-43.9045276,3,2,1,3.0,129.0,420.0,leste,Esplanada,12/08/18,None,None
352657,570000.0,82.0,-19.962309299999998,-43.94574639999996,4,2,1,2.0,244.66,1250.0,centro-sul,São Bento,12/08/18,None,None
991003,620000.0,82.0,-19.915466600000002,-43.97609769999997,4,3,1,2.0,210.0,650.0,noroeste,Padre Eustáquio,12/08/18,None,None
1382927,636000.0,105.0,-19.8781595,-43.99347469999998,3,1,2,2.0,147.65,361.0,pampulha,Castelo,12/08/18,None,None
169241,650000.0,158.5,-19.9422802,-43.94684380000001,3,1,1,2.0,210.93,350.0,centro-sul,Santo Antônio,12/08/18,None,None
485306,650000.0,70.55,-19.932619,-43.9311093,4,3,1,2.0,185.44,250.0,centro-sul,Santa Efigênia,12/08/18,None,None
355880,700000.0,70.55,-19.9593355,-43.9377457,3,3,1,2.0,236.0,1018.0,centro-sul,Sion,12/08/18,None,None
255938,750000.0,100.0,-19.9326877,-43.920552999999984,4,2,1,2.0,213.32,584.0,leste,São Lucas,12/08/18,None,None
2493432,798000.0,91.1,-19.863924100000002,-43.94288119999999,3,3,1,2.0,129.8,400.0,pampulha,Santa Rosa,12/08/18,None,None
334435,850000.0,90.0,-19.9566664,-43.93048759999999,4,1,1,2.0,290.07,1100.0,centro-sul,Sion,12/08/18,None,None
343063,850000.0,106.56,-19.9324884,-43.93236580000002,4,1,1,2.0,236.0,350.0,centro-sul,Savassi,12/08/18,None,None
1034085,950000.0,100.0,-19.8714465,-43.98057210000002,4,3,1,1.0,260.14,500.0,pampulha,Ouro Preto,12/08/18,None,None
342820,970000.0,100.0,-19.928536800000003,-43.92905329999997,4,2,1,1.0,322.9,700.0,centro-sul,Funcionários,12/08/18,None,None
371931,1420000.0,95.0,-19.8755065,-43.99800900000002,5,2,5,2.0,160.0,450.0,pampulha,Castelo,12/08/18,None,None
40034,1490000.0,60.0,-19.9465617,-43.93761799999999,4,4,2,2.0,1060.0,1200.0,centro-sul,São Pedro,12/08/18,None,None
3254267,1700000.0,110.0,-19.960416,-43.928878000000005,4,4,2,2.0,233.25,1230.0,centro-sul,Sion,12/08/18,None,None
1710544,870000.0,110.0,-19.939072,-43.91874000000002,3,2,1,2.0,170.0,750.0,centro-sul,Serra,12/08/18,None,None
3244569,252000.0,63.0,-19.9521947,-43.97630679999998,2,1,0,2.0,120.0,250.0,oeste,Havaí,12/08/18,None,None
3244614,260000.0,63.0,-19.9524582,-43.976597800000036,2,1,0,2.0,120.0,250.0,oeste,Havaí,12/08/18,None,None
34655,270000.0,100.39,-25.272470000000002,-54.083892799999994,2,2,1,2.0,120.0,80.0,venda-nova,Parque Leblon,12/08/18,None,None
50390,277000.0,97.0,-19.949234,-43.95608099999998,3,1,0,3.0,134.0,500.0,centro-sul,Luxemburgo,12/08/18,None,None
149967,670000.0,150.25,-19.9437384,-43.95174910000003,3,2,1,3.0,344.0,1150.0,centro-sul,Luxemburgo,12/08/18,None,None
353522,1200000.0,160.0,-19.930568899999997,-43.944682,4,2,1,2.0,317.0,1400.0,centro-sul,Lourdes,12/08/18,None,None
63491,850000.0,183.0,-19.971527,-43.96727880000003,4,3,2,2.0,474.3,400.0,oeste,Buritis,12/08/18,None,None
167504,449000.0,78.0,-19.9725366,-43.97157549999997,3,3,2,1.0,117.0,210.0,oeste,Buritis,12/08/18,None,None
1912049,480000.0,140.0,-19.873173,-43.988789000000004,3,2,1,2.0,133.79,480.0,pampulha,Ouro Preto,12/08/18,None,None
18643,600000.0,140.0,-19.9306977,-43.9197188,3,3,1,2.0,155.0,550.0,centro-sul,Serra,12/08/18,None,None
327193,425000.0,172.0,-19.8284437,-43.956227300000016,3,1,1,2.0,90.54,250.0,norte,Planalto,12/08/18,None,None
13732,559000.0,172.0,-19.970697,-43.97254909999998,4,3,1,2.0,230.0,390.0,oeste,Buritis,12/08/18,None,None
13733,559000.0,140.0,-19.970697,-43.97254909999998,4,3,1,3.0,230.0,390.0,oeste,Buritis,12/08/18,None,None
56758,400000.0,104.78,-19.9397696,-43.93013189999999,1,1,1,3.0,210.0,345.0,centro-sul,Cruzeiro,12/08/18,None,None
166293,259000.0,77.0,-19.981235100000003,-43.9783314,2,2,1,2.0,66.7,307.0,oeste,Buritis,12/08/18,None,None
144946,1550000.0,127.42,-22.683785999999998,-43.60227199999997,4,4,2,3.0,400.0,1250.0,centro-sul,Santa Lúcia,12/08/18,None,None
147204,1600000.0,142.0,-22.683785999999998,-43.60227199999997,4,5,2,2.0,400.0,1250.0,centro-sul,Santa Lúcia,12/08/18,None,None
1578222,360000.0,110.0,-19.934821499999998,-43.97762410000002,3,3,1,2.0,146.0,330.0,oeste,Nova Suíssa,12/08/18,None,None
171628,395000.0,180.0,-19.914146399999996,-43.96606159999999,2,2,1,2.0,115.0,200.0,noroeste,Padre Eustáquio,12/08/18,None,None
3247168,495000.0,101.08,-19.9409621,-43.95900670000003,3,2,1,2.0,184.93,445.49,oeste,Gutierrez,12/08/18,None,None
242415,510000.0,140.0,-19.941527,-43.94619339999997,2,2,2,3.0,220.0,385.0,centro-sul,Santo Antônio,12/08/18,None,None
353656,295000.0,81.55,-19.9122046,-43.9009433,2,1,1,2.0,95.0,350.0,leste,Pompéia,12/08/18,None,None
49503,1090000.0,90.0,-19.9538346,-43.92808159999999,3,3,1,2.0,775.52,1600.0,centro-sul,Sion,12/08/18,None,None
149549,170000.0,85.0,-19.993002,-44.017979800000035,2,1,0,2.0,0.0,130.0,barreiro,Santa Cruz (barreiro),12/08/18,None,None
139479,1050000.0,120.0,-19.9527565,-43.9244309,3,3,1,2.0,367.0,800.0,centro-sul,Mangabeiras,12/08/18,None,None
27565,760000.0,135.0,-19.9704832,-43.96960849999999,4,4,3,3.0,238.0,1100.0,oeste,Buritis,12/08/18,None,None
31288,165000.0,135.0,-19.9600781,-43.99248410000001,2,1,0,3.0,0.0,140.0,oeste,Betânia,12/08/18,None,None
46558,200000.0,100.0,-19.960468300000002,-44.07776380000002,2,1,0,2.0,0.0,150.0,oeste,Nova Gameleira,12/08/18,None,None
51228,205000.0,145.0,-19.9585046,-43.99102429999999,2,1,0,3.0,53.2,300.0,oeste,Betânia,12/08/18,None,None
3216144,218900.0,200.0,-19.8912266,-43.93793970000002,3,1,0,3.0,0.0,170.0,nordeste,Renascença,12/08/18,None,None
1467654,280000.0,524.03,-19.8288577,-43.969405,3,1,1,0.0,950.08,0.0,pampulha,Santa Mônica,12/08/18,None,None
131836,295000.0,170.0,-19.902794,-43.95937200000003,2,2,1,2.0,1.0,190.0,noroeste,Santo André,12/08/18,None,None
338913,300000.0,256.0,-19.9055483,-43.9414994,3,1,0,4.0,0.0,120.0,leste,Floresta,12/08/18,None,None
42917,306990.0,250.0,-19.965172,-43.9833635,2,1,1,5.0,0.0,0.0,oeste,Palmeiras,12/08/18,None,None
42929,312990.0,250.0,-19.965208999999998,-43.9835531,2,1,1,5.0,0.0,0.0,oeste,Palmeiras,12/08/18,None,None
42934,317990.0,90.33,-19.965208999999998,-43.9835531,2,1,1,2.0,0.0,0.0,oeste,Palmeiras,12/08/18,None,None
42944,319990.0,138.0,-19.965208999999998,-43.9835531,2,1,1,3.0,0.0,0.0,oeste,Palmeiras,12/08/18,None,None
131831,450000.0,140.0,-19.903118,-43.95914399999998,2,2,1,2.0,0.0,190.0,noroeste,Santo André,12/08/18,None,None
42949,469990.0,156.55,-19.965208999999998,-43.9835531,2,1,1,3.0,0.0,0.0,oeste,Palmeiras,12/08/18,None,None
131819,500000.0,200.0,-19.903118,-43.95914399999998,2,2,1,3.0,0.0,190.0,noroeste,Santo André,12/08/18,None,None
158997,620000.0,45.0,-19.9437384,-43.95174910000003,3,3,1,1.0,333.0,1200.0,centro-sul,Luxemburgo,12/08/18,None,None
3252542,620000.0,53.46,-19.894042199999998,-43.930791,3,1,1,1.0,215.59,0.0,nordeste,Silveira,12/08/18,None,None
143102,145000.0,48.57,-19.819685500000002,-43.943042200000036,2,1,0,1.0,24.95,180.0,norte,Juliana,12/08/18,None,None
1525812,165000.0,43.57,-19.959353699999998,-43.96610179999999,2,1,0,1.0,20.0,215.0,oeste,Estoril,12/08/18,None,None
1578318,210000.0,62.0,-19.965583,-43.99303900000001,3,1,0,1.0,60.0,180.0,oeste,Cinquentenário,12/08/18,None,None
62799,229900.0,50.0,-19.9448629,-43.976009999999974,2,1,0,1.0,0.0,0.0,oeste,Jardim América,12/08/18,None,None
62971,279900.0,50.0,-19.9448629,-43.976009999999974,2,1,0,1.0,0.0,0.0,oeste,Jardim América,12/08/18,None,None
336636,319900.0,50.0,-19.9448629,-43.976009999999974,2,1,0,1.0,0.0,0.0,oeste,Jardim América,12/08/18,None,None
336637,333400.0,50.23,-19.9448629,-43.976009999999974,2,1,0,1.0,0.0,0.0,oeste,Jardim América,12/08/18,None,None
1602420,333400.0,50.23,-19.944899,-43.97592600000002,2,1,0,1.0,0.0,0.0,oeste,Jardim América,12/08/18,None,None
336638,343400.0,97.64,-19.9448629,-43.976009999999974,2,1,0,1.0,0.0,0.0,oeste,Jardim América,12/08/18,None,None
20517,567000.0,26.81,-19.909862,-43.92615599999999,3,3,1,0.0,200.0,600.0,leste,Sagrada Família,12/08/18,None,None
20512,573000.0,28.41,-19.910135,-43.924843200000005,3,3,1,0.0,200.0,600.0,leste,Sagrada Família,12/08/18,None,None
20515,578000.0,28.41,-19.909862,-43.92615599999999,3,3,1,0.0,200.0,600.0,leste,Sagrada Família,12/08/18,None,None
335071,275000.0,28.41,-19.9116351,-43.90020500000003,2,2,1,0.0,0.0,350.0,leste,Saudade,12/08/18,None,None
3235411,289000.0,52.0,-19.914627,-43.955173899999984,2,1,0,1.0,90.13,300.0,noroeste,Carlos Prates,12/08/18,None,None
141254,310000.0,61.0,-19.964517800000003,-43.97340299999996,3,2,1,1.0,110.0,280.0,oeste,Havaí,12/08/18,None,None
291800,320000.0,28.41,-19.948514000000003,-43.94485199999997,2,1,0,0.0,114.12,401.7,centro-sul,Santo Antônio,12/08/18,None,None
143483,360000.0,28.41,-19.88716,-44.002769,2,2,1,0.0,102.0,262.0,pampulha,Castelo,12/08/18,None,None
353136,750000.0,28.41,-19.941087,-43.941975000000006,2,2,1,0.0,205.12,713.0,centro-sul,Santo Antônio,12/08/18,None,None
48625,2140000.0,28.41,-19.968645000000002,-43.9519196,4,3,3,0.0,949.57,2000.0,centro-sul,Santa Lúcia,12/08/18,None,None
27111,2437500.0,28.41,-19.9675752,-43.9507946,4,3,3,0.0,949.57,2000.0,centro-sul,Santa Lúcia,12/08/18,None,None
727373,115000.0,75.0,-20.0107452,-44.01098669999999,2,1,0,1.0,0.0,199.0,barreiro,Solar do Barreiro (Barreiro),12/08/18,None,None
1581398,120000.0,33.64,-20.0106015,-44.01173900000003,2,1,0,1.0,0.0,150.0,barreiro,Solar do Barreiro (Barreiro),12/08/18,None,None
59263,125000.0,34.01,-19.9770286,-44.01943159999996,2,1,0,1.0,0.0,120.0,barreiro,Solar do Barreiro (Barreiro),12/08/18,None,None
141460,130000.0,34.01,-19.917442899999998,-43.93423740000003,2,1,0,1.0,0.0,150.0,barreiro,Solar do Barreiro (Barreiro),12/08/18,None,None
1841377,130000.0,59.41,-19.98189,-44.034410999999984,2,1,0,1.0,0.0,250.0,barreiro,João Paulo II (Barreiro,12/08/18,None,None
1582728,140000.0,80.0,-19.857213899999998,-43.90883989999998,2,1,0,1.0,0.0,125.0,nordeste,São Gabriel,12/08/18,None,None
349003,150000.0,60.0,-19.9406245,-44.01643469999999,2,1,0,1.0,0.0,180.0,noroeste,Camargos,12/08/18,None,None
3250817,150000.0,33.64,-19.822447600000004,-43.90049269999997,3,1,0,1.0,0.0,130.0,norte,Ribeiro de Abreu,12/08/18,None,None
166174,159000.0,32.95,-19.8010573,-43.99852179999999,2,1,0,1.0,66.14,120.0,venda-nova,Jardim Florência (venda Nova),12/08/18,None,None
348225,160000.0,33.64,-19.9219824,-43.94721779999998,1,1,0,1.0,53.18,410.0,centro-sul,Centro,12/08/18,None,None
3248960,160000.0,50.0,-19.83069,-43.932433,2,1,1,1.0,0.0,180.0,norte,Floramar,12/08/18,None,None
3254768,160000.0,63.0,-19.921837,-44.00565399999999,2,1,0,1.0,27.37,150.0,noroeste,Conjunto Califórnia,12/08/18,None,None
2171398,164500.0,55.0,-19.868102,-43.99497600000001,2,1,1,1.0,90.0,120.0,pampulha,Paquetá,12/08/18,None,None
350866,165000.0,94.0,-19.9407607,-44.01539689999999,2,1,0,1.0,0.0,150.0,noroeste,Camargos,12/08/18,None,None
3238537,165000.0,41.07,-19.886043899999997,-44.00625200000002,2,1,0,1.0,50.0,300.0,pampulha,Serrano,12/08/18,None,None
3239653,168000.0,41.07,-19.8431569,-43.95731090000004,2,1,0,1.0,0.0,150.0,pampulha,Itapoã,12/08/18,None,None
2550058,169000.0,62.75,-19.8424544,-43.98229549999997,2,1,0,1.0,0.0,165.0,pampulha,Santa Amélia,12/08/18,None,None
58908,170000.0,110.0,-19.911959699999997,-43.988078299999984,3,1,0,1.0,0.0,120.0,oeste,Calafate,12/08/18,None,None
366184,170000.0,62.28,-19.8681408,-43.99384129999999,0,1,0,1.0,27.0,150.0,pampulha,Paquetá,12/08/18,None,None
1797144,170000.0,88.15,-19.888737600000002,-44.00185569999997,2,1,0,2.0,0.0,200.0,pampulha,Castelo,12/08/18,None,None
2692230,170000.0,95.0,-19.926507,-44.01371399999999,2,1,0,2.0,70.0,180.0,noroeste,Califórnia,12/08/18,None,None
3149384,170000.0,95.0,-19.8635615,-43.9963065,2,0,0,2.0,23.0,140.0,pampulha,Castelo,12/08/18,None,None
163703,175000.0,62.0,-19.8845747,-43.95737710000003,2,1,0,2.0,22.0,190.0,noroeste,Nova Cachoeirinha,12/08/18,None,None
3240299,177000.0,83.0,-19.96463541246139,-43.97657946242674,2,1,0,2.0,0.0,120.0,oeste,Palmeiras,12/08/18,None,None
135391,178000.0,140.0,-19.8903618,-44.0143693,3,1,1,2.0,50.0,250.0,pampulha,Serrano,12/08/18,None,None
3257517,179000.0,150.0,-19.9465876,-43.97822180000003,2,1,0,1.0,61.37,175.0,oeste,Salgado Filho,12/08/18,None,None
66175,180000.0,150.0,-19.989990600000002,-43.99880239999999,2,1,0,1.0,0.0,150.0,barreiro,Bonsucesso,12/08/18,None,None
354387,180000.0,72.0,-19.9407607,-44.01539689999999,2,1,0,2.0,65.0,150.0,noroeste,Camargos,12/08/18,None,None
144419,183000.0,70.57,-19.996375,-43.99632109999999,3,1,0,2.0,64.3,80.0,barreiro,Flávio Marques Lisboa,12/08/18,None,None
366961,185000.0,82.05,-19.821430300000003,-43.957389499999984,2,1,0,2.0,50.0,220.0,venda-nova,São João Batista (venda Nova),12/08/18,None,None
3240531,185000.0,120.0,-20.0015065,-44.00785339999999,3,1,0,1.0,0.0,100.0,barreiro,Urucuia,12/08/18,None,None
166170,189000.0,82.0,-19.800973000000003,-43.99918500000001,2,1,0,2.0,66.14,120.0,venda-nova,Jardim Florência (venda Nova),12/08/18,None,None
358838,189000.0,82.0,-19.8274999,-43.97069970000001,3,1,0,2.0,74.2,250.0,pampulha,Santa Mônica,12/08/18,None,None
3239985,189000.0,180.0,-19.835604500000002,-43.97109119999999,3,1,1,2.0,110.0,150.0,pampulha,Santa Amélia,12/08/18,None,None
150640,189900.0,96.13,-19.9609631,-43.947529900000006,2,1,0,2.0,0.0,130.0,oeste,Havaí,12/08/18,None,None
142663,190000.0,96.13,-19.8441266,-43.939192700000035,3,1,0,2.0,59.41,150.0,norte,Heliópolis,12/08/18,None,None
339572,190000.0,96.13,-19.8840371,-43.9536286,2,1,0,2.0,67.95,190.0,noroeste,Nova Cachoeirinha,12/08/18,None,None
342839,190000.0,96.13,-19.8862372,-44.00643549999995,2,1,0,2.0,59.0,300.0,pampulha,Serrano,12/08/18,None,None
344552,190000.0,106.0,-19.989863,-43.98935080000001,2,1,0,1.0,26.59,257.74,barreiro,Bonsucesso,12/08/18,None,None
635561,190000.0,96.13,-19.878733999999998,-43.9814427,2,1,0,2.0,74.0,250.0,pampulha,Ouro Preto,12/08/18,None,None
2180378,190000.0,96.13,-19.89126,-43.99618099999998,2,1,0,2.0,1.0,180.0,pampulha,Castelo,12/08/18,None,None
3239841,190000.0,116.23,-19.9876687,-43.99580739999999,2,1,0,2.0,65.27,140.0,barreiro,Bonsucesso,12/08/18,None,None
3245587,190000.0,96.13,-19.898248199999998,-44.01212870000001,2,1,0,2.0,61.7,200.0,noroeste,São Salvador,12/08/18,None,None
136188,195000.0,96.13,-19.9562342,-43.99191110000004,2,1,0,2.0,65.21,156.0,oeste,Betânia,12/08/18,None,None
3250999,195000.0,96.13,-19.8843828,-43.956790300000016,2,1,0,2.0,27.37,250.0,noroeste,Nova Cachoeirinha,12/08/18,None,None
2234774,197000.0,85.0,-19.992456,-44.00377570000001,2,1,0,2.0,26.0,180.0,barreiro,Flávio Marques Lisboa,12/08/18,None,None
3252669,198000.0,96.13,-19.991166,-44.00214460000001,2,1,0,2.0,27.37,170.0,barreiro,Flávio Marques Lisboa,12/08/18,None,None
158086,199000.0,96.13,-19.869032,-43.91830299999998,3,1,0,2.0,80.0,170.0,nordeste,Fernão Dias,12/08/18,None,None
183054,199000.0,96.13,-20.0060859,-44.01779190000002,2,1,0,2.0,91.0,150.0,barreiro,Brasil Industrial (Barreiro),12/08/18,None,None
183056,199000.0,96.13,-20.0054418,-44.01753980000001,2,1,0,2.0,91.0,150.0,barreiro,Cardoso,12/08/18,None,None
341826,199000.0,118.0,-19.937593,-43.98101700000001,2,1,0,2.0,70.9,200.0,oeste,Salgado Filho,12/08/18,None,None
1933358,199000.0,118.0,-19.8355456,-43.97124740000004,3,1,1,2.0,95.0,150.0,pampulha,Santa Amélia,12/08/18,None,None
26629,200000.0,118.0,-19.9142537,-43.94996709999998,2,1,0,2.0,31.19,190.0,noroeste,Carlos Prates,12/08/18,None,None
26630,200000.0,118.0,-19.9142537,-43.94996709999998,2,1,0,2.0,31.19,190.0,noroeste,Carlos Prates,12/08/18,None,None
349808,200000.0,118.0,-19.8310737,-43.932163300000006,3,1,0,2.0,61.69,160.0,norte,Jardim Guanabara,12/08/18,None,None
3211366,200000.0,118.0,-19.908423000000003,-44.002513799999974,3,1,0,2.0,72.0,250.0,noroeste,Ipanema,12/08/18,None,None
3234609,200000.0,118.0,-19.8750335,-44.01418590000003,3,1,0,2.0,0.0,160.0,pampulha,Serrano,12/08/18,None,None
3238566,200000.0,122.0,-19.8445988,-43.98131169999999,3,1,0,2.0,60.0,20.0,pampulha,Jardim Atlântico,12/08/18,None,None
151459,205000.0,122.0,-19.925713000000002,-43.99882079999998,2,1,0,2.0,64.44,270.0,noroeste,João Pinheiro,12/08/18,None,None
368176,205000.0,118.0,-19.891037100000002,-43.99420729999997,2,1,0,2.0,190.0,89.0,pampulha,Manacás,12/08/18,None,None
3234157,205000.0,118.0,-19.8695377,-43.99655619999999,2,1,0,2.0,10.0,200.0,pampulha,Paquetá,12/08/18,None,None
3245297,205000.0,118.0,-19.887447,-44.00020599999999,2,1,0,2.0,60.0,200.0,pampulha,Castelo,12/08/18,None,None
162528,210000.0,118.0,-20.0129262,-44.03668240000002,2,1,0,2.0,67.3,190.0,barreiro,Petrópolis (vale do Jatobá),12/08/18,None,None
162694,210000.0,118.0,-20.0129262,-44.03668240000002,2,1,0,2.0,67.3,190.0,barreiro,Petrópolis (vale do Jatobá),12/08/18,None,None
170030,210000.0,118.0,-19.9142537,-43.94996709999998,3,1,0,2.0,63.23,190.0,noroeste,Carlos Prates,12/08/18,None,None
3251988,210000.0,118.0,-19.891114899999998,-43.99922079999999,2,1,0,2.0,101.0,150.0,pampulha,Manacás,12/08/18,None,None
1672231,215000.0,118.0,-19.882266199999997,-44.00884980000001,2,1,0,2.0,10.0,150.0,pampulha,Serrano,12/08/18,None,None
2496850,215000.0,118.0,-19.8353919,-43.97134170000004,3,1,1,2.0,80.0,319.0,pampulha,Santa Amélia,12/08/18,None,None
3215733,215000.0,160.0,-19.8818242,-43.98238730000003,3,2,1,3.0,70.0,191.0,pampulha,Ouro Preto,12/08/18,None,None
169155,220000.0,134.46,-20.0033694,-44.019180300000016,2,1,0,2.0,120.0,200.0,barreiro,Novo Santa Cecília (Barreiro),12/08/18,None,None
354703,220000.0,134.46,-19.8818242,-43.98238730000003,2,2,1,2.0,67.54,180.0,pampulha,Ouro Preto,12/08/18,None,None
1580319,220000.0,118.0,-19.9831069,-44.01049639999997,3,1,0,2.0,297.0,245.0,barreiro,Santa Helena (barreiro),12/08/18,None,None
1694819,220000.0,118.0,-19.8164944,-43.986327500000016,2,1,0,2.0,27.37,120.0,venda-nova,Rio Branco,12/08/18,None,None
1694945,220000.0,118.0,-19.8164944,-43.986327500000016,2,1,0,2.0,27.37,120.0,venda-nova,Rio Branco,12/08/18,None,None
2539640,220000.0,60.0,-19.928379999999997,-43.91619609999998,2,1,0,1.0,9.91,220.0,leste,São Lucas,12/08/18,None,None
2878383,220000.0,60.0,-19.9377025,-43.9184558,2,1,0,1.0,0.0,210.0,centro-sul,Serra,12/08/18,None,None
3236363,220000.0,118.0,-19.8776287,-43.99626520000004,2,1,0,2.0,89.5,250.0,pampulha,Castelo,12/08/18,None,None
3242041,220000.0,130.0,-19.931778,-44.0151899,3,1,0,3.0,70.9,250.0,noroeste,Santa Maria,12/08/18,None,None
3251643,220000.0,170.0,-19.909482,-43.935249,2,1,0,2.0,123.0,345.0,leste,Floresta,12/08/18,None,None
3252678,220000.0,150.0,-19.9917831,-44.0022227,2,1,0,2.0,61.27,170.0,barreiro,Flávio Marques Lisboa,12/08/18,None,None
358516,225000.0,58.0,-19.896906,-44.01391000000001,2,1,0,2.0,90.0,200.0,noroeste,Glória,12/08/18,None,None
358530,225000.0,159.0,-19.896906,-44.01391000000001,2,1,0,2.0,90.0,200.0,noroeste,Glória,12/08/18,None,None
1533722,225000.0,159.0,-19.89355,-44.00168499999995,3,1,0,2.0,60.0,130.0,noroeste,Alípio de Melo,12/08/18,None,None
1736168,225000.0,126.0,-19.8889179,-43.9950624,2,1,0,2.0,90.0,250.0,pampulha,Castelo,12/08/18,None,None
1831889,225000.0,126.0,-19.901747,-43.88904179999997,2,1,0,2.0,67.0,50.0,leste,São Geraldo,12/08/18,None,None
2683303,227000.0,239.72,-19.8715832,-43.94329700000003,3,1,0,3.0,61.93,150.0,nordeste,Palmares,12/08/18,None,None
191700,229000.0,197.92,-19.9861855,-44.03229579999999,3,1,0,2.0,29.0,150.0,barreiro,Teixeira Dias,12/08/18,None,None
218473,229000.0,181.59,-20.0052448,-44.00832579999997,2,2,1,3.0,60.0,50.0,barreiro,Cardoso,12/08/18,None,None
3243501,229000.0,110.0,-19.8800007,-43.99188129999999,2,1,1,3.0,960.0,230.0,pampulha,Paquetá,12/08/18,None,None
336527,229900.0,144.0,-19.891036399999997,-43.99422609999999,2,1,0,4.0,89.0,190.0,pampulha,Castelo,12/08/18,None,None
141332,230000.0,197.92,-19.9827276,-44.010909700000006,3,1,0,2.0,56.65,205.0,barreiro,Santa Helena (barreiro),12/08/18,None,None
154251,230000.0,241.69,-19.8294758,-43.99382749999995,3,2,0,2.0,64.84,150.0,venda-nova,Parque Leblon,12/08/18,None,None
277416,230000.0,241.69,-19.8187608,-43.94470899999999,2,1,0,2.0,27.22,200.0,norte,Juliana,12/08/18,None,None
1621502,230000.0,160.0,-19.895407000000002,-43.99754100000001,2,1,0,2.0,108.0,620.0,pampulha,Manacás,12/08/18,None,None
1944001,230000.0,126.83,-19.895898000000003,-43.924171,2,1,0,2.0,79.44,250.0,leste,Sagrada Família,12/08/18,None,None
1966915,230000.0,126.83,-19.8939081,-44.003415200000006,3,1,0,2.0,95.0,160.0,noroeste,Alípio de Melo,12/08/18,None,None
3109033,230000.0,380.0,-19.9215627,-43.90851680000003,2,1,0,4.0,27.0,150.0,leste,Paraíso,12/08/18,None,None
3234618,230000.0,380.0,-19.8969444,-43.99747120000001,2,1,1,4.0,70.0,270.0,pampulha,Manacás,12/08/18,None,None
3242026,230000.0,160.67,-19.894784962973212,-43.92215520104981,2,1,0,4.0,0.0,315.0,leste,Sagrada Família,12/08/18,None,None
365822,235000.0,146.04,-19.89226,-43.99917900000003,2,1,0,2.0,72.0,250.0,pampulha,Manacás,12/08/18,None,None
1745810,235000.0,78.0,-20.0053686,-44.00879459999999,2,1,1,2.0,50.0,150.0,barreiro,Cardoso,12/08/18,None,None
3244392,237000.0,280.0,-19.9572003,-43.98361740000002,2,1,0,4.0,68.66,310.31,oeste,Betânia,12/08/18,None,None
346572,238000.0,82.0,-19.9415399,-43.98047400000002,2,1,0,2.0,72.0,180.0,oeste,Salgado Filho,12/08/18,None,None
3253210,238000.0,82.0,-19.980236399999995,-43.96881880000001,2,1,0,2.0,71.8,200.0,oeste,Buritis,12/08/18,None,None
3240264,238500.0,124.55,-19.89226,-43.99917900000003,2,2,1,3.0,100.0,167.0,pampulha,Manacás,12/08/18,None,None
3233836,239000.0,124.55,-19.974597600000003,-43.965185700000006,3,2,1,3.0,86.23,350.0,oeste,Buritis,12/08/18,None,None
3235682,239000.0,50.0,-19.8975613,-44.01253129999998,3,1,0,1.0,748.0,200.0,noroeste,Glória,12/08/18,None,None
1691805,239900.0,70.0,-19.935215799999998,-43.97978649999999,3,1,0,1.0,62.68,184.73,oeste,Salgado Filho,12/08/18,None,None
124828,240000.0,100.0,-19.931618,-43.99501079999999,3,2,0,1.0,65.47,180.0,noroeste,João Pinheiro,12/08/18,None,None
132290,240000.0,50.0,-19.880074,-43.933115000000036,3,1,1,1.0,74.0,320.0,nordeste,Ipiranga,12/08/18,None,None
162297,240000.0,50.0,-19.9354206,-43.9225414,2,1,0,1.0,70.0,250.0,centro-sul,Serra,12/08/18,None,None
347283,240000.0,75.0,-19.9427159,-43.983319600000016,3,2,1,1.0,25.0,180.0,oeste,Salgado Filho,12/08/18,None,None
367052,240000.0,48.0,-19.875756399999997,-43.99423890000003,2,1,0,1.0,101.0,220.0,pampulha,Castelo,12/08/18,None,None
1701949,240000.0,51.59,-19.9570583,-43.98361420000003,2,0,0,1.0,68.24,286.65,oeste,Vista Alegre,12/08/18,None,None
2225489,240000.0,51.59,-19.8364728,-43.9357617,3,2,1,1.0,87.34,210.0,norte,Floramar,12/08/18,None,None
3238590,240000.0,54.0,-19.8445988,-43.98131169999999,2,1,0,2.0,60.0,20.0,pampulha,Jardim Atlântico,12/08/18,None,None
3244072,240000.0,52.85,-19.8931012,-44.00069910000002,3,1,0,2.0,55.0,150.0,pampulha,Castelo,12/08/18,None,None
129160,245000.0,86.0,-19.943120999999998,-43.96750800000001,2,1,0,2.0,69.61,240.0,oeste,Nova Granada,12/08/18,None,None
166102,245000.0,69.27,-19.8009832,-43.999442499999994,2,1,0,2.0,66.14,120.0,venda-nova,Jardim Florência (venda Nova),12/08/18,None,None
346071,245000.0,83.83,-19.9033483,-43.94372909999999,2,1,0,2.0,78.51,300.0,noroeste,São Cristóvão,12/08/18,None,None
2403619,245000.0,83.83,-19.8765208,-43.992309799999994,2,2,1,2.0,79.62,424.0,pampulha,Castelo,12/08/18,None,None
3253717,247000.0,182.0,-19.9692461,-43.96780239999998,3,2,1,3.0,88.12,260.0,oeste,Buritis,12/08/18,None,None
3243920,248000.0,182.0,-19.839205,-43.941007000000006,2,1,1,3.0,71.89,225.0,norte,Heliópolis,12/08/18,None,None
206132,249000.0,183.0,-19.9754424,-43.966510200000016,3,2,1,3.0,74.55,160.0,oeste,Buritis,12/08/18,None,None
363990,249000.0,120.0,-20.0053549,-44.007983500000016,2,1,1,2.0,50.0,150.0,barreiro,Cardoso,12/08/18,None,None
3250038,249000.0,120.0,-19.9698476,-43.96892300000002,3,2,1,2.0,90.81,290.0,oeste,Buritis,12/08/18,None,None
16309,249900.0,190.31,-19.800833100000002,-44.00028629999997,2,2,1,2.0,72.0,150.0,venda-nova,Jardim Florência (venda Nova),12/08/18,None,None
58246,250000.0,126.0,-19.9144944,-43.92421969999998,2,1,0,2.0,53.0,100.0,venda-nova,Jardim Leblon,12/08/18,None,None
338385,250000.0,66.0,-19.8156682,-43.9800396,3,1,1,1.0,46.0,220.0,venda-nova,Candelária,12/08/18,None,None
343802,250000.0,57.0,-20.007469600000004,-44.01214210000001,2,2,1,1.0,50.0,150.0,barreiro,Cardoso,12/08/18,None,None
346901,250000.0,66.0,-19.8769293,-43.994286200000026,2,1,1,1.0,72.0,352.0,pampulha,Castelo,12/08/18,None,None
367445,250000.0,66.0,-19.8871802,-43.99768560000001,3,1,1,1.0,102.0,190.0,pampulha,Castelo,12/08/18,None,None
1702227,250000.0,57.0,-19.9694514,-43.96896700000002,2,1,0,1.0,98.0,330.0,oeste,Estoril,12/08/18,None,None
2059045,250000.0,67.4,-19.9128271,-43.90096410000001,2,2,1,0.0,95.27,320.8,leste,Pompéia,12/08/18,None,None
2154556,250000.0,70.0,-19.8937152,-44.000633799999996,3,1,0,1.0,80.0,160.0,pampulha,Castelo,12/08/18,None,None
2550055,250000.0,69.3,-19.8398665,-43.98891449999997,2,1,0,2.0,50.0,50.0,pampulha,Copacabana,12/08/18,None,None
3250109,250000.0,69.3,-19.928876753939022,-44.001321138623034,3,2,0,2.0,73.49,150.0,noroeste,João Pinheiro,12/08/18,None,None
3254079,250000.0,100.0,-19.935147,-43.95687599999997,2,1,0,2.0,0.0,230.0,oeste,Gutierrez,12/08/18,None,None
3254991,250000.0,190.0,-19.8214596,-43.949180599999984,3,1,1,2.0,64.56,193.46,venda-nova,Venda Nova,12/08/18,None,None
3249770,255000.0,220.0,-19.892429838075586,-43.9475209682617,2,1,1,3.0,66.14,150.0,nordeste,Cachoeirinha,12/08/18,None,None
39917,260000.0,120.0,-19.903853,-43.88331570000002,2,1,0,1.0,60.0,180.0,leste,Santa Inês,12/08/18,None,None
161955,260000.0,44.0,-19.833747600000002,-43.968434099999975,2,1,0,1.0,90.0,350.0,pampulha,Santa Branca,12/08/18,None,None
166198,260000.0,40.95,-19.801073899999988,-43.999399906884776,3,1,0,1.0,66.14,120.0,venda-nova,Jardim Florência (venda Nova),12/08/18,None,None
183024,260000.0,40.95,-19.8978495,-44.01292319999999,3,1,1,1.0,95.0,170.0,noroeste,Alípio de Melo,12/08/18,None,None
342884,260000.0,40.0,-19.8959117,-44.00394549999999,2,1,0,0.0,50.0,150.0,noroeste,Alípio de Melo,12/08/18,None,None
353669,260000.0,40.0,-19.893197699999998,-43.93268840000002,2,1,1,0.0,85.0,170.0,nordeste,Nova Floresta,12/08/18,None,None
495356,260000.0,40.0,-19.8708898,-44.00449420000001,2,1,1,0.0,1.0,1.0,pampulha,Santa Terezinha,12/08/18,None,None
1519890,260000.0,57.0,-19.9050068,-43.96619699999997,2,2,1,1.0,76.39,250.0,noroeste,Pedro II,12/08/18,None,None
2334352,260000.0,73.05,-19.944017000000002,-43.927281,2,1,0,2.0,91.28,250.0,centro-sul,Cruzeiro,12/08/18,None,None
2708028,260000.0,73.05,-19.8892117,-44.00623960000002,2,2,1,2.0,90.0,250.0,pampulha,Manacás,12/08/18,None,None
2708031,260000.0,82.0,-19.8892117,-44.00623960000002,2,2,1,1.0,90.0,250.0,pampulha,Manacás,12/08/18,None,None
2708032,260000.0,140.0,-19.8892117,-44.00623960000002,2,2,1,2.0,90.0,250.0,pampulha,Manacás,12/08/18,None,None
3236591,260000.0,45.0,-19.901715399999997,-43.92105850000002,3,1,0,1.0,0.0,190.0,leste,Sagrada Família,12/08/18,None,None
3244145,260000.0,50.0,-19.9633787,-43.96536649999996,3,1,0,1.0,42.54,205.0,oeste,Estoril,12/08/18,None,None
3246280,260000.0,50.0,-19.9383069,-43.99056919999998,3,2,1,1.0,63.0,408.0,oeste,Nova Gameleira,12/08/18,None,None
3249851,260000.0,45.0,-19.881342999999998,-44.00002599999999,2,2,1,1.0,110.0,270.0,pampulha,Castelo,12/08/18,None,None
3255504,260000.0,45.0,-19.8865177,-43.99780120000002,2,1,1,1.0,93.0,180.0,pampulha,Castelo,12/08/18,None,None
160607,265000.0,50.32,-19.8761087,-43.99665060000001,3,1,1,1.0,0.01,170.0,pampulha,Castelo,12/08/18,None,None
336242,265000.0,45.26,-19.8266077,-43.94788890000001,2,2,1,1.0,73.89,280.0,norte,Vila Cloris,12/08/18,None,None
3241193,265000.0,50.0,-19.8970933,-43.97466429999997,2,2,0,1.0,77.27,200.0,noroeste,Caiçaras,12/08/18,None,None
3257443,265000.0,50.0,-19.9375188,-43.97472019999998,2,1,0,1.0,86.0,280.0,oeste,Nova Suíssa,12/08/18,None,None
343566,267000.0,45.0,-19.925176399999998,-43.904083600000035,2,1,1,1.0,91.0,250.0,leste,Paraíso,12/08/18,None,None
154373,269000.0,45.0,-19.915676,-43.951484,3,3,1,1.0,113.0,550.0,noroeste,Carlos Prates,12/08/18,None,None
359459,269000.0,45.0,-19.824528,-43.98136,3,1,1,1.0,1.0,1.0,pampulha,Santa Mônica,12/08/18,None,None
1695769,269000.0,44.44,-19.8164944,-43.986327500000016,2,1,0,1.0,69.69,120.0,venda-nova,Rio Branco,12/08/18,None,None
2476870,269000.0,42.0,-19.8731073,-43.920334200000006,3,1,0,1.0,103.66,170.0,nordeste,Fernão Dias,12/08/18,None,None
346566,270000.0,47.0,-19.9041802,-43.92789640000001,2,1,0,1.0,67.75,150.0,leste,Sagrada Família,12/08/18,None,None
350140,270000.0,51.0,-19.977677,-43.96430269999996,3,2,1,0.0,84.47,330.0,oeste,Buritis,12/08/18,None,None
352020,270000.0,48.0,-19.872879,-43.920820700000036,2,1,0,1.0,87.14,200.0,nordeste,Fernão Dias,12/08/18,None,None
352634,270000.0,48.0,-19.8997147,-43.96874279999997,2,1,1,1.0,102.44,350.0,noroeste,Caiçaras,12/08/18,None,None
354150,270000.0,55.0,-19.918464999999998,-43.87481200000002,2,1,0,1.0,0.0,160.0,leste,Floresta,12/08/18,None,None
495355,270000.0,41.11,-19.8708898,-44.00449420000001,2,1,1,1.0,1.0,1.0,pampulha,Santa Terezinha,12/08/18,None,None
853147,270000.0,41.11,-19.8150455,-43.95441879999999,3,1,0,1.0,67.91,302.1,venda-nova,Parque São Pedro (venda,12/08/18,None,None
1845852,270000.0,50.0,-19.879394100000003,-43.98159820000001,3,1,1,1.0,100.0,160.0,pampulha,Ouro Preto,12/08/18,None,None
3242526,270000.0,50.0,-19.90500319715685,-43.933576593917856,2,1,0,1.0,86.02,300.0,leste,Floresta,12/08/18,None,None
350080,274000.0,48.0,-19.897285600000004,-43.919102200000005,2,1,0,1.0,68.52,180.0,leste,Sagrada Família,12/08/18,None,None
145072,275000.0,50.0,-19.8963201,-43.93110000000002,2,2,1,1.0,60.0,311.0,nordeste,Silveira,12/08/18,None,None
341152,275000.0,43.68,-19.8942343,-43.93207799999999,3,3,0,1.0,83.0,250.0,nordeste,Silveira,12/08/18,None,None
2538484,275000.0,60.0,-19.839911008523238,-43.96060904813231,2,2,1,1.0,110.0,150.0,pampulha,Itapoã,12/08/18,None,None
3249208,275000.0,60.0,-19.900177234665147,-43.935823659246815,3,1,1,1.0,77.1,150.0,nordeste,Concórdia,12/08/18,None,None
36830,278000.0,50.0,-19.926503,-43.97872200000001,2,2,0,1.0,65.0,245.0,oeste,Nova Suíssa,12/08/18,None,None
1933796,279000.0,50.0,-19.889342000000003,-43.99424669999996,2,1,1,1.0,110.0,210.0,pampulha,Castelo,12/08/18,None,None
16981,280000.0,50.0,-19.9374268,-43.96373599999998,3,2,0,1.0,80.0,250.0,oeste,Gutierrez,12/08/18,None,None
146197,280000.0,54.46,-19.9009617,-43.91727760000003,2,2,0,1.0,0.0,200.0,leste,Sagrada Família,12/08/18,None,None
792194,280000.0,54.46,-19.897147,-43.91990440000001,2,1,1,1.0,96.48,260.0,leste,Sagrada Família,12/08/18,None,None
1581602,280000.0,50.0,-19.971150899999998,-44.017258399999996,2,1,0,1.0,77.07,264.0,barreiro,Barreiro,12/08/18,None,None
1754968,280000.0,50.0,-19.936343899999997,-43.91900499999997,3,3,1,1.0,103.45,180.0,centro-sul,Serra,12/08/18,None,None
3233868,280000.0,52.0,-19.923022,-43.91372890000002,2,1,0,1.0,76.0,300.0,centro-sul,Santa Efigênia,12/08/18,None,None
149394,282000.0,52.0,-19.9448256,-43.96581309999999,3,2,0,1.0,0.0,350.0,oeste,Nova Granada,12/08/18,None,None
27721,284900.0,50.0,-19.88409493977801,-43.99256315606692,2,1,0,1.0,75.0,200.0,pampulha,Castelo,12/08/18,None,None
250429,289000.0,50.0,-19.8763745,-43.99882930000001,3,1,0,1.0,90.0,180.0,pampulha,Castelo,12/08/18,None,None
327591,289000.0,70.65,-19.9668408,-43.96866990000001,2,1,0,1.0,114.3,333.5,oeste,Buritis,12/08/18,None,None
8314,290000.0,70.65,-19.826781,-43.94909849999999,2,2,1,1.0,50.0,170.0,norte,Vila Cloris,12/08/18,None,None
49875,290000.0,60.0,-19.8937333,-43.95124970000001,3,1,0,1.0,0.0,210.0,nordeste,Renascença,12/08/18,None,None
149787,290000.0,50.0,-19.8899957,-43.90082159999997,3,1,0,1.0,71.36,190.0,leste,Nova Vista,12/08/18,None,None
152931,290000.0,60.0,-19.8970896,-43.93228550000004,3,2,1,2.0,76.31,150.0,nordeste,Renascença,12/08/18,None,None
335057,290000.0,50.37,-19.8916722,-43.99096070000002,3,1,1,1.0,90.0,300.0,pampulha,Paquetá,12/08/18,None,None
345954,290000.0,72.0,-19.892225399999997,-43.93638450000003,3,2,1,1.0,1.0,1.0,nordeste,Renascença,12/08/18,None,None
345999,290000.0,69.3,-19.892225399999997,-43.93638450000003,3,2,1,1.0,1.0,1.0,nordeste,Renascença,12/08/18,None,None
346027,290000.0,46.77,-19.892225399999997,-43.93638450000003,3,2,1,1.0,1.0,1.0,nordeste,Renascença,12/08/18,None,None
351619,290000.0,61.62,-19.88028,-43.989858700000006,2,2,1,0.0,94.0,180.0,pampulha,Paquetá,12/08/18,None,None
406721,290000.0,50.0,-19.888147,-43.99476200000004,3,2,1,2.0,105.0,550.0,pampulha,Castelo,12/08/18,None,None
495359,290000.0,45.0,-19.8708898,-44.00449420000001,2,1,1,1.0,1.0,1.0,pampulha,Santa Terezinha,12/08/18,None,None
3237155,290000.0,55.0,-19.892225399999997,-43.93638450000003,3,2,1,1.0,1.0,1.0,nordeste,Renascença,12/08/18,None,None
3242572,290000.0,50.0,-19.897043,-43.92049900000001,2,2,1,1.0,87.4,250.0,leste,Sagrada Família,12/08/18,None,None
36274,295000.0,50.0,-19.967721899999997,-43.95758690000002,2,1,0,1.0,64.0,180.0,oeste,Estoril,12/08/18,None,None
164640,295000.0,60.0,-19.8690374,-43.92105500000002,2,1,0,1.0,88.54,210.0,nordeste,São Paulo,12/08/18,None,None
342146,295000.0,65.0,-19.879917300000002,-43.93382729999996,2,1,0,1.0,81.63,400.0,nordeste,Ipiranga,12/08/18,None,None
345997,295000.0,55.0,-19.892225399999997,-43.93638450000003,3,2,1,1.0,1.0,1.0,nordeste,Renascença,12/08/18,None,None
346006,295000.0,72.0,-19.892225399999997,-43.93638450000003,3,2,1,1.0,1.0,1.0,nordeste,Renascença,12/08/18,None,None
346017,295000.0,50.0,-19.892225399999997,-43.93638450000003,3,2,1,1.0,1.0,1.0,nordeste,Renascença,12/08/18,None,None
352585,295000.0,70.0,-19.9116325,-43.93214030000002,3,1,1,1.0,60.66,250.0,leste,Floresta,12/08/18,None,None
2795310,295000.0,53.64,-19.89570498454809,-43.99455565606689,3,2,1,1.0,90.0,160.0,pampulha,Manacás,12/08/18,None,None
3235155,295000.0,53.64,-19.949696600000003,-43.94257979999998,3,3,1,1.0,164.1,650.0,centro-sul,Santo Antônio,12/08/18,None,None
3243534,295000.0,53.0,-19.947715,-43.92649230000001,1,1,1,1.0,118.73,470.0,centro-sul,Anchieta,12/08/18,None,None
363013,297000.0,47.0,-19.916025100000002,-43.98759530000001,3,1,0,1.0,100.72,320.0,noroeste,Padre Eustáquio,12/08/18,None,None
2093066,298000.0,54.28,-19.8682584,-43.99411620000001,2,1,1,1.0,117.0,300.0,pampulha,Paquetá,12/08/18,None,None
3233886,298000.0,86.0,-19.918422,-43.87467290000001,3,2,1,1.0,79.0,290.0,leste,Floresta,12/08/18,None,None
3241231,298000.0,86.0,-19.9334907,-43.96980009999999,3,1,0,1.0,68.23,200.0,oeste,Alto Barroca,12/08/18,None,None
60391,299000.0,45.77,-19.880361699999998,-44.00691359999996,3,1,1,1.0,115.0,200.0,pampulha,Serrano,12/08/18,None,None
495357,299000.0,48.0,-19.8708419,-44.00442859999998,2,1,1,1.0,1.0,1.0,pampulha,Santa Terezinha,12/08/18,None,None
1576984,299000.0,52.0,-19.8799488,-43.99154039999996,3,2,1,1.0,125.29,383.0,pampulha,Paquetá,12/08/18,None,None
3235986,299600.0,50.32,-19.870014899999997,-43.98744690000001,3,2,1,1.0,1.0,180.0,pampulha,Ouro Preto,12/08/18,None,None
36996,300000.0,66.0,-19.872227,-43.9974919,2,1,1,1.0,62.0,320.0,pampulha,Paquetá,12/08/18,None,None
60973,300000.0,50.0,-19.9114771,-43.97557130000001,3,2,1,1.0,75.49,270.0,noroeste,Monsenhor Messias,12/08/18,None,None
138431,300000.0,57.0,-19.888039199999998,-43.89449339999999,2,2,1,0.0,90.0,180.0,leste,Nova Vista,12/08/18,None,None
159493,300000.0,70.0,-19.8287361,-43.99376810000001,3,1,1,1.0,90.0,120.0,pampulha,Copacabana,12/08/18,None,None
331206,300000.0,70.0,-19.8246577,-44.05331309999997,3,1,1,1.0,62.27,185.0,norte,Heliópolis,12/08/18,None,None
346019,300000.0,65.1,-19.892225399999997,-43.93638450000003,3,2,1,1.0,1.0,1.0,nordeste,Renascença,12/08/18,None,None
346020,300000.0,55.0,-19.892225399999997,-43.93638450000003,3,2,1,1.0,1.0,1.0,nordeste,Renascença,12/08/18,None,None
346040,300000.0,48.0,-19.892225399999997,-43.93638450000003,3,2,1,1.0,1.0,1.0,nordeste,Renascença,12/08/18,None,None
354422,300000.0,48.0,-19.871825199999996,-43.99599260000002,3,1,1,2.0,100.0,280.0,pampulha,Paquetá,12/08/18,None,None
367338,300000.0,61.4,-19.9025519,-43.92970259999999,2,1,0,1.0,117.98,226.48,leste,Graça,12/08/18,None,None
486324,300000.0,45.0,-19.9551914,-43.97831710000003,2,1,1,1.0,63.55,180.0,oeste,Havaí,12/08/18,None,None
1467894,300000.0,47.42,-19.9055086,-43.93284999999997,3,1,0,1.0,58.25,200.0,leste,Floresta,12/08/18,None,None
1581500,300000.0,64.42,-19.972986,-43.97143399999999,3,2,1,1.0,88.98,360.0,oeste,Buritis,12/08/18,None,None
160584,305000.0,64.42,-19.8881573,-43.994731099999974,3,1,1,1.0,120.0,440.0,pampulha,Castelo,12/08/18,None,None
2362500,305000.0,48.0,-19.8992101,-43.92901789999996,3,2,0,1.0,113.4,300.0,leste,Graça,12/08/18,None,None
3238007,305000.0,56.02,-19.9395219,-43.9799228,3,1,1,1.0,78.99,275.0,oeste,Salgado Filho,12/08/18,None,None
3256893,305000.0,48.66,-19.892051000000002,-43.99567999999999,2,2,1,1.0,89.58,180.0,pampulha,Castelo,12/08/18,None,None
3255364,309000.0,48.66,-19.889023,-43.99524100000002,3,1,1,1.0,110.0,150.0,pampulha,Castelo,12/08/18,None,None
158478,310000.0,40.0,-19.9119238,-43.99146389999999,3,1,0,1.0,69.8,180.0,noroeste,Padre Eustáquio,12/08/18,None,None
189926,310000.0,84.0,-19.9586277,-43.9666537,3,3,1,1.0,111.68,400.0,oeste,Estoril,12/08/18,None,None
343960,310000.0,84.0,-19.875698,-43.989752100000025,3,1,1,1.0,90.0,265.0,pampulha,Ouro Preto,12/08/18,None,None
344064,310000.0,48.0,-19.929698899999998,-43.96426229999997,3,3,1,1.0,99.26,300.0,oeste,Barroca,12/08/18,None,None
346026,310000.0,50.0,-19.892225399999997,-43.93638450000003,3,2,1,1.0,1.0,1.0,nordeste,Renascença,12/08/18,None,None
346039,310000.0,50.0,-19.892225399999997,-43.93638450000003,3,2,1,1.0,1.0,1.0,nordeste,Renascença,12/08/18,None,None
365968,310000.0,48.66,-19.9025519,-43.92970259999999,3,2,1,1.0,125.04,368.8,leste,Graça,12/08/18,None,None
1529426,310000.0,48.66,-19.903929,-43.91836000000001,3,1,1,1.0,90.0,325.0,leste,Sagrada Família,12/08/18,None,None
2491298,310000.0,50.0,-19.935723,-43.96084999999999,3,1,0,1.0,0.0,282.0,oeste,Gutierrez,12/08/18,None,None
3240377,310000.0,43.0,-19.936912,-43.963626999999974,3,2,0,1.0,98.84,339.0,oeste,Gutierrez,12/08/18,None,None
3248365,310000.0,43.0,-19.8906633,-43.99427489999999,3,2,1,1.0,107.0,220.0,pampulha,Castelo,12/08/18,None,None
346031,312000.0,47.45,-19.892225399999997,-43.93638450000003,3,2,1,1.0,1.0,1.0,nordeste,Renascença,12/08/18,None,None
346032,315000.0,55.0,-19.892225399999997,-43.93638450000003,3,2,1,1.0,1.0,1.0,nordeste,Renascença,12/08/18,None,None
346062,315000.0,55.0,-19.892225399999997,-43.93638450000003,3,2,1,1.0,1.0,1.0,nordeste,Renascença,12/08/18,None,None
3254085,315000.0,55.0,-19.9019701,-43.91357970000002,3,2,0,1.0,106.53,200.0,leste,Sagrada Família,12/08/18,None,None
3257844,315000.0,65.0,-19.969514,-43.96903550000002,4,2,1,1.0,106.83,300.0,oeste,Estoril,12/08/18,None,None
346052,317000.0,55.0,-19.892225399999997,-43.93638450000003,3,2,1,1.0,1.0,1.0,nordeste,Renascença,12/08/18,None,None
19643,320000.0,55.0,-19.9392943,-43.94868150000002,3,1,0,1.0,49.9,180.0,centro-sul,Cidade Jardim,12/08/18,None,None
19755,320000.0,109.37,-19.8883892,-43.92644210000003,3,2,1,1.0,120.0,250.0,leste,Cidade Nova,12/08/18,None,None
186777,320000.0,70.0,-19.9406836,-43.91981069999997,2,1,0,1.0,105.03,250.0,centro-sul,Serra,12/08/18,None,None
339170,320000.0,60.0,-19.890999100000002,-43.994205599999994,2,2,1,0.0,76.0,220.0,pampulha,Pampulha,12/08/18,None,None
339540,320000.0,75.0,-19.9064658,-43.93888129999999,3,2,1,1.0,92.0,270.0,leste,Floresta,12/08/18,None,None
346049,320000.0,50.0,-19.892225399999997,-43.93638450000003,3,2,1,1.0,1.0,1.0,nordeste,Renascença,12/08/18,None,None
346063,320000.0,60.0,-19.892225399999997,-43.93638450000003,3,2,1,1.0,1.0,1.0,nordeste,Renascença,12/08/18,None,None
346074,320000.0,98.2,-19.892225399999997,-43.93638450000003,3,2,1,1.0,1.0,1.0,nordeste,Renascença,12/08/18,None,None
1672478,320000.0,50.0,-19.878964,-43.99581699999999,3,1,0,1.0,68.0,260.0,pampulha,Castelo,12/08/18,None,None
1672651,320000.0,50.0,-19.9293565,-43.97798769999997,3,1,1,1.0,84.86,323.4,oeste,Nova Suíssa,12/08/18,None,None
1737186,320000.0,69.68,-19.878766,-43.99784999999997,2,1,1,1.0,110.0,250.0,pampulha,Castelo,12/08/18,None,None
3249002,320000.0,130.0,-19.870104,-43.92006090000001,3,1,1,1.0,104.85,200.0,nordeste,União,12/08/18,None,None
3250942,320000.0,59.19,-19.963515700000002,-43.965450000000025,3,1,0,1.0,67.33,279.0,oeste,Estoril,12/08/18,None,None
3251073,320000.0,50.0,-19.912470499999998,-44.00487099999998,2,1,0,1.0,106.0,150.0,noroeste,Glória,12/08/18,None,None
3255353,320000.0,71.43,-19.9079026,-43.93863060000001,3,1,0,1.0,84.56,300.0,leste,Floresta,12/08/18,None,None
346064,323000.0,80.0,-19.892225399999997,-43.93638450000003,3,2,1,1.0,1.0,1.0,nordeste,Renascença,12/08/18,None,None
346075,323000.0,37.99,-19.892225399999997,-43.93638450000003,3,2,1,0.0,1.0,1.0,nordeste,Renascença,12/08/18,None,None
147203,329000.0,37.56,-19.896135600000004,-43.99966359999996,2,2,0,1.0,100.0,220.0,pampulha,Manacás,12/08/18,None,None
187119,329000.0,63.0,-19.8810448,-44.01242250000002,3,1,1,1.0,70.0,100.0,pampulha,Serrano,12/08/18,None,None
2517919,329000.0,57.09,-19.8798506,-43.99173580000002,3,1,1,1.0,143.37,320.0,pampulha,Paquetá,12/08/18,None,None
144334,330000.0,67.0,-19.9245782,-43.94161700000001,1,1,0,0.0,111.28,395.0,centro-sul,Lourdes,12/08/18,None,None
337335,330000.0,38.0,-19.8265163,-43.94558949999998,3,2,1,1.0,1.0,1035.0,norte,Vila Cloris,12/08/18,None,None
346541,330000.0,52.94,-19.97116,-43.96973200000002,1,1,0,1.0,129.12,320.0,oeste,Estoril,12/08/18,None,None
346578,330000.0,56.94,-19.8236182,-43.944197900000006,3,2,1,1.0,1.0,250.0,norte,Vila Cloris,12/08/18,None,None
350970,330000.0,56.94,-19.9242693,-43.91316799999999,3,2,0,1.0,100.0,330.0,centro-sul,Santa Efigênia,12/08/18,None,None
494990,330000.0,80.0,-19.8708898,-44.00449420000001,2,1,1,1.0,1.0,1.0,pampulha,Santa Terezinha,12/08/18,None,None
2428516,330000.0,69.0,-19.879085999999997,-43.98224949999997,3,2,1,1.0,101.0,250.0,pampulha,Ouro Preto,12/08/18,None,None
3212386,330000.0,70.0,-19.9517591,-43.94975090000002,3,1,1,2.0,180.0,270.0,centro-sul,Vila Paris,12/08/18,None,None
128956,335000.0,48.38,-19.9602143,-43.947177399999994,3,2,1,1.0,148.52,350.0,centro-sul,Santa Lúcia,12/08/18,None,None
140518,335000.0,68.0,-19.9478648,-43.92281700000001,2,2,1,1.0,40.0,360.0,centro-sul,Anchieta,12/08/18,None,None
342371,335000.0,68.0,-19.9385805,-43.920290300000026,2,2,0,1.0,80.0,480.0,centro-sul,Serra,12/08/18,None,None
1818702,335000.0,91.0,-19.8677315,-43.98964960000001,2,1,1,1.0,70.0,200.0,pampulha,Ouro Preto,12/08/18,None,None
3240261,339000.0,60.0,-19.879211899999998,-44.00168719999999,2,1,1,1.0,100.0,300.0,pampulha,Castelo,12/08/18,None,None
57093,340000.0,60.0,-19.927406,-43.96930609999998,3,2,1,1.0,82.98,300.0,oeste,Prado,12/08/18,None,None
157088,340000.0,60.0,-19.9200521,-43.94589819999999,2,1,1,1.0,57.95,500.0,centro-sul,Centro,12/08/18,None,None
293891,340000.0,66.25,-19.8797574,-43.934983200000026,3,2,1,1.0,104.44,220.0,nordeste,Silveira,12/08/18,None,None
395607,340000.0,61.0,-19.8632813,-43.94411700000001,3,1,1,1.0,106.0,200.0,pampulha,Santa Rosa,12/08/18,None,None
631014,340000.0,61.0,-19.869920999999998,-43.985254,3,1,1,1.0,102.0,200.0,pampulha,Ouro Preto,12/08/18,None,None
1607471,340000.0,67.0,-19.8952785,-43.93061039999998,2,2,0,1.0,1079.15,320.0,nordeste,Silveira,12/08/18,None,None
1673724,340000.0,67.0,-19.8910677,-43.90980070000001,3,2,1,1.0,97.41,274.0,leste,Santa Inês,12/08/18,None,None
2709317,340000.0,53.03,-19.8892117,-44.00623960000002,2,3,1,1.0,90.0,250.0,pampulha,Manacás,12/08/18,None,None
2710594,340000.0,70.0,-19.8934743,-43.99820679999999,2,3,1,1.0,90.0,250.0,pampulha,Manacás,12/08/18,None,None
2724613,340000.0,69.85,-19.8934743,-43.99820679999999,2,3,1,1.0,90.0,250.0,pampulha,Manacás,12/08/18,None,None
3245642,340000.0,58.0,-19.9778242,-43.96765389999996,3,3,1,1.0,149.27,450.0,oeste,Buritis,12/08/18,None,None
3246807,340000.0,58.0,-19.9047794,-43.933601700000004,3,3,1,1.0,96.51,200.0,leste,Floresta,12/08/18,None,None
3251480,340000.0,63.1,-19.943815100000002,-43.97094449999997,3,2,1,0.0,92.0,280.0,oeste,Jardim América,12/08/18,None,None
365137,345000.0,63.1,-19.8789879,-43.99580359999999,3,2,0,0.0,866.25,290.0,pampulha,Castelo,12/08/18,None,None
1576898,345000.0,62.17,-19.900378,-43.92979969999999,3,1,0,1.0,1010.52,250.0,leste,Graça,12/08/18,None,None
3240429,345000.0,110.0,-19.9948643,-44.02097359999999,3,1,1,1.0,106.0,200.0,barreiro,Diamante(barreiro),12/08/18,None,None
345256,349000.0,52.0,-19.894286899999997,-43.99998,3,1,1,1.0,135.0,300.0,pampulha,Manacás,12/08/18,None,None
345632,349000.0,100.0,-20.088853399999998,-43.98943610000003,3,1,1,1.0,84.55,410.0,noroeste,Padre Eustáquio,12/08/18,None,None
1624725,349000.0,100.0,-19.8922775,-43.995843700000016,3,1,1,1.0,110.0,150.0,pampulha,Castelo,12/08/18,None,None
10824,350000.0,60.0,-19.9242222,-43.93845770000002,2,1,0,1.0,166.32,976.0,centro-sul,Centro,12/08/18,None,None
51160,350000.0,60.0,-19.882879199999998,-43.91888059999997,3,2,1,1.0,91.17,250.0,nordeste,União,12/08/18,None,None
115294,350000.0,65.0,-19.9161257,-43.9861161,3,1,0,1.0,72.0,270.0,noroeste,Padre Eustáquio,12/08/18,None,None
126480,350000.0,65.0,-19.8918913,-43.93695400000002,3,2,1,1.0,131.0,300.0,nordeste,Silveira,12/08/18,None,None
133631,350000.0,56.97,-19.8782389,-43.99553479999997,2,1,1,1.0,70.0,320.0,pampulha,Castelo,12/08/18,None,None
148596,350000.0,75.0,-19.8958762,-43.996882899999996,3,2,1,1.0,95.0,300.0,pampulha,Manacás,12/08/18,None,None
166377,350000.0,60.0,-19.9503387,-43.94413850000001,2,1,1,1.0,113.0,55.0,centro-sul,Santo Antônio,12/08/18,None,None
168777,350000.0,65.72,-19.9451084,-43.97123599999998,3,2,1,1.0,80.0,280.0,oeste,Nova Suíssa,12/08/18,None,None
208652,350000.0,65.8,-19.90043,-43.99894760000001,3,1,1,1.0,120.0,200.0,noroeste,Alípio de Melo,12/08/18,None,None
344545,350000.0,65.8,-19.8747562,-43.93411989999999,3,1,1,1.0,153.0,250.0,nordeste,Palmares,12/08/18,None,None
348184,350000.0,63.5,-19.9329253,-43.96442289999999,2,2,1,0.0,110.0,315.0,oeste,Barroca,12/08/18,None,None
355771,350000.0,58.0,-19.8837325,-43.99693919999999,2,2,1,0.0,100.0,170.0,pampulha,Castelo,12/08/18,None,None
361820,350000.0,69.18,-19.968872,-43.96882840000001,3,2,1,1.0,96.0,420.0,oeste,Buritis,12/08/18,None,None
365737,350000.0,69.18,-19.87033691637256,-43.982214461376934,3,3,1,1.0,77.75,320.0,pampulha,Ouro Preto,12/08/18,None,None
366516,350000.0,68.06,-19.871258800000003,-43.98030289999997,2,1,0,1.0,95.0,250.0,pampulha,Ouro Preto,12/08/18,None,None
367058,350000.0,57.0,-19.925409600000002,-43.93963209999998,2,0,2,2.0,94.0,514.0,centro-sul,Lourdes,12/08/18,None,None
412259,350000.0,54.77,-19.9452487,-43.92707889999997,3,2,1,1.0,48.5,370.0,centro-sul,Cruzeiro,12/08/18,None,None
494992,350000.0,54.77,-19.8708898,-44.00449420000001,2,1,1,1.0,1.0,1.0,pampulha,Santa Terezinha,12/08/18,None,None
1468925,350000.0,60.0,-19.9257366,-43.90605170000004,3,1,1,0.0,72.85,275.0,centro-sul,Santa Efigênia,12/08/18,None,None
1527370,350000.0,60.0,-19.8881495,-43.99476620000002,3,1,1,0.0,96.0,580.0,pampulha,Castelo,12/08/18,None,None
2521271,350000.0,65.0,-19.8925471,-43.94457850000003,3,1,1,1.0,180.0,99.0,nordeste,Cachoeirinha,12/08/18,None,None
3234884,350000.0,53.64,-19.8674978,-43.989615500000006,3,1,1,1.0,70.54,150.0,pampulha,Itamarati,12/08/18,None,None
3235060,350000.0,56.04,-19.946827,-43.93114100000002,1,2,0,1.0,173.75,432.0,centro-sul,Cruzeiro,12/08/18,None,None
3238810,350000.0,130.0,-19.919149899999997,-43.98763700000001,2,1,0,1.0,83.26,380.0,noroeste,Minas Brasil,12/08/18,None,None
3254795,350000.0,130.0,-19.910503600000002,-43.97745140000001,3,1,1,1.0,101.76,220.0,noroeste,Monsenhor Messias,12/08/18,None,None
3257514,350000.0,65.0,-19.949102399999997,-43.949136200000005,3,1,0,1.0,148.98,550.0,centro-sul,Vila Paris,12/08/18,None,None
59810,355000.0,70.0,-19.879314899999997,-43.94728300000003,2,2,1,1.0,110.0,165.0,nordeste,Parque São João Batista,12/08/18,None,None
1688119,355000.0,65.0,-19.911459,-43.97554489999999,3,3,1,1.0,90.9,260.0,noroeste,Monsenhor Messias,12/08/18,None,None
3245648,355000.0,65.0,-19.902013,-43.92758100000003,2,2,1,1.0,130.06,250.0,leste,Sagrada Família,12/08/18,None,None
328073,359000.0,65.0,-19.8918901,-43.92917660000001,3,1,1,1.0,96.01,386.76,nordeste,Silveira,12/08/18,None,None
126897,360000.0,65.0,-19.941875699999997,-43.96371099999999,2,2,1,1.0,135.0,250.0,oeste,Grajaú,12/08/18,None,None
163389,360000.0,70.0,-19.9257766,-43.90840630000002,3,2,1,1.0,80.0,400.0,centro-sul,Santa Efigênia,12/08/18,None,None
165001,360000.0,84.0,-20.0004949,-44.019348199999975,3,1,1,0.0,97.0,220.0,barreiro,Diamante(barreiro),12/08/18,None,None
359567,360000.0,93.66,-19.9255706,-43.90496459999997,3,1,1,1.0,85.0,250.0,centro-sul,Santa Efigênia,12/08/18,None,None
371433,360000.0,93.66,-19.878351000000002,-44.01081090000002,3,1,1,1.0,110.0,200.0,pampulha,Serrano,12/08/18,None,None
1674560,360000.0,76.0,-19.9021052,-43.92741460000002,2,1,1,1.0,130.06,272.0,leste,Sagrada Família,12/08/18,None,None
1938619,360000.0,60.0,-19.883657,-43.91925000000003,2,2,1,1.0,138.05,312.0,nordeste,União,12/08/18,None,None
1952837,360000.0,60.0,-19.8973398,-43.93354210000001,3,3,1,1.0,157.78,390.0,leste,Graça,12/08/18,None,None
2172163,360000.0,75.09,-19.8636169,-43.979674199999984,3,2,1,2.0,105.66,150.0,pampulha,São Luiz (pampulha),12/08/18,None,None
2361517,360000.0,55.0,-19.890414,-43.994042000000036,2,1,1,2.0,95.0,120.0,pampulha,Castelo,12/08/18,None,None
3244543,360000.0,55.0,-19.88908,-43.998062,3,1,1,2.0,98.0,260.0,pampulha,Castelo,12/08/18,None,None
3235922,365000.0,90.0,-19.889017000000003,-43.99451399999998,3,1,1,1.0,110.0,280.0,pampulha,Castelo,12/08/18,None,None
3251359,365000.0,64.27,-19.951523100000003,-43.92446699999999,2,1,0,2.0,56.72,250.0,centro-sul,Anchieta,12/08/18,None,None
3253020,369000.0,64.27,-19.970697,-43.97254909999998,2,2,2,2.0,177.71,360.0,oeste,Buritis,12/08/18,None,None
7304,370000.0,50.0,-19.978798,-43.96684900000002,4,2,1,1.0,110.0,320.0,oeste,Buritis,12/08/18,None,None
59762,370000.0,50.0,-19.9493246,-43.93587560000003,3,2,1,1.0,130.04,300.0,centro-sul,Sion,12/08/18,None,None
268796,370000.0,62.0,-19.929970899999997,-43.937746999999995,2,1,0,1.0,131.01,520.0,centro-sul,Lourdes,12/08/18,None,None
338138,370000.0,62.0,-19.8778486,-44.002067700000005,3,1,1,1.0,95.0,250.0,pampulha,Castelo,12/08/18,None,None
338775,370000.0,72.46,-19.926118300000002,-43.98871710000003,3,2,1,1.0,110.0,300.0,noroeste,Coração Eucarístico,12/08/18,None,None
339596,370000.0,70.0,-19.8831855,-43.92841450000003,3,3,1,1.0,88.63,350.0,nordeste,Silveira,12/08/18,None,None
346945,370000.0,70.0,-19.8720806,-43.99774230000003,3,2,1,1.0,110.0,360.0,pampulha,Paquetá,12/08/18,None,None
374996,370000.0,70.0,-19.852334399999997,-43.913674500000006,3,1,1,1.0,180.0,200.0,nordeste,São Gabriel,12/08/18,None,None
482591,370000.0,65.1,-19.8881495,-43.99476620000002,3,1,1,1.0,99.0,500.0,pampulha,Castelo,12/08/18,None,None
1381190,370000.0,77.0,-19.937436399999996,-43.95984440000001,3,2,0,2.0,0.0,275.0,oeste,Gutierrez,12/08/18,None,None
1831666,370000.0,77.0,-19.912184600000003,-43.92831720000004,3,1,1,2.0,145.07,415.0,leste,Floresta,12/08/18,None,None
2172166,370000.0,57.17,-19.878695899999997,-44.00111470000002,2,1,1,1.0,95.0,150.0,pampulha,Castelo,12/08/18,None,None
3213475,370000.0,57.17,-19.909824,-43.92902600000002,2,1,1,1.0,97.0,256.0,leste,Floresta,12/08/18,None,None
3234665,370000.0,122.0,-19.867752399999997,-43.98955899999999,2,2,1,1.0,70.0,200.0,pampulha,Ouro Preto,12/08/18,None,None
3253297,370000.0,70.0,-19.949694,-43.942928,3,3,1,0.0,130.0,300.0,centro-sul,Santo Antônio,12/08/18,None,None
130608,375000.0,80.0,-19.9406619,-43.9737859,3,2,1,1.0,84.0,300.0,oeste,Jardim América,12/08/18,None,None
365286,375000.0,80.0,-19.8800927,-43.98987579999999,2,1,1,1.0,95.0,200.0,pampulha,Paquetá,12/08/18,None,None
1519742,375000.0,80.0,-19.878985999999998,-43.93514600000003,3,2,1,1.0,135.0,573.0,nordeste,Palmares,12/08/18,None,None
1668899,375000.0,41.0,-19.891074,-43.93109170000002,3,2,1,2.0,122.18,370.0,nordeste,Silveira,12/08/18,None,None
3211470,375000.0,96.74,-19.886967000000002,-44.00103960000001,2,3,1,1.0,116.81,225.0,pampulha,Castelo,12/08/18,None,None
3255693,375000.0,87.0,-19.909693899999997,-43.91721000000001,2,2,1,2.0,101.0,392.0,leste,Sagrada Família,12/08/18,None,None
38742,380000.0,89.6,-19.9517336,-43.92441350000002,2,2,0,1.0,92.0,150.0,centro-sul,Anchieta,12/08/18,None,None
40095,380000.0,70.0,-19.939822600000003,-43.9226898,3,1,0,1.0,107.96,80.0,centro-sul,Serra,12/08/18,None,None
51729,380000.0,78.0,-19.931253100000003,-43.9373109,1,1,1,2.0,180.0,380.0,centro-sul,Savassi,12/08/18,None,None
65626,380000.0,125.86,-19.936735000000002,-43.925005,2,2,1,1.0,93.22,300.0,centro-sul,Serra,12/08/18,None,None
140664,380000.0,41.0,-19.898747,-43.9230488,3,2,1,0.0,133.93,482.0,leste,Sagrada Família,12/08/18,None,None
142494,380000.0,41.0,-19.9412688,-43.91657040000001,3,1,0,0.0,81.66,250.0,centro-sul,Serra,12/08/18,None,None
146545,380000.0,62.69,-19.951040877860137,-43.9451986365234,3,3,1,2.0,155.67,726.0,centro-sul,Santo Antônio,12/08/18,None,None
256191,380000.0,62.69,-19.8988035,-43.92818390000002,3,2,1,2.0,73.76,200.0,leste,Graça,12/08/18,None,None
353573,380000.0,65.0,-19.886159699999997,-43.91946830000001,3,1,1,2.0,112.7,250.0,nordeste,União,12/08/18,None,None
845524,380000.0,140.0,-19.9384908,-43.91632720000001,3,2,1,1.0,120.51,800.0,leste,São Lucas,12/08/18,None,None
3191463,380000.0,40.0,-19.921136999999998,-43.94583799999998,2,1,1,1.0,550.0,665.0,centro-sul,Barro Preto,12/08/18,None,None
3235460,380000.0,54.0,-19.8934743,-43.99820679999999,2,0,0,2.0,90.0,250.0,pampulha,Manacás,12/08/18,None,None
3239892,380000.0,54.0,-19.8882717,-43.9963419,3,3,1,2.0,100.0,300.0,pampulha,Castelo,12/08/18,None,None
3247360,380000.0,96.0,-19.887798,-43.90952700000002,3,2,1,1.0,85.25,250.0,leste,Santa Inês,12/08/18,None,None
162276,382000.0,60.0,-19.9010381,-43.91708779999999,3,1,1,2.0,104.51,250.0,leste,Sagrada Família,12/08/18,None,None
54221,385000.0,75.0,-19.919772000000002,-43.985791000000006,3,2,1,1.0,96.66,180.0,noroeste,Padre Eustáquio,12/08/18,None,None
144780,385000.0,75.0,-19.931540100000003,-43.99822380000001,3,2,1,1.0,89.34,300.0,noroeste,João Pinheiro,12/08/18,None,None
1834338,387000.0,68.0,-19.9364383,-43.957079799999974,2,2,0,1.0,0.0,290.0,oeste,Gutierrez,12/08/18,None,None
6426,390000.0,120.0,-19.8852215,-43.91893889999999,3,1,1,1.0,152.69,250.0,nordeste,União,12/08/18,None,None
54265,390000.0,72.0,-19.86411,-43.94334459999999,3,2,1,1.0,74.44,202.0,pampulha,Dona Clara,12/08/18,None,None
142426,390000.0,72.0,-19.9218391,-43.979345800000026,2,2,1,1.0,90.36,280.0,noroeste,Padre Eustáquio,12/08/18,None,None
253511,390000.0,111.0,-19.8584295,-43.943805,3,2,1,1.0,93.39,188.0,pampulha,Jaraguá,12/08/18,None,None
339071,390000.0,60.0,-19.8813954,-43.9230665,3,3,1,1.0,1.0,280.0,nordeste,União,12/08/18,None,None
355886,390000.0,60.0,-19.8732908,-43.98836130000001,3,2,1,1.0,85.0,300.0,pampulha,Ouro Preto,12/08/18,None,None
361717,390000.0,72.0,-19.947048199999998,-43.93585289999999,3,2,1,2.0,110.95,200.0,centro-sul,São Pedro,12/08/18,None,None
815837,390000.0,73.81,-19.9483888,-43.94243929999999,3,2,1,1.0,70.9,700.0,centro-sul,Santo Antônio,12/08/18,None,None
1455448,390000.0,80.0,-19.8713833,-43.916113199999984,3,2,1,2.0,89.6,270.0,nordeste,Fernão Dias,12/08/18,None,None
1672201,390000.0,63.57,-19.886421399999996,-43.99729019999995,3,1,1,0.0,245.31,250.0,pampulha,Castelo,12/08/18,None,None
2795215,390000.0,85.0,-19.893663800000002,-43.90773519999999,3,2,0,2.0,78.0,350.0,leste,Santa Inês,12/08/18,None,None
3191508,390000.0,82.53,-19.8818014,-43.93624269999998,3,2,1,1.0,77.0,571.0,nordeste,Ipiranga,12/08/18,None,None
3248882,390000.0,70.0,-19.8963295,-43.923986000000006,3,1,1,2.0,127.62,580.0,leste,Sagrada Família,12/08/18,None,None
3251743,390000.0,70.0,-19.9572649,-43.931661599999984,3,2,1,2.0,167.0,400.0,centro-sul,Sion,12/08/18,None,None
3251957,390000.0,60.0,-19.9439052,-43.91955519999999,3,1,0,2.0,106.59,315.0,centro-sul,Serra,12/08/18,None,None
3255302,390000.0,60.0,-19.976585600000003,-43.97472019999998,3,3,1,2.0,252.03,597.0,oeste,Buritis,12/08/18,None,None
3257066,390000.0,100.0,-19.935610999999998,-43.95766400000002,3,2,0,1.0,112.5,200.0,oeste,Gutierrez,12/08/18,None,None
27635,395000.0,90.05,-19.897033,-43.92287520000002,3,2,1,1.0,139.4,280.0,leste,Sagrada Família,12/08/18,None,None
169221,395000.0,90.05,-19.9557128,-43.93937449999999,3,2,1,1.0,120.0,770.0,centro-sul,Sion,12/08/18,None,None
181060,395000.0,80.0,-19.930073,-43.91597300000001,3,2,1,2.0,100.87,420.0,leste,São Lucas,12/08/18,None,None
281122,395000.0,80.0,-19.9258235,-43.91696779999995,2,1,0,2.0,101.42,460.0,centro-sul,Santa Efigênia,12/08/18,None,None
500817,395000.0,83.0,-19.9411098,-43.91891190000001,3,2,1,1.0,121.32,400.0,centro-sul,Serra,12/08/18,None,None
1526287,395000.0,80.0,-19.9350843,-43.95778740000003,3,3,1,1.0,161.0,385.0,oeste,Gutierrez,12/08/18,None,None
344314,398000.0,86.75,-19.9065456,-43.93232520000004,3,1,0,1.0,1010.61,230.0,leste,Floresta,12/08/18,None,None
361962,398000.0,45.0,-19.8847683,-43.90868309999996,3,3,1,1.0,126.0,390.0,leste,Santa Inês,12/08/18,None,None
348717,399000.0,64.9,-19.9070799,-43.9386768,2,1,1,1.0,100.0,250.0,leste,Floresta,12/08/18,None,None
1060644,399900.0,64.9,-19.8765208,-43.992309799999994,2,1,1,1.0,120.0,250.0,pampulha,Castelo,12/08/18,None,None
41903,400000.0,95.0,-19.9557031,-43.93943960000002,3,2,1,1.0,99.5,450.0,centro-sul,Sion,12/08/18,None,None
46865,400000.0,80.0,-19.8878169,-43.93080900000001,3,2,1,2.0,93.0,500.0,nordeste,Silveira,12/08/18,None,None
593291,400000.0,80.0,-19.91785,-43.97778199999999,3,4,1,2.0,122.0,360.0,noroeste,Padre Eustáquio,12/08/18,None,None
1606811,400000.0,56.48,-19.9258726,-43.90902080000001,3,1,0,1.0,100.0,620.0,centro-sul,Santa Efigênia,12/08/18,None,None
1672257,400000.0,66.0,-19.910434600000002,-43.92866779999997,3,1,1,1.0,98.37,260.0,leste,Floresta,12/08/18,None,None
2160563,400000.0,74.0,-19.881585,-43.999953999999995,3,3,2,1.0,120.61,190.0,pampulha,Castelo,12/08/18,None,None
3209471,400000.0,36.0,-19.884576000000003,-43.93304160000002,3,3,1,1.0,147.72,120.0,nordeste,Ipiranga,12/08/18,None,None
3238914,400000.0,36.0,-19.944437,-43.947722,3,1,0,1.0,102.0,345.0,centro-sul,Santo Antônio,12/08/18,None,None
3252632,400000.0,101.0,-19.871959,-43.915734999999984,3,1,1,1.0,106.71,300.0,nordeste,Fernão Dias,12/08/18,None,None
20010,405000.0,101.0,-19.8720806,-43.99774230000003,3,2,1,1.0,89.5,300.0,pampulha,Paquetá,12/08/18,None,None
169565,409000.0,86.0,-19.8980844,-43.924699000000025,3,1,1,2.0,117.0,360.0,leste,Sagrada Família,12/08/18,None,None
33379,410000.0,75.0,-19.940556,-43.916449,3,2,1,1.0,114.0,250.0,centro-sul,Serra,12/08/18,None,None
53418,410000.0,109.98,-19.882923,-43.91884700000003,3,1,1,2.0,118.65,198.0,nordeste,União,12/08/18,None,None
152688,410000.0,109.98,-19.8649223,-43.95323050000002,3,2,1,2.0,177.48,275.0,pampulha,Indaiá,12/08/18,None,None
208546,410000.0,109.98,-19.886319699999998,-43.92466439999998,3,2,1,2.0,100.0,330.0,leste,Cidade Nova,12/08/18,None,None
804958,410000.0,109.98,-19.9687104,-43.96869279999999,3,2,1,2.0,78.0,200.0,oeste,Buritis,12/08/18,None,None
1050939,410000.0,75.0,-19.870735699999997,-43.99341930000003,3,1,1,2.0,110.0,280.0,pampulha,Paquetá,12/08/18,None,None
1123344,410000.0,90.0,-19.9749623,-43.97143199999999,3,2,1,2.0,190.0,590.0,oeste,Buritis,12/08/18,None,None
3244630,410000.0,75.0,-19.948003,-43.94442600000002,3,2,1,1.0,136.3,350.0,centro-sul,Santo Antônio,12/08/18,None,None
60362,413000.0,98.0,-19.9428129,-43.94772690000002,1,1,1,1.0,60.0,496.0,centro-sul,Santo Antônio,12/08/18,None,None
12003,415000.0,69.02,-19.9567749,-43.94027040000003,2,2,1,2.0,168.38,700.0,centro-sul,Sion,12/08/18,None,None
16998,420000.0,105.0,-20.0044637,-44.01327670000001,3,2,1,1.0,135.0,120.0,barreiro,Cardoso,12/08/18,None,None
36345,420000.0,78.0,-19.874637,-43.918304000000035,3,2,1,1.0,558.0,200.0,nordeste,Pirajá,12/08/18,None,None
147275,420000.0,82.0,-19.9489717,-43.98405300000002,3,1,1,2.0,124.57,180.0,oeste,Havaí,12/08/18,None,None
171631,420000.0,82.12,-19.939657999999998,-43.91440899999998,4,2,1,2.0,169.96,492.0,centro-sul,Serra,12/08/18,None,None
279916,420000.0,82.12,-19.8604177,-43.94022150000001,3,3,2,2.0,1.0,120.0,pampulha,Dona Clara,12/08/18,None,None
280025,420000.0,75.0,-19.860391500000002,-43.94015730000001,3,3,2,2.0,1.0,180.0,pampulha,Dona Clara,12/08/18,None,None
339812,420000.0,80.0,-19.9422802,-43.94684380000001,2,1,0,1.0,2.0,600.0,centro-sul,Santo Antônio,12/08/18,None,None
345138,420000.0,95.0,-19.871637,-43.99321550000002,3,2,1,1.0,88.0,350.0,pampulha,Paquetá,12/08/18,None,None
349247,420000.0,85.0,-19.931986300000002,-43.911612399999974,3,1,1,2.0,123.22,300.0,leste,São Lucas,12/08/18,None,None
364704,420000.0,75.0,-19.8649337,-43.95318229999998,3,2,1,1.0,184.93,280.0,pampulha,Indaiá,12/08/18,None,None
495725,420000.0,75.0,-19.8708898,-44.00449420000001,2,2,1,1.0,1.0,1.0,pampulha,Santa Terezinha,12/08/18,None,None
1281306,420000.0,110.0,-19.856708100000002,-43.9539241,3,2,1,2.0,196.61,210.0,pampulha,Pampulha,12/08/18,None,None
1468889,420000.0,95.0,-19.883626,-43.99619200000001,3,2,1,1.0,163.0,350.0,pampulha,Castelo,12/08/18,None,None
1584957,420000.0,79.49,-19.8732203,-43.93253179999999,3,3,1,1.0,180.0,350.0,nordeste,Palmares,12/08/18,None,None
2136660,420000.0,79.49,-19.9439301,-43.949631100000026,3,2,1,1.0,154.7,400.0,centro-sul,Cidade Jardim,12/08/18,None,None
2352838,420000.0,120.0,-19.9756288,-43.968602600000004,3,2,1,1.0,192.0,618.0,oeste,Buritis,12/08/18,None,None
3216183,420000.0,120.0,-19.871670899999998,-43.93315110000003,3,1,1,1.0,110.0,360.0,nordeste,Palmares,12/08/18,None,None
3238552,420000.0,83.0,-19.9557128,-43.93937449999999,3,2,1,1.0,114.26,350.0,centro-sul,Sion,12/08/18,None,None
3240575,423000.0,69.0,-19.881943300000003,-43.92023449999999,3,1,1,1.0,152.08,262.7,nordeste,União,12/08/18,None,None
31349,425000.0,72.0,-19.8926562,-43.9267294,3,2,1,2.0,102.0,315.0,leste,Cidade Nova,12/08/18,None,None
144108,425000.0,72.0,-19.9467279,-43.94820490000001,3,2,1,2.0,104.56,250.0,centro-sul,Santo Antônio,12/08/18,None,None
334846,425000.0,80.0,-19.9392341,-43.963680700000005,3,2,1,2.0,199.1,400.0,oeste,Gutierrez,12/08/18,None,None
167530,430000.0,80.0,-19.914647,-43.99036899999999,3,1,1,2.0,87.0,340.0,noroeste,Padre Eustáquio,12/08/18,None,None
337004,430000.0,66.0,-19.8743,-43.981235999999974,3,2,1,1.0,105.0,300.0,pampulha,Ouro Preto,12/08/18,None,None
343013,430000.0,90.0,-19.9009979,-43.92703499999999,2,2,1,1.0,104.42,180.0,leste,Sagrada Família,12/08/18,None,None
1840806,430000.0,90.0,-19.9470497,-43.92759860000001,1,1,1,1.0,172.0,650.0,centro-sul,Sion,12/08/18,None,None
1895724,430000.0,120.0,-19.956674,-43.938554399999994,3,2,1,2.0,133.0,350.0,centro-sul,Sion,12/08/18,None,None
2546612,430000.0,130.0,-19.8611833,-43.9531331,3,2,1,2.0,1.0,1.0,pampulha,Liberdade,12/08/18,None,None
3214178,430000.0,130.0,-19.9428796,-43.95774019999999,2,1,1,2.0,199.26,675.0,oeste,Gutierrez,12/08/18,None,None
3248836,430000.0,90.0,-19.9382312,-43.92918320000001,2,2,1,2.0,202.0,910.0,centro-sul,Savassi,12/08/18,None,None
3249637,430000.0,64.85,-19.944389899999997,-43.93872650000003,3,2,1,2.0,122.0,400.0,centro-sul,São Pedro,12/08/18,None,None
3249794,435000.0,64.85,-19.943085999999997,-43.91631699999999,3,3,1,2.0,110.0,200.0,centro-sul,Serra,12/08/18,None,None
3255363,435000.0,100.0,-19.888273899999998,-44.00072829999999,3,1,1,2.0,98.0,322.0,pampulha,Castelo,12/08/18,None,None
38248,439000.0,100.0,-19.892666199999997,-43.925488400000006,3,4,1,2.0,164.0,0.0,leste,Sagrada Família,12/08/18,None,None
1974168,439000.0,82.0,-19.8811289,-44.00246549999997,3,2,1,2.0,161.02,40.0,pampulha,Castelo,12/08/18,None,None
361576,439900.0,70.0,-19.874083600000002,-43.99527239999998,3,1,1,1.0,101.0,150.0,pampulha,Castelo,12/08/18,None,None
15642,440000.0,89.0,-19.869627100000002,-43.931391700000006,3,2,1,1.0,123.44,460.0,nordeste,Palmares,12/08/18,None,None
33829,440000.0,82.0,-19.936360999999998,-43.96674400000001,4,2,1,2.0,218.17,370.0,oeste,Grajaú,12/08/18,None,None
40505,440000.0,77.66,-19.8765759,-44.00045879999999,3,2,1,1.0,87.0,350.0,pampulha,Castelo,12/08/18,None,None
425477,440000.0,77.66,-21.137379100000004,-48.97723919999999,4,1,0,1.0,126.0,614.0,centro-sul,Centro,12/08/18,None,None
495361,440000.0,75.0,-19.8708898,-44.00449420000001,2,2,1,2.0,1.0,1.0,pampulha,Santa Terezinha,12/08/18,None,None
3213268,440000.0,107.0,-19.9440094,-43.950402699999984,2,2,0,2.0,145.06,700.0,centro-sul,Luxemburgo,12/08/18,None,None
341932,444000.0,110.0,-19.928337,-43.96564000000001,3,2,1,2.0,85.0,210.0,oeste,Prado,12/08/18,None,None
6338,445000.0,119.54,-19.8952053,-43.92256209999999,3,2,1,2.0,149.09,350.0,leste,Sagrada Família,12/08/18,None,None
3250928,445000.0,64.0,-19.934375600000003,-43.93155860000002,1,1,0,1.0,178.65,610.0,centro-sul,Savassi,12/08/18,None,None
354761,449000.0,35.0,-19.8978951,-43.97185020000001,3,1,1,1.0,80.0,100.0,noroeste,Alto Caiçaras,12/08/18,None,None
366995,449000.0,75.0,-19.9411169,-43.97432000000003,3,2,0,2.0,64.7,250.0,oeste,Jardim América,12/08/18,None,None
58266,450000.0,78.0,-19.916697,-43.98863180000001,3,2,1,1.0,101.92,250.0,noroeste,Padre Eustáquio,12/08/18,None,None
146068,450000.0,100.0,-19.9245592,-43.995391900000016,3,3,1,2.0,71.0,350.0,noroeste,Dom Cabral,12/08/18,None,None
166376,450000.0,100.0,-19.9411045,-43.95622839999999,3,2,1,2.0,121.9,400.0,oeste,Gutierrez,12/08/18,None,None
232814,450000.0,132.0,-19.929631699999998,-43.918519599999975,3,3,1,2.0,146.35,240.0,leste,São Lucas,12/08/18,None,None
250424,450000.0,88.0,-19.9359061,-43.93519739999999,1,1,0,2.0,161.78,530.0,centro-sul,Savassi,12/08/18,None,None
299156,450000.0,100.0,-19.9026529,-43.921539300000006,3,2,1,2.0,150.5,257.0,leste,Sagrada Família,12/08/18,None,None
337670,450000.0,58.16,-19.942328,-43.94612699999999,4,2,1,2.0,98.0,350.0,centro-sul,Santo Antônio,12/08/18,None,None
344898,450000.0,45.0,-19.956098,-43.93883,3,2,0,1.0,115.0,300.0,centro-sul,Sion,12/08/18,None,None
363014,450000.0,35.97,-19.9486753,-43.92302569999998,2,2,1,1.0,316.0,900.0,centro-sul,Cruzeiro,12/08/18,None,None
406322,450000.0,80.0,-19.946533,-43.94611499999996,3,1,1,1.0,121.33,380.0,centro-sul,Santo Antônio,12/08/18,None,None
1695064,450000.0,67.0,-19.9277333,-43.91472570000002,2,2,0,2.0,100.0,250.0,centro-sul,Santa Efigênia,12/08/18,None,None
2764747,450000.0,105.0,-19.9018568,-43.97389179999999,3,3,1,2.0,85.5,350.0,noroeste,Caiçaras,12/08/18,None,None
3236991,450000.0,105.0,-19.944607100000002,-43.92689919999998,3,1,0,2.0,1458.0,250.0,centro-sul,Cruzeiro,12/08/18,None,None
3238547,450000.0,62.55,-19.946389,-43.94062099999997,3,2,1,2.0,156.16,910.0,centro-sul,São Pedro,12/08/18,None,None
3245946,450000.0,62.13,-19.859655800000002,-43.962758399999984,3,1,1,2.0,80.0,240.0,pampulha,São Luiz (pampulha),12/08/18,None,None
3253922,450000.0,62.13,-19.916407100000004,-43.91425900000002,3,2,1,2.0,79.0,300.0,leste,Santa Tereza,12/08/18,None,None
3250158,455000.0,85.0,-19.914782100000004,-43.92426639999997,3,1,1,1.0,163.0,340.0,leste,Santa Tereza,12/08/18,None,None
130975,460000.0,62.55,-19.881623100000002,-44.000167299999994,3,1,1,2.0,120.0,450.0,pampulha,Castelo,12/08/18,None,None
140338,460000.0,75.0,-19.9476875,-43.93734770000003,3,2,1,2.0,97.35,495.85,centro-sul,São Pedro,12/08/18,None,None
149895,460000.0,87.0,-19.929347500000002,-43.91210939999996,3,1,1,1.0,1686.0,350.0,leste,São Lucas,12/08/18,None,None
226249,460000.0,130.0,-19.9192018,-43.979898700000035,3,1,1,1.0,113.17,250.0,noroeste,Padre Eustáquio,12/08/18,None,None
277308,460000.0,98.0,-19.932370499999998,-43.9599561,3,2,1,2.0,180.52,340.0,oeste,Gutierrez,12/08/18,None,None
337747,460000.0,78.0,-19.944672,-43.95409990000002,4,2,1,2.0,221.79,650.0,centro-sul,Luxemburgo,12/08/18,None,None
351307,460000.0,85.0,-19.9468992,-43.922810399999996,3,2,1,2.0,148.0,400.0,centro-sul,Cruzeiro,12/08/18,None,None
360804,460000.0,85.0,-19.8991605,-43.9161537,3,3,1,2.0,155.0,150.0,leste,Sagrada Família,12/08/18,None,None
3251626,460000.0,117.0,-19.964862,-43.94531599999999,3,1,0,1.0,174.0,300.0,centro-sul,Santa Lúcia,12/08/18,None,None
334160,465000.0,136.0,-19.933103,-43.92736200000002,3,1,0,1.0,181.43,500.0,centro-sul,Savassi,12/08/18,None,None
3245122,469000.0,65.0,-19.9524175,-43.97933279999995,4,2,1,2.0,69.72,260.0,oeste,Havaí,12/08/18,None,None
34283,470000.0,65.0,-19.886937699999997,-43.93672300000003,3,2,1,2.0,94.24,180.0,nordeste,Silveira,12/08/18,None,None
42635,470000.0,105.31,-19.943133,-43.92896999999999,2,1,0,1.0,175.1,500.0,centro-sul,Cruzeiro,12/08/18,None,None
164785,470000.0,95.0,-19.9198853,-43.978300299999994,3,1,1,1.0,145.0,280.0,noroeste,Padre Eustáquio,12/08/18,None,None
336213,470000.0,88.68,-19.956155399999997,-43.93515909999997,3,2,1,2.0,153.17,450.0,centro-sul,Sion,12/08/18,None,None
364113,470000.0,88.68,-19.9512574,-43.9497695,2,2,1,2.0,516.16,400.0,centro-sul,Vila Paris,12/08/18,None,None
487374,470000.0,90.0,-19.946473899999997,-43.94138299999997,3,2,1,1.0,117.79,750.0,centro-sul,São Pedro,12/08/18,None,None
623361,470000.0,90.0,-19.9498973,-43.95552550000002,3,2,1,1.0,170.0,620.0,centro-sul,Luxemburgo,12/08/18,None,None
2521355,470000.0,106.4,-19.9728053,-43.96524320000003,3,2,1,2.0,160.9,569.07,oeste,Estoril,12/08/18,None,None
3255806,470000.0,170.0,-19.859425,-43.95489599999996,3,1,1,2.0,152.4,450.0,pampulha,Liberdade,12/08/18,None,None
132652,471000.0,170.0,-19.9473859,-43.95496909999997,3,1,1,2.0,100.0,350.0,centro-sul,Luxemburgo,12/08/18,None,None
38818,475000.0,84.0,-19.8837325,-43.99693919999999,3,2,1,2.0,140.0,220.0,pampulha,Castelo,12/08/18,None,None
348331,475000.0,152.67,-19.902886,-43.92666930000002,3,2,1,2.0,160.9,370.0,leste,Sagrada Família,12/08/18,None,None
360190,475000.0,130.0,-19.9449984,-43.955043999999994,3,2,1,2.0,175.19,400.0,centro-sul,Luxemburgo,12/08/18,None,None
3246485,475000.0,90.0,-19.8795951,-43.99657450000001,3,1,1,2.0,120.0,535.0,pampulha,Castelo,12/08/18,None,None
14131,480000.0,76.76,-19.9450534,-43.9503191,3,1,0,2.0,98.0,310.0,centro-sul,Coração de Jesus,12/08/18,None,None
156344,480000.0,91.0,-19.957102499999998,-43.9668752,3,2,1,2.0,81.8,352.0,oeste,Estoril,12/08/18,None,None
182694,480000.0,140.0,-19.856453899999998,-43.94954899999999,3,1,1,2.0,163.0,167.0,pampulha,Liberdade,12/08/18,None,None
347063,480000.0,80.0,-19.940853699999998,-43.9431836,3,4,1,2.0,165.0,300.0,centro-sul,Santo Antônio,12/08/18,None,None
356875,480000.0,90.0,-19.9113197,-43.91445550000003,3,2,1,1.0,150.0,450.0,leste,Santa Tereza,12/08/18,None,None
1535706,480000.0,90.0,-19.939765899999998,-43.952980499999974,3,3,1,1.0,126.75,200.0,centro-sul,Cidade Jardim,12/08/18,None,None
1535932,480000.0,90.0,-19.9157793,-43.92090410000003,3,2,1,2.0,122.0,450.0,leste,Santa Tereza,12/08/18,None,None
1972949,480000.0,140.71,-19.875554,-43.99802199999999,3,1,1,2.0,135.45,500.0,pampulha,Castelo,12/08/18,None,None
2145555,480000.0,88.09,-19.8983032,-43.91754379999998,2,2,1,1.0,1800.0,120.0,leste,Sagrada Família,12/08/18,None,None
3252702,480000.0,88.09,-19.915338600000002,-43.92621389999999,3,1,1,1.0,95.43,300.0,leste,Floresta,12/08/18,None,None
3252847,480000.0,159.0,-19.951061,-43.9241351,2,2,1,0.0,112.0,353.77,centro-sul,Anchieta,12/08/18,None,None
3242007,481000.0,80.0,-19.8598915,-43.94176019999998,3,3,1,2.0,125.28,456.57,pampulha,Jaraguá,12/08/18,None,None
156470,485000.0,160.0,-19.840344199999997,-43.97485979999999,3,2,1,1.0,90.0,190.0,pampulha,Santa Branca,12/08/18,None,None
1821743,485000.0,83.0,-19.942501899999996,-43.9499108,3,2,1,2.0,140.13,330.0,centro-sul,Coração de Jesus,12/08/18,None,None
1841088,485000.0,85.0,-19.972635999999998,-43.96446400000002,3,2,1,2.0,150.8,731.46,oeste,Buritis,12/08/18,None,None
3234423,485000.0,90.56,-19.9343741,-43.93420309999999,1,1,1,2.0,164.0,480.0,centro-sul,Savassi,12/08/18,None,None
8001,490000.0,86.26,-19.9551729,-43.93919299999999,3,2,1,2.0,84.67,290.0,centro-sul,Sion,12/08/18,None,None
54964,490000.0,102.0,-19.9506162,-43.93639510000003,3,3,1,2.0,197.0,400.0,centro-sul,Sion,12/08/18,None,None
338042,490000.0,78.44,-19.923525199999997,-43.98951699999998,3,2,1,2.0,112.0,550.0,noroeste,Coração Eucarístico,12/08/18,None,None
348706,490000.0,97.0,-19.9070746,-43.93865890000001,2,3,2,2.0,100.0,250.0,leste,Floresta,12/08/18,None,None
348715,490000.0,110.0,-19.9070799,-43.9386768,2,1,1,2.0,100.0,250.0,leste,Floresta,12/08/18,None,None
354536,490000.0,140.0,-19.882376999999998,-43.92846800000001,2,2,0,2.0,133.64,216.0,nordeste,União,12/08/18,None,None
3251625,490000.0,120.0,-19.8748164,-43.991811900000016,2,1,1,2.0,130.0,430.0,pampulha,Ouro Preto,12/08/18,None,None
334528,495000.0,120.0,-19.946970699999998,-43.92167519999998,3,2,1,2.0,154.16,400.0,centro-sul,Anchieta,12/08/18,None,None
351564,495000.0,97.0,-19.857943,-43.94224450000002,3,3,1,2.0,105.47,230.0,pampulha,Jaraguá,12/08/18,None,None
354203,495000.0,86.0,-19.9406833,-43.9181044,3,2,1,1.0,104.42,250.0,centro-sul,Serra,12/08/18,None,None
415520,495000.0,74.31,-19.9580759,-43.937703000000006,2,2,0,2.0,215.0,690.0,centro-sul,Sion,12/08/18,None,None
1923564,495000.0,76.76,-19.883657,-43.91925000000003,2,2,1,2.0,156.49,399.0,nordeste,União,12/08/18,None,None
3234349,495000.0,76.76,-19.9326079,-43.96173999999996,3,3,1,2.0,109.2,320.0,oeste,Barroca,12/08/18,None,None
3244807,495000.0,160.0,-19.94894,-43.94285869999999,3,2,1,2.0,167.09,492.0,centro-sul,Santo Antônio,12/08/18,None,None
362950,499000.0,129.0,-19.9483888,-43.94243929999999,3,1,1,1.0,55.0,780.0,centro-sul,Santo Antônio,12/08/18,None,None
52598,500000.0,78.44,-19.8727753,-43.92708959999999,4,2,1,2.0,160.0,400.0,nordeste,Silveira,12/08/18,None,None
56427,500000.0,120.0,-19.8969219,-43.931624,3,2,1,1.0,130.15,250.0,nordeste,Nova Floresta,12/08/18,None,None
143951,500000.0,110.0,-19.9370118,-43.96567240000002,3,2,1,2.0,163.0,420.0,oeste,Grajaú,12/08/18,None,None
1858105,500000.0,110.0,-19.8692426,-43.91932380000003,5,3,1,2.0,179.0,150.0,nordeste,Fernão Dias,12/08/18,None,None
1859098,500000.0,105.0,-19.909470199999998,-43.918051200000036,3,2,1,2.0,140.0,250.0,leste,Horto,12/08/18,None,None
2538575,500000.0,50.0,-19.945064300000002,-43.94176019999998,2,2,1,1.0,212.0,1425.0,centro-sul,São Pedro,12/08/18,None,None
39282,510000.0,105.0,-19.9440939,-43.92060459999999,2,3,2,2.0,185.0,350.0,centro-sul,Serra,12/08/18,None,None
358703,510000.0,164.39,-19.879970800000002,-43.99447809999998,3,1,1,2.0,120.0,500.0,pampulha,Castelo,12/08/18,None,None
360341,510000.0,100.0,-19.9371117,-43.95779920000001,3,3,1,1.0,112.55,325.0,oeste,Gutierrez,12/08/18,None,None
364467,510000.0,190.0,-19.897766,-43.99704600000001,3,2,1,1.0,82.0,200.0,pampulha,Manacás,12/08/18,None,None
350342,515000.0,190.0,-19.944725899999998,-43.946052099999974,4,2,1,1.0,233.0,450.0,centro-sul,Santo Antônio,12/08/18,None,None
55631,516000.0,90.0,-19.91115025914133,-43.93095486773682,3,2,1,2.0,130.0,250.0,leste,Floresta,12/08/18,None,None
358663,519000.0,90.0,-19.900331,-43.97879799999998,3,3,1,2.0,130.43,300.0,norte,Adelaide,12/08/18,None,None
473409,519000.0,74.0,-19.9696829,-43.96903370000001,4,2,1,1.0,247.41,817.75,oeste,Buritis,12/08/18,None,None
65473,520000.0,76.85,-19.9518049,-43.93931559999999,2,2,1,2.0,216.0,616.0,centro-sul,São Pedro,12/08/18,None,None
140654,520000.0,76.85,-19.9387725,-43.9631976,4,3,0,2.0,81.0,500.0,oeste,Grajaú,12/08/18,None,None
174900,520000.0,75.0,-19.9250482,-43.9910615,3,2,1,2.0,137.89,400.0,noroeste,Coração Eucarístico,12/08/18,None,None
313860,520000.0,75.0,-19.93938,-43.91765900000002,3,3,1,2.0,223.88,1360.0,centro-sul,Serra,12/08/18,None,None
374544,520000.0,125.0,-19.9177515,-43.960464600000016,3,2,1,2.0,118.37,260.0,noroeste,Carlos Prates,12/08/18,None,None
3220864,520000.0,95.0,-19.9430491,-43.9486551,3,2,1,1.0,150.0,520.0,centro-sul,Santo Antônio,12/08/18,None,None
55636,525000.0,57.77,-19.909574194145527,-43.93495864183353,3,2,1,2.0,130.0,250.0,leste,Floresta,12/08/18,None,None
636051,525000.0,190.0,-19.9410548,-43.93118449999997,2,3,1,1.0,261.12,1100.0,centro-sul,Savassi,12/08/18,None,None
3243908,525000.0,190.0,-19.8761102,-43.983741200000004,4,3,1,1.0,113.64,250.0,pampulha,Ouro Preto,12/08/18,None,None
55635,528000.0,190.0,-19.909569752109014,-43.934820286816375,3,2,1,2.0,130.0,250.0,leste,Floresta,12/08/18,None,None
172882,529000.0,180.0,-19.9408713,-43.94847570000002,4,3,1,2.0,130.0,840.0,centro-sul,Cidade Jardim,12/08/18,None,None
161708,530000.0,180.0,-19.883018,-43.99677930000002,3,1,1,2.0,1800.0,480.0,pampulha,Castelo,12/08/18,None,None
171772,530000.0,140.0,-19.937989,-43.95942969999999,4,1,1,1.0,135.0,360.0,oeste,Gutierrez,12/08/18,None,None
351588,530000.0,85.0,-19.9451576,-43.92044670000002,3,1,2,2.0,170.0,250.0,centro-sul,Serra,12/08/18,None,None
357335,530000.0,180.0,-19.9113197,-43.91445550000003,3,2,1,2.0,150.0,450.0,leste,Horto,12/08/18,None,None
362821,530000.0,105.0,-19.948954399999998,-43.925267700000006,3,2,1,2.0,209.54,1390.0,centro-sul,Cruzeiro,12/08/18,None,None
1837300,530000.0,73.24,-19.8771074,-43.922392599999974,4,2,1,1.0,204.0,250.0,nordeste,União,12/08/18,None,None
3245373,530000.0,100.84,-19.9525419,-43.92341010000001,3,2,1,2.0,161.0,360.0,centro-sul,Sion,12/08/18,None,None
337107,535000.0,80.0,-19.9094765,-43.93485069999997,3,2,1,2.0,189.03,250.0,leste,Floresta,12/08/18,None,None
358637,535000.0,102.0,-19.890486600000003,-43.995746699999984,3,1,1,1.0,100.0,680.0,pampulha,Castelo,12/08/18,None,None
55634,536000.0,130.0,-19.90958481936313,-43.934708123309285,3,2,1,2.0,150.0,250.0,leste,Floresta,12/08/18,None,None
55307,540000.0,130.0,-19.8994092,-43.92070339999998,3,2,1,2.0,1.0,280.0,leste,Sagrada Família,12/08/18,None,None
144320,540000.0,152.0,-19.94407,-43.91768999999999,3,2,1,1.0,145.28,400.0,centro-sul,Serra,12/08/18,None,None
362620,540000.0,152.0,-20.0560938,-44.35817600000002,3,2,1,1.0,170.0,600.0,centro-sul,Sion,12/08/18,None,None
1603337,540000.0,130.0,-19.9289825,-43.92811979999999,3,1,0,2.0,161.0,530.0,centro-sul,Centro,12/08/18,None,None
1675460,540000.0,110.0,-19.9787246,-43.9667776,3,3,1,2.0,185.23,300.0,oeste,Buritis,12/08/18,None,None
3250387,540000.0,95.0,-19.9447537,-43.94305099999997,3,3,1,2.0,282.84,300.0,centro-sul,Santo Antônio,12/08/18,None,None
3251223,540000.0,58.0,-19.9470012,-43.93647329999999,3,2,1,1.0,104.58,450.0,centro-sul,São Pedro,12/08/18,None,None
3256087,540000.0,95.0,-19.944181399999998,-43.951687799999995,3,3,1,1.0,174.15,470.0,centro-sul,Luxemburgo,12/08/18,None,None
3243507,545000.0,80.0,-19.8770306,-44.00256619999999,3,1,1,2.0,110.0,350.0,pampulha,Castelo,12/08/18,None,None
13814,549500.0,97.0,-19.902644,-43.926859000000036,2,1,1,1.0,215.55,360.0,leste,Sagrada Família,12/08/18,None,None
6599,550000.0,127.0,-19.874993600000003,-43.92998790000002,4,2,1,0.0,179.09,415.0,nordeste,Palmares,12/08/18,None,None
27207,550000.0,80.0,-19.9755832,-44.013473600000005,3,1,1,2.0,109.58,380.0,barreiro,Barreiro,12/08/18,None,None
68295,550000.0,125.0,-19.9031157,-43.92395880000004,3,3,1,1.0,270.0,300.0,leste,Sagrada Família,12/08/18,None,None
167178,550000.0,155.0,-19.9062557,-43.94075429999998,3,2,1,2.0,165.0,250.0,leste,Colégio Batista,12/08/18,None,None
182847,550000.0,120.0,-19.947871600000003,-43.94934799999999,2,2,2,3.0,0.01,1130.0,centro-sul,Luxemburgo,12/08/18,None,None
336301,550000.0,110.0,-19.8889421,-43.99528770000001,3,1,1,2.0,135.0,305.0,pampulha,Castelo,12/08/18,None,None
346614,550000.0,65.52,-19.8236182,-43.944197900000006,3,3,1,1.0,1.0,250.0,norte,Vila Cloris,12/08/18,None,None
355953,550000.0,80.0,-19.9476486,-43.925094,3,2,1,2.0,179.0,450.0,centro-sul,Cruzeiro,12/08/18,None,None
363663,550000.0,160.0,-19.9409621,-43.95900670000003,3,1,1,4.0,1900.0,492.0,oeste,Gutierrez,12/08/18,None,None
1673878,550000.0,76.76,-19.903816100000004,-43.92603580000002,4,3,2,2.0,180.0,350.0,leste,Sagrada Família,12/08/18,None,None
2198626,550000.0,130.0,-19.936101,-43.936217,2,2,0,2.0,173.44,550.0,centro-sul,Savassi,12/08/18,None,None
3236063,550000.0,85.0,-19.9269544,-43.99334720000002,3,3,1,2.0,117.08,430.0,noroeste,Coração Eucarístico,12/08/18,None,None
3236620,550000.0,120.0,-19.94506,-43.93345149999999,4,2,1,2.0,142.84,327.0,centro-sul,Sion,12/08/18,None,None
3237468,550000.0,77.0,-19.929088399999998,-43.96807869999998,3,2,1,2.0,120.93,650.0,oeste,Prado,12/08/18,None,None
3240126,550000.0,88.8,-19.8730229,-43.991072100000004,4,2,2,2.0,110.0,250.0,pampulha,Ouro Preto,12/08/18,None,None
3240766,550000.0,104.0,-19.951412,-43.933209000000026,4,2,1,2.0,175.0,550.0,centro-sul,Sion,12/08/18,None,None
3240985,550000.0,90.0,-19.856785000000002,-43.945037100000036,3,3,1,2.0,67.14,240.0,pampulha,Dona Clara,12/08/18,None,None
3244024,550000.0,120.0,-19.9729289,-43.97155520000001,3,4,1,2.0,235.18,460.0,oeste,Buritis,12/08/18,None,None
3245456,550000.0,118.0,-19.886898000000002,-44.0031419,3,1,1,1.0,110.0,250.0,pampulha,Castelo,12/08/18,None,None
3247209,550000.0,118.0,-19.9203695,-43.94191139999998,3,2,1,1.0,220.27,450.0,oeste,Gutierrez,12/08/18,None,None
3250301,550000.0,78.0,-19.8844375,-43.92985550000003,3,2,1,2.0,1468.0,350.0,nordeste,Ipiranga,12/08/18,None,None
136752,560000.0,84.0,-19.937902899999997,-43.9679213,3,2,1,2.0,99.54,470.0,oeste,Grajaú,12/08/18,None,None
168989,560000.0,84.0,-19.9629246,-43.97439129999998,3,3,1,2.0,165.0,350.0,oeste,Havaí,12/08/18,None,None
351087,560000.0,130.0,-19.937278,-43.921423900000036,3,1,2,2.0,130.0,620.0,centro-sul,Serra,12/08/18,None,None
365638,560000.0,170.0,-19.9297944,-43.93057120000003,2,1,0,2.0,184.02,550.0,centro-sul,Funcionários,12/08/18,None,None
402391,560000.0,170.0,-19.9113478,-43.97888940000002,4,2,2,2.0,81.27,220.0,noroeste,Monsenhor Messias,12/08/18,None,None
1842044,560000.0,140.0,-19.933713100000002,-43.975784600000004,3,3,1,2.0,400.0,300.0,oeste,Nova Suíssa,12/08/18,None,None
2099388,560000.0,120.0,-19.9385109,-43.94590500000004,2,2,2,2.0,1.0,385.05,centro-sul,Santo Antônio,12/08/18,None,None
2358601,560000.0,220.0,-19.9051732,-43.97809340000003,4,4,1,2.0,109.42,260.0,noroeste,Caiçaras,12/08/18,None,None
280924,563000.0,103.75,-19.921664,-43.91365669999999,3,1,1,3.0,140.0,500.0,centro-sul,Santa Efigênia,12/08/18,None,None
167038,569000.0,96.0,-19.9322952,-43.933851900000036,3,2,2,2.0,174.89,350.0,centro-sul,Savassi,12/08/18,None,None
3238255,569900.0,74.83,-19.9292574,-43.98146209999999,3,3,1,2.0,175.38,327.0,oeste,Nova Suíssa,12/08/18,None,None
42214,570000.0,96.0,-19.946424899999997,-43.920706199999984,3,2,1,2.0,263.92,502.0,centro-sul,Cruzeiro,12/08/18,None,None
349148,570000.0,96.0,-19.8857956,-43.92741460000002,3,2,1,2.0,190.0,350.0,leste,Cidade Nova,12/08/18,None,None
5742,580000.0,70.42,-19.8729336,-43.93999609999997,3,1,1,2.0,187.61,300.0,nordeste,Santa Cruz,12/08/18,None,None
33903,580000.0,70.42,-19.8721651,-43.916821399999996,3,1,2,2.0,1500.0,230.0,nordeste,Fernão Dias,12/08/18,None,None
157020,580000.0,105.0,-19.959261899999998,-43.93699549999997,3,2,1,2.0,240.0,602.61,centro-sul,Sion,12/08/18,None,None
273064,580000.0,105.0,-19.9690138,-43.96016570000001,3,2,1,2.0,214.81,798.0,oeste,Estoril,12/08/18,None,None
336229,580000.0,101.0,-19.8902015,-43.92551400000002,3,3,1,2.0,163.37,340.0,leste,Cidade Nova,12/08/18,None,None
362231,580000.0,120.0,-19.966404100000002,-43.9640498,3,2,1,1.0,259.09,580.0,oeste,Estoril,12/08/18,None,None
1673184,580000.0,152.03,-19.9374296,-43.96712780000002,4,2,1,1.0,155.94,550.0,oeste,Nova Granada,12/08/18,None,None
2474662,580000.0,210.0,-19.911015,-43.91131000000002,3,3,1,2.0,112.0,400.0,leste,Santa Tereza,12/08/18,None,None
3237813,580000.0,185.0,-19.888610699999997,-43.921198900000036,3,2,1,3.0,119.37,350.0,leste,Cidade Nova,12/08/18,None,None
3246278,580000.0,97.0,-19.9255839,-43.92625829999997,3,3,1,2.0,118.0,210.0,leste,São Lucas,12/08/18,None,None
20898,585000.0,97.0,-19.942362300000003,-43.914185100000005,3,2,1,2.0,119.93,855.0,centro-sul,Serra,12/08/18,None,None
358798,589900.0,100.0,-19.884786,-43.91976490000002,4,4,2,2.0,117.15,275.0,nordeste,União,12/08/18,None,None
28465,590000.0,138.61,-19.942117899999996,-43.945152399999984,2,2,1,2.0,163.0,450.0,centro-sul,São Pedro,12/08/18,None,None
59257,590000.0,138.61,-19.902886,-43.92666930000002,3,3,1,2.0,200.0,300.0,leste,Sagrada Família,12/08/18,None,None
154057,590000.0,144.0,-19.9629437,-44.051943600000016,4,2,1,3.0,200.0,400.0,centro-sul,Sion,12/08/18,None,None
171643,590000.0,95.0,-19.9480585,-43.922257899999984,3,2,1,2.0,249.46,350.0,centro-sul,Cruzeiro,12/08/18,None,None
358585,590000.0,110.0,-19.912115,-43.925702,3,3,1,2.0,120.0,600.0,leste,Sagrada Família,12/08/18,None,None
362549,590000.0,84.0,-19.944204,-43.93782429999999,3,2,1,2.0,125.15,500.0,centro-sul,São Pedro,12/08/18,None,None
364621,590000.0,84.0,-19.9575505,-43.93579360000001,3,2,1,2.0,272.0,800.0,centro-sul,Sion,12/08/18,None,None
1752045,590000.0,135.0,-19.9051088,-43.97533899999996,4,4,1,0.0,144.12,300.0,noroeste,Jardim Montanhês,12/08/18,None,None
352507,595000.0,135.0,-19.9017398,-43.97891010000001,3,4,1,0.0,280.0,175.0,noroeste,Caiçaras,12/08/18,None,None
3251989,595000.0,165.0,-19.938308,-43.96114499999999,3,2,1,3.0,238.0,860.0,oeste,Gutierrez,12/08/18,None,None
46207,600000.0,83.94,-19.84406,-43.93674299999998,3,2,1,3.0,170.0,255.0,norte,Heliópolis,12/08/18,None,None
161906,600000.0,83.0,-19.951538100000004,-43.93924179999999,3,2,1,2.0,200.0,650.0,centro-sul,São Pedro,12/08/18,None,None
1616506,600000.0,72.77,-19.947721100000003,-43.9359594,3,3,1,2.0,217.13,250.0,centro-sul,São Pedro,12/08/18,None,None
1687381,600000.0,72.77,-19.8764618,-43.99909579999997,3,1,2,2.0,379.34,500.0,pampulha,Castelo,12/08/18,None,None
2186721,600000.0,76.0,-19.949303399999998,-43.94412390000002,3,2,1,2.0,248.59,400.0,centro-sul,Santo Antônio,12/08/18,None,None
3244010,600000.0,100.0,-19.88833,-43.99523299999999,4,2,2,2.0,110.0,400.0,pampulha,Castelo,12/08/18,None,None
3191380,601000.0,100.0,-21.515121,-51.43032399999999,4,3,1,2.0,180.19,776.13,centro-sul,Centro,12/08/18,None,None
10145,603400.0,97.0,-19.8920565,-44.015013399999994,3,3,1,2.0,84.0,450.0,oeste,Prado,12/08/18,None,None
352160,608000.0,170.0,-19.906074,-43.93703979999998,3,2,1,2.0,0.0,250.0,leste,Colégio Batista,12/08/18,None,None
342239,615000.0,170.45,-19.8781163,-43.99901829999999,5,1,1,3.0,110.0,250.0,pampulha,Castelo,12/08/18,None,None
5892,630000.0,155.0,-19.9189872,-43.9876037,4,3,1,2.0,166.0,950.0,noroeste,Minas Brasil,12/08/18,None,None
8077,630000.0,120.0,-19.884653419111064,-43.922005535998544,4,1,1,3.0,208.7,700.0,nordeste,União,12/08/18,None,None
173000,630000.0,140.0,-19.9603865,-43.928831400000036,2,0,2,2.0,250.0,450.0,centro-sul,Sion,12/08/18,None,None
332147,630000.0,155.0,-19.940523000000002,-43.95280000000002,4,1,1,2.0,255.0,300.0,centro-sul,São Pedro,12/08/18,None,None
352168,630000.0,120.0,-19.906074,-43.93703979999998,3,2,1,2.0,0.0,250.0,leste,Colégio Batista,12/08/18,None,None
3193143,636000.0,127.47,-19.897147,-43.91990440000001,3,2,1,2.0,181.0,180.0,leste,Sagrada Família,12/08/18,None,None
1840905,636500.0,150.0,-19.841228100000002,-43.97618549999999,3,2,1,2.0,100.0,225.0,pampulha,Santa Amélia,12/08/18,None,None
3246700,640000.0,188.0,-19.948424399999997,-43.9380855,3,2,1,0.0,184.25,750.0,centro-sul,São Pedro,12/08/18,None,None
3256060,640000.0,88.41,-19.917614899999997,-43.91885809999997,3,3,1,3.0,105.91,215.0,leste,Santa Tereza,12/08/18,None,None
38782,650000.0,100.0,-19.882090899999998,-43.99821550000002,3,2,1,2.0,175.0,300.0,pampulha,Castelo,12/08/18,None,None
43600,650000.0,150.0,-19.9320136,-43.94185329999999,2,2,1,2.0,159.9,579.0,centro-sul,Lourdes,12/08/18,None,None
47734,650000.0,150.0,-19.9481455,-43.94152629999997,4,2,1,2.0,60.0,390.0,centro-sul,Santo Antônio,12/08/18,None,None
57692,650000.0,174.0,-19.943573999999998,-43.93002999999999,4,2,1,2.0,227.0,450.0,centro-sul,Sion,12/08/18,None,None
136341,650000.0,145.0,-19.8589068,-43.96480450000002,3,3,2,3.0,140.0,1200.0,pampulha,São Luiz (pampulha),12/08/18,None,None
137690,650000.0,79.0,-19.9380629,-43.9657732,4,3,1,1.0,234.0,330.0,oeste,Barroca,12/08/18,None,None
173768,650000.0,79.0,-19.8804863,-43.99688420000001,3,2,1,1.0,215.0,480.0,pampulha,Castelo,12/08/18,None,None
1841766,650000.0,116.0,-19.940552,-43.95822399999997,4,3,1,2.0,225.5,1200.0,oeste,Gutierrez,12/08/18,None,None
2439012,650000.0,116.0,-19.9551712,-43.9385092,4,2,1,2.0,145.0,700.0,centro-sul,Sion,12/08/18,None,None
3236763,650000.0,78.0,-19.948671899999997,-43.93108699999999,4,2,1,2.0,222.18,380.0,centro-sul,Cruzeiro,12/08/18,None,None
3240748,650000.0,88.0,-19.9378503,-43.9414486,4,2,1,2.0,202.0,450.0,centro-sul,Savassi,12/08/18,None,None
3245010,650000.0,88.0,-19.889627700000002,-43.924395900000036,4,1,1,2.0,251.11,350.0,leste,Cidade Nova,12/08/18,None,None
154163,670000.0,110.0,-19.955243399999997,-43.93122649999998,3,2,1,2.0,206.0,650.0,centro-sul,Sion,12/08/18,None,None
355899,670000.0,93.42,-19.8971129,-43.93228420000002,4,4,1,2.0,213.65,500.0,nordeste,Renascença,12/08/18,None,None
154231,680000.0,93.42,-19.936060100000002,-43.96771639999997,4,2,1,2.0,99.0,980.0,oeste,Grajaú,12/08/18,None,None
352166,680000.0,105.39,-19.906074,-43.93703979999998,3,2,1,3.0,0.0,250.0,leste,Colégio Batista,12/08/18,None,None
357218,680000.0,100.0,-19.9113197,-43.91445550000003,3,2,1,2.0,150.0,450.0,leste,Santa Tereza,12/08/18,None,None
1839471,680000.0,144.0,-19.875894,-43.98593899999997,3,3,1,2.0,168.0,380.0,pampulha,Ouro Preto,12/08/18,None,None
3241561,680000.0,123.0,-19.873956,-43.92857400000002,4,2,1,3.0,196.0,450.0,nordeste,Palmares,12/08/18,None,None
32495,689000.0,104.0,-19.9529609,-43.932996900000035,4,2,1,2.0,147.0,260.0,centro-sul,Sion,12/08/18,None,None
59534,690000.0,66.0,-19.940433300000002,-43.959586,4,2,1,2.0,109.64,1200.0,oeste,Gutierrez,12/08/18,None,None
165486,690000.0,136.58,-19.960398,-43.94824599999998,4,2,2,2.0,225.85,288.0,centro-sul,Santa Lúcia,12/08/18,None,None
341971,690000.0,136.58,-19.9572426,-43.93074309999997,3,2,1,2.0,173.15,950.0,centro-sul,Sion,12/08/18,None,None
350494,690000.0,172.0,-19.9015193,-43.97814679999999,4,4,1,1.0,234.16,280.0,noroeste,Caiçara-Adelaide,12/08/18,None,None
366274,690000.0,120.0,-19.946668,-43.94082119999996,4,2,1,2.0,174.22,848.0,centro-sul,Santo Antônio,12/08/18,None,None
1859325,690000.0,74.57,-19.9411982,-43.97099839999999,3,3,2,2.0,215.6,535.0,oeste,Nova Granada,12/08/18,None,None
1914857,690000.0,85.0,-19.8712006,-43.98610739999998,3,3,1,2.0,180.0,450.0,pampulha,Ouro Preto,12/08/18,None,None
1923108,690000.0,73.49,-19.8791804,-43.99705499999999,4,3,2,2.0,198.81,800.0,pampulha,Castelo,12/08/18,None,None
3248974,690000.0,73.49,-19.951333899999998,-43.93169699999999,3,2,1,2.0,252.5,1100.0,centro-sul,Sion,12/08/18,None,None
3252759,690000.0,105.0,-19.9405093,-43.96369440000001,4,3,1,2.0,140.77,450.0,oeste,Grajaú,12/08/18,None,None
156784,695000.0,105.0,-19.939938100000003,-43.9597369,3,3,1,3.0,244.0,600.0,oeste,Gutierrez,12/08/18,None,None
171629,695000.0,180.0,-19.9396203,-43.913391400000016,4,2,1,1.0,251.55,1000.0,centro-sul,Serra,12/08/18,None,None
363067,695000.0,180.0,-19.880522,-43.99591900000002,3,2,1,1.0,207.0,820.0,pampulha,Castelo,12/08/18,None,None
27582,700000.0,106.0,-19.958690899999997,-43.937598500000036,3,3,1,2.0,251.52,748.0,centro-sul,Sion,12/08/18,None,None
31529,700000.0,60.0,-19.9276819,-43.93466239999998,2,2,1,2.0,249.15,577.5,centro-sul,Savassi,12/08/18,None,None
164130,700000.0,60.0,-19.9824548,-44.01444249999997,3,3,1,2.0,226.5,200.0,barreiro,Barreiro,12/08/18,None,None
343294,700000.0,79.1,-19.956302899999997,-43.939006000000006,3,2,1,2.0,154.97,375.0,centro-sul,Sion,12/08/18,None,None
424043,700000.0,79.1,-19.8773709,-43.999759400000016,3,2,1,2.0,150.0,270.0,pampulha,Castelo,12/08/18,None,None
855409,700000.0,110.0,-19.869139,-43.92318890000002,4,1,1,2.0,250.35,694.78,nordeste,São Paulo,12/08/18,None,None
3239414,700000.0,212.0,-19.9446866,-43.93549039999999,3,2,1,3.0,240.87,963.58,centro-sul,São Pedro,12/08/18,None,None
3246325,700000.0,212.0,-19.972952199999998,-43.96821979999999,4,2,1,3.0,368.0,800.0,oeste,Buritis,12/08/18,None,None
3247288,700000.0,100.0,-19.9349848,-43.96808149999998,4,3,1,2.0,267.0,1070.0,oeste,Grajaú,12/08/18,None,None
3248924,700000.0,228.0,-19.950209,-43.92500000000001,5,4,2,2.0,376.0,500.0,centro-sul,Sion,12/08/18,None,None
2471398,710000.0,89.91,-19.9954049,-44.01870629999996,3,3,1,2.0,230.0,230.0,barreiro,Novo Diamante,12/08/18,None,None
227456,720000.0,66.0,-19.954509299999998,-43.9313234,3,2,1,2.0,272.0,1120.0,centro-sul,Sion,12/08/18,None,None
280419,720000.0,66.0,-19.860391500000002,-43.94015730000001,3,3,3,2.0,1.0,120.0,pampulha,Dona Clara,12/08/18,None,None
280421,720000.0,145.0,-19.860391500000002,-43.94015730000001,3,3,3,2.0,1.0,120.0,pampulha,Dona Clara,12/08/18,None,None
1601062,720000.0,83.83,-19.946473899999997,-43.94138299999997,3,2,1,2.0,289.92,758.0,centro-sul,São Pedro,12/08/18,None,None
2768418,720000.0,220.0,-19.8811289,-44.00246549999997,3,1,1,2.0,150.0,500.0,pampulha,Castelo,12/08/18,None,None
3254320,720000.0,220.0,-19.952357,-43.925906,3,2,1,2.0,322.0,1000.0,centro-sul,Anchieta,12/08/18,None,None
3254430,720000.0,118.0,-19.942605899999997,-43.94252389999997,3,3,1,2.0,196.0,1200.0,centro-sul,Santo Antônio,12/08/18,None,None
59567,730000.0,118.0,-19.9573787,-43.93793840000001,3,2,1,2.0,205.66,1250.0,centro-sul,Sion,12/08/18,None,None
62019,730000.0,170.0,-19.931086999999998,-43.95979890000001,4,3,1,3.0,250.0,650.0,oeste,Gutierrez,12/08/18,None,None
356893,735000.0,110.0,-19.9285351,-43.942587900000035,3,1,1,2.0,194.0,750.0,centro-sul,Funcionários,12/08/18,None,None
159745,740000.0,110.0,-19.875355,-43.997008,4,3,1,2.0,188.0,350.0,pampulha,Castelo,12/08/18,None,None
280324,740000.0,180.0,-19.8604177,-43.94022150000001,3,3,3,2.0,1.0,120.0,pampulha,Dona Clara,12/08/18,None,None
3251057,740000.0,180.0,-19.953534,-43.93097,2,2,1,2.0,245.35,400.0,centro-sul,Sion,12/08/18,None,None
7170,750000.0,220.0,-19.8815845,-44.004785700000006,4,2,1,1.0,200.0,440.0,pampulha,Castelo,12/08/18,None,None
47694,750000.0,200.0,-19.8736718,-43.979895899999974,3,2,1,2.0,160.0,300.0,pampulha,Ouro Preto,12/08/18,None,None
50815,750000.0,260.0,-19.946177600000002,-43.92883280000001,2,2,1,1.0,275.0,300.0,centro-sul,Sion,12/08/18,None,None
51427,750000.0,230.0,-19.975236600000002,-44.01246449999997,4,2,1,3.0,233.28,600.0,barreiro,Barreiro,12/08/18,None,None
144496,750000.0,230.0,-19.947097199999998,-43.9367863,4,2,1,3.0,377.0,604.0,centro-sul,São Pedro,12/08/18,None,None
270609,750000.0,110.0,-19.929776999999998,-43.92654199999998,3,2,1,1.0,295.0,1000.0,centro-sul,Santa Efigênia,12/08/18,None,None
341447,750000.0,150.0,-19.9260235,-43.943349700000006,3,2,1,2.0,0.01,280.0,centro-sul,Lourdes,12/08/18,None,None
354975,750000.0,110.0,-19.922610100000004,-43.94699109999999,3,2,0,2.0,119.97,686.0,centro-sul,Barro Preto,12/08/18,None,None
364751,750000.0,142.0,-19.939004,-43.92162099999996,3,2,1,1.0,310.0,890.0,centro-sul,Serra,12/08/18,None,None
366442,750000.0,95.0,-19.9442219,-43.9511771,4,2,1,2.0,2049.0,300.0,centro-sul,Cidade Jardim,12/08/18,None,None
788034,750000.0,95.0,-19.8779629,-44.00168350000001,4,2,2,2.0,248.0,300.0,pampulha,Castelo,12/08/18,None,None
1858681,750000.0,80.0,-19.8365419,-43.96363530000002,3,1,1,2.0,210.0,450.0,pampulha,Itapoã,12/08/18,None,None
3238414,750000.0,106.0,-19.949728,-43.92528349999998,3,3,1,2.0,172.9,350.0,centro-sul,Sion,12/08/18,None,None
3256302,750000.0,202.54,-19.94518,-43.939326,4,2,1,2.0,216.29,700.0,centro-sul,Santo Antônio,12/08/18,None,None
201231,760000.0,202.54,-19.9603939,-43.92884400000002,3,2,1,2.0,300.0,550.0,centro-sul,Sion,12/08/18,None,None
333910,760000.0,65.0,-19.9296142,-43.959070800000006,4,2,1,2.0,283.27,1200.0,oeste,Prado,12/08/18,None,None
301438,769000.0,65.0,-19.9269,-43.96445210000002,4,3,1,2.0,56.0,450.0,oeste,Prado,12/08/18,None,None
335704,770000.0,158.0,-19.943537300000003,-43.93081779999999,3,2,1,2.0,292.04,1107.0,centro-sul,Carmo,12/08/18,None,None
1824200,770000.0,158.0,-19.9378315,-43.9218995,3,3,1,2.0,330.0,1500.0,centro-sul,Serra,12/08/18,None,None
340571,780000.0,170.0,-19.9469086,-43.95318040000001,3,1,1,3.0,399.48,933.78,centro-sul,Luxemburgo,12/08/18,None,None
356057,780000.0,170.0,-19.947066500000002,-43.93874499999998,3,3,1,3.0,240.0,750.0,centro-sul,São Pedro,12/08/18,None,None
3246244,780000.0,140.0,-19.929867,-43.92625939999999,2,2,1,2.0,130.0,1000.0,centro-sul,Funcionários,12/08/18,None,None
141942,790000.0,80.0,-19.930954,-43.92514399999999,4,2,1,2.0,217.97,944.77,centro-sul,Funcionários,12/08/18,None,None
147812,790000.0,144.0,-19.860001999999998,-43.964945,4,4,2,2.0,160.0,550.0,pampulha,São José (pampulha),12/08/18,None,None
161356,790000.0,160.0,-19.9452837,-43.9415985,4,2,1,2.0,322.17,1600.0,centro-sul,Santo Antônio,12/08/18,None,None
3217056,790000.0,160.0,-19.9551712,-43.9385092,4,2,1,2.0,125.0,750.0,centro-sul,Sion,12/08/18,None,None
157478,795000.0,191.16,-19.872749,-43.92000890000003,4,4,2,2.0,244.0,500.0,nordeste,Fernão Dias,12/08/18,None,None
154520,798000.0,191.16,-19.976053699999998,-43.96839060000002,4,3,1,2.0,292.76,350.0,oeste,Buritis,12/08/18,None,None
340809,799000.0,80.0,-19.8903549,-43.9250298,4,2,1,1.0,132.0,560.0,leste,Cidade Nova,12/08/18,None,None
179200,800000.0,145.0,-19.9536485,-43.95133010000001,4,2,1,2.0,207.86,795.0,centro-sul,São Bento,12/08/18,None,None
181305,800000.0,170.0,-19.9771998,-43.96952699999997,4,2,1,4.0,358.84,750.0,oeste,Buritis,12/08/18,None,None
278053,800000.0,108.0,-19.9302359,-43.9336131,4,2,1,2.0,200.0,430.0,centro-sul,Funcionários,12/08/18,None,None
345115,800000.0,108.0,-19.947236399999998,-43.95205909999999,3,1,1,2.0,399.48,1027.26,centro-sul,Luxemburgo,12/08/18,None,None
1671687,800000.0,113.0,-19.9443212,-43.919236599999984,4,2,1,3.0,234.0,1150.0,centro-sul,Serra,12/08/18,None,None
1786627,800000.0,113.0,-19.935901,-43.92788729999995,4,3,1,3.0,266.83,900.0,centro-sul,Cruzeiro,12/08/18,None,None
3215012,800000.0,186.25,-19.980395,-44.01507000000004,3,1,2,4.0,187.07,250.0,barreiro,Barreiro de Baixo,12/08/18,None,None
3240093,800000.0,118.0,-19.9209663,-43.94179480000002,4,4,1,4.0,222.09,1260.0,centro-sul,Centro,12/08/18,None,None
1529296,820000.0,120.0,-19.9274882,-43.91728309999996,4,1,1,2.0,319.88,1300.0,leste,São Lucas,12/08/18,None,None
3239572,820000.0,105.56,-19.965004999999998,-43.95109990000003,3,2,1,3.0,214.0,700.0,centro-sul,Santa Lúcia,12/08/18,None,None
3245423,820000.0,141.8,-19.979642499999997,-44.02423350000004,3,2,1,2.0,100.0,200.0,barreiro,Barreiro,12/08/18,None,None
205445,830000.0,162.99,-19.9368391,-43.93503559999999,3,1,1,2.0,314.0,755.0,centro-sul,Savassi,12/08/18,None,None
222122,830000.0,120.0,-19.936773100000003,-43.95973270000002,3,1,1,2.0,2000.0,650.0,oeste,Gutierrez,12/08/18,None,None
18912,850000.0,100.6,-19.954149800000003,-43.9532289,4,2,1,2.0,185.6,790.0,centro-sul,Vila Paris,12/08/18,None,None
31194,850000.0,101.08,-19.9163278,-43.93968280000002,3,4,2,2.0,300.22,794.6,centro-sul,Funcionários,12/08/18,None,None
39841,850000.0,101.08,-19.944138,-43.9187743,4,2,1,2.0,169.45,800.0,centro-sul,Serra,12/08/18,None,None
153826,850000.0,190.0,-19.947357699999998,-43.9561152,4,1,1,2.0,328.0,1000.0,centro-sul,Luxemburgo,12/08/18,None,None
168705,850000.0,190.0,-19.9434848,-43.95369149999999,4,1,2,2.0,410.5,1000.0,centro-sul,Coração de Jesus,12/08/18,None,None
347678,850000.0,120.0,-19.958192899999997,-43.93701540000001,4,2,1,1.0,232.47,850.0,centro-sul,Sion,12/08/18,None,None
356821,850000.0,127.0,-19.9412831,-43.9644548,4,4,1,3.0,317.81,600.0,oeste,Gutierrez,12/08/18,None,None
415505,850000.0,127.0,-19.9354948,-43.92991039999998,3,2,1,3.0,314.91,720.0,centro-sul,Funcionários,12/08/18,None,None
632521,850000.0,100.0,-19.9649932,-43.95103280000001,4,3,1,2.0,272.0,700.0,centro-sul,São Bento,12/08/18,None,None
1455796,850000.0,105.0,-19.9593516,-43.93773320000002,3,3,1,2.0,245.0,780.0,centro-sul,Sion,12/08/18,None,None
2110361,850000.0,105.0,-19.9431401,-43.94121749999999,4,2,1,2.0,303.65,824.0,centro-sul,Santo Antônio,12/08/18,None,None
3249459,850000.0,240.0,-19.9347255,-43.92987349999999,4,1,1,3.0,331.1,1458.0,centro-sul,Funcionários,12/08/18,None,None
3251995,850000.0,192.0,-19.9384516,-43.9213555,3,2,1,3.0,311.0,1022.0,centro-sul,Serra,12/08/18,None,None
146732,860000.0,160.0,-19.925657100000002,-43.92249149999998,4,3,1,1.0,384.54,915.17,centro-sul,Santa Efigênia,12/08/18,None,None
3235376,860000.0,210.0,-19.9444501,-43.91672649999998,3,2,1,3.0,400.44,750.0,centro-sul,Serra,12/08/18,None,None
3253044,860000.0,180.0,-19.8771169,-44.00255700000002,4,3,1,2.0,251.45,650.0,pampulha,Castelo,12/08/18,None,None
1903263,870000.0,132.0,-19.9490366,-43.935914300000036,3,3,1,4.0,348.0,850.0,centro-sul,Sion,12/08/18,None,None
67116,880000.0,143.0,-19.9286655,-43.91364390000001,3,1,1,3.0,265.11,580.0,leste,São Lucas,12/08/18,None,None
333520,883500.0,107.0,-19.9562763,-43.93238880000001,2,2,1,3.0,319.53,400.0,centro-sul,Sion,12/08/18,None,None
367311,890000.0,140.0,-19.9347377,-43.92982340000003,4,2,1,1.0,321.45,1500.0,centro-sul,Funcionários,12/08/18,None,None
1633122,890000.0,177.36,-19.9429297,-43.93283830000002,3,3,1,2.0,315.0,1200.0,centro-sul,Sion,12/08/18,None,None
3235033,890000.0,195.41,-19.969078699999997,-43.9702049,4,4,2,2.0,360.37,1546.0,oeste,Buritis,12/08/18,None,None
136896,895000.0,210.0,-19.937859699999997,-43.91836439999997,4,2,1,3.0,215.6,1350.0,centro-sul,Serra,12/08/18,None,None
1974248,895000.0,218.0,-19.875655300000002,-43.98286640000003,4,2,2,3.0,291.0,800.0,pampulha,Ouro Preto,12/08/18,None,None
7696,898000.0,180.0,-21.848126800000003,-46.575080800000016,2,4,2,2.0,340.0,350.0,centro-sul,Cruzeiro,12/08/18,None,None
354085,898000.0,145.0,-19.940063100000003,-43.91663080000001,4,2,1,3.0,394.13,1100.0,centro-sul,Serra,12/08/18,None,None
334842,900000.0,199.68,-19.9471892,-43.92187289999998,3,3,3,2.0,773.7,650.0,centro-sul,Cruzeiro,12/08/18,None,None
720534,900000.0,70.0,-19.942620899999998,-43.91819479999998,4,3,1,2.0,327.0,1200.0,centro-sul,Serra,12/08/18,None,None
352788,930000.0,136.0,-19.8939807,-43.9318164,4,2,1,3.0,225.0,650.0,nordeste,Silveira,12/08/18,None,None
139775,950000.0,149.55,-19.8794824,-43.99854449999998,4,4,1,4.0,259.35,550.0,pampulha,Castelo,12/08/18,None,None
207676,950000.0,140.0,-19.87394,-43.982629100000004,4,4,2,3.0,323.44,1262.0,pampulha,Ouro Preto,12/08/18,None,None
335184,950000.0,100.0,-19.9435184,-43.94034499999998,4,2,1,2.0,315.93,1300.0,centro-sul,São Pedro,12/08/18,None,None
850114,950000.0,131.0,-19.8886681,-43.933436700000016,4,3,1,3.0,255.55,700.0,nordeste,Silveira,12/08/18,None,None
993722,950000.0,180.0,-19.952161,-43.92728499999998,3,2,1,2.0,353.15,855.0,centro-sul,Anchieta,12/08/18,None,None
1578230,950000.0,135.0,-19.949224100000002,-43.9574374,4,5,2,2.0,416.0,1300.0,centro-sul,Luxemburgo,12/08/18,None,None
2799599,950000.0,130.0,-19.928069699999998,-43.95230240000001,4,2,1,2.0,300.0,450.0,centro-sul,Santo Agostinho,12/08/18,None,None
3250157,960000.0,130.0,-19.8611794,-43.95372980000002,4,4,1,2.0,208.32,530.0,pampulha,Liberdade,12/08/18,None,None
342392,965000.0,152.0,-19.9319639,-43.93659149999996,3,2,1,4.0,356.63,873.0,centro-sul,Funcionários,12/08/18,None,None
1019213,980000.0,77.68,-19.946532,-43.93688980000002,3,3,1,2.0,409.64,650.0,centro-sul,São Pedro,12/08/18,None,None
3238731,980000.0,77.68,-19.878695899999997,-44.00111470000002,4,3,1,2.0,185.0,420.0,pampulha,Castelo,12/08/18,None,None
3254045,980000.0,140.0,-19.947022,-43.922889,3,3,1,2.0,271.9,600.0,centro-sul,Cruzeiro,12/08/18,None,None
328079,990000.0,132.0,-19.942383,-43.917149,4,2,1,2.0,309.55,700.0,centro-sul,Serra,12/08/18,None,None
337732,990000.0,93.53,-19.9312527,-43.95272219999998,3,2,1,2.0,422.0,1000.0,centro-sul,Santo Agostinho,12/08/18,None,None
351023,990000.0,190.0,-19.9489529,-43.93445410000004,3,2,1,3.0,334.54,780.0,centro-sul,Sion,12/08/18,None,None
1746875,990000.0,90.0,-19.9275867,-43.92354799999998,0,2,2,3.0,376.05,600.0,centro-sul,Santa Efigênia,12/08/18,None,None
1914058,990000.0,90.0,-19.940337,-43.91236199999997,4,2,1,3.0,369.9,800.0,centro-sul,Serra,12/08/18,None,None
2154554,995000.0,160.0,-19.8610665,-43.9505398,4,4,2,1.0,420.56,1100.0,pampulha,Liberdade,12/08/18,None,None
363018,1000000.0,101.0,-19.9447699,-43.95404389999999,4,2,1,2.0,361.07,1470.0,centro-sul,Luxemburgo,12/08/18,None,None
1656877,1010000.0,218.0,-19.958106,-43.94052240000002,4,1,1,2.0,347.0,1160.0,centro-sul,Sion,12/08/18,None,None
3247321,1020000.0,162.0,-19.9310451,-43.942080100000005,3,2,1,3.0,396.73,1128.72,centro-sul,Lourdes,12/08/18,None,None
8925,1050000.0,105.0,-19.9634592,-43.94641109999998,4,3,1,2.0,325.0,1100.0,centro-sul,São Bento,12/08/18,None,None
351241,1050000.0,160.0,-19.918255,-43.97866399999998,4,3,1,2.0,80.0,705.0,noroeste,Padre Eustáquio,12/08/18,None,None
281331,1060000.0,135.3,-19.956198999999998,-43.93843939999999,4,2,1,2.0,242.0,1200.0,centro-sul,Sion,12/08/18,None,None
3251571,1080000.0,111.0,-19.9421109,-43.9317001,3,3,1,2.0,323.26,1600.0,centro-sul,Sion,12/08/18,None,None
352420,1090000.0,242.65,-19.9581181,-43.94050170000003,4,2,1,2.0,325.0,900.0,centro-sul,Sion,12/08/18,None,None
163238,1100000.0,143.0,-19.902581299999998,-43.96977939999999,4,4,2,3.0,220.0,500.0,noroeste,Padre Eustáquio,12/08/18,None,None
341521,1100000.0,190.0,-19.9297595,-43.94771049999997,4,3,1,2.0,375.0,1000.0,centro-sul,Santo Agostinho,12/08/18,None,None
353566,1100000.0,128.0,-19.9402154,-43.92660920000003,4,3,1,3.0,229.0,700.0,centro-sul,Sion,12/08/18,None,None
355859,1100000.0,144.0,-19.9443212,-43.919236599999984,4,2,1,3.0,376.0,1200.0,centro-sul,Serra,12/08/18,None,None
1856984,1100000.0,140.0,-19.927644600000004,-43.94494150000003,4,2,1,2.0,475.29,1250.0,centro-sul,Lourdes,12/08/18,None,None
2071541,1100000.0,166.74,-19.946706,-43.95657849999998,4,4,2,2.0,394.85,1200.0,centro-sul,Luxemburgo,12/08/18,None,None
332164,1140000.0,77.68,-19.930048100000004,-43.92548399999998,3,2,1,2.0,499.0,960.0,centro-sul,Funcionários,12/08/18,None,None
351269,1140000.0,156.0,-19.9444824,-43.94031269999999,4,3,1,3.0,292.77,1200.0,centro-sul,São Pedro,12/08/18,None,None
139969,1150000.0,100.0,-19.945745600000002,-43.92165660000001,4,3,1,2.0,330.17,1000.0,centro-sul,Serra,12/08/18,None,None
163707,1150000.0,100.0,-19.930623999999998,-43.957472,4,2,1,2.0,316.0,600.0,oeste,Gutierrez,12/08/18,None,None
409225,1179000.0,192.13,-19.8722857,-43.98884369999996,4,4,3,3.0,481.52,800.0,pampulha,Ouro Preto,12/08/18,None,None
40556,1190000.0,166.0,-19.8589556,-43.9635126,3,5,3,1.0,246.0,1450.0,pampulha,São Luiz (pampulha),12/08/18,None,None
3245123,1190000.0,128.0,-19.9478693,-43.92304390000004,4,4,2,3.0,424.13,1760.0,centro-sul,Cruzeiro,12/08/18,None,None
5755,1200000.0,128.0,-19.9758483,-43.94315089999998,4,3,1,3.0,622.15,1460.0,centro-sul,Belvedere,12/08/18,None,None
45959,1200000.0,162.92,-19.8427085,-43.944569099999974,4,4,2,2.0,4585.0,950.0,centro-sul,Serra,12/08/18,None,None
57888,1200000.0,127.32,-19.9474258,-43.92969060000002,4,2,1,3.0,513.68,1500.0,centro-sul,Sion,12/08/18,None,None
353225,1200000.0,140.0,-19.9326826,-43.92839229999999,4,2,1,4.0,461.45,1228.0,centro-sul,Savassi,12/08/18,None,None
359282,1200000.0,130.0,-19.9474932,-43.959028999999994,4,5,2,2.0,245.74,1500.0,centro-sul,Luxemburgo,12/08/18,None,None
1535158,1200000.0,128.0,-19.932889000000003,-43.93671890000002,4,4,2,3.0,450.0,350.0,centro-sul,Funcionários,12/08/18,None,None
52852,1280000.0,112.0,-19.956395,-43.92994699999997,4,2,1,2.0,765.37,1200.0,centro-sul,Sion,12/08/18,None,None
354825,1280000.0,60.0,-19.9387,-43.9575729,4,5,2,1.0,650.0,2000.0,oeste,Gutierrez,12/08/18,None,None
147712,1290000.0,119.0,-19.947591,-43.92384400000003,4,2,2,3.0,480.0,1000.0,centro-sul,Cruzeiro,12/08/18,None,None
151462,1290000.0,172.0,-19.939742000000003,-43.93190440000001,3,3,1,2.0,470.37,1220.0,centro-sul,Savassi,12/08/18,None,None
1575254,1290000.0,154.0,-19.9494285,-43.93328380000003,4,2,1,3.0,467.08,2500.0,centro-sul,Sion,12/08/18,None,None
1941563,1290000.0,160.0,-19.836297100000003,-43.95960230000003,4,3,2,3.0,577.92,350.0,pampulha,Itapoã,12/08/18,None,None
3228041,1290000.0,160.0,-19.959303100000003,-43.93777119999999,4,4,1,3.0,436.21,850.0,centro-sul,Sion,12/08/18,None,None
3233596,1290000.0,170.0,-19.944996,-43.94083890000002,4,3,2,1.0,403.45,2300.0,centro-sul,São Pedro,12/08/18,None,None
3245060,1290000.0,126.0,-19.9413831,-43.921964300000006,4,2,1,3.0,543.04,2000.0,centro-sul,Serra,12/08/18,None,None
146222,1295000.0,82.32,-19.930355,-43.92770840000003,4,2,1,2.0,386.69,1850.0,centro-sul,Funcionários,12/08/18,None,None
19947,1300000.0,82.32,-19.845330800000003,-43.94546579999997,4,1,2,2.0,500.0,1650.0,centro-sul,Serra,12/08/18,None,None
145420,1300000.0,100.0,-19.940817000000003,-43.94403890000001,4,3,3,2.0,461.46,1890.0,centro-sul,Santo Antônio,12/08/18,None,None
343053,1300000.0,160.0,-19.892364800000003,-43.92563630000001,4,5,2,2.0,180.0,1000.0,leste,Cidade Nova,12/08/18,None,None
344719,1300000.0,118.62,-19.943951100000003,-43.937794,4,2,1,3.0,424.65,1120.0,centro-sul,São Pedro,12/08/18,None,None
358148,1300000.0,113.0,-19.9295186,-43.927747700000005,4,1,1,2.0,421.0,1500.0,centro-sul,Funcionários,12/08/18,None,None
404536,1300000.0,197.92,-19.8574839,-43.95003450000002,4,4,2,2.0,210.74,380.0,pampulha,Pampulha,12/08/18,None,None
3251311,1300000.0,200.0,-19.8824323,-43.93307329999999,4,4,1,3.0,262.0,1106.0,centro-sul,Santa Lúcia,12/08/18,None,None
19484,1349000.0,200.0,-20.5000908,-54.62150120000001,4,3,2,3.0,541.45,990.0,centro-sul,Sion,12/08/18,None,None
48268,1350000.0,147.43,-19.9389125,-43.947223099999974,4,2,1,3.0,470.62,1250.0,centro-sul,Santo Antônio,12/08/18,None,None
147390,1350000.0,168.0,-19.861581100000002,-43.96925799999997,4,5,2,4.0,288.0,1100.0,pampulha,São Luiz (pampulha),12/08/18,None,None
349898,1350000.0,168.0,-19.8878013,-43.92401610000002,4,2,1,4.0,314.0,800.0,leste,Cidade Nova,12/08/18,None,None
3249364,1350000.0,151.0,-19.934563,-43.957415999999974,3,4,1,3.0,530.0,2050.0,oeste,Gutierrez,12/08/18,None,None
42122,1390000.0,151.0,-19.9465817,-43.93325089999996,3,3,2,3.0,389.22,1400.0,centro-sul,Carmo,12/08/18,None,None
202485,1400000.0,86.0,-19.883592999999998,-43.92703399999999,4,2,1,2.0,417.79,450.0,nordeste,União,12/08/18,None,None
360782,1400000.0,172.0,-19.9376699,-43.918476,3,4,1,2.0,432.33,2120.0,leste,São Lucas,12/08/18,None,None
192615,1450000.0,130.0,-19.9388707,-43.95964609999999,4,5,2,3.0,487.0,2000.0,oeste,Gutierrez,12/08/18,None,None
272296,1450000.0,85.0,-19.9441994,-43.93784240000002,4,3,1,2.0,373.0,580.0,centro-sul,São Pedro,12/08/18,None,None
361620,1484000.0,85.0,-19.9525395,-43.93387949999999,4,3,2,2.0,616.38,1274.0,centro-sul,Sion,12/08/18,None,None
358553,1490000.0,270.0,-19.943956,-43.91767500000003,4,3,2,2.0,442.13,1982.0,centro-sul,Serra,12/08/18,None,None
50575,1500000.0,87.0,-19.8583477,-43.9619113,4,6,2,2.0,458.0,800.0,pampulha,São Luiz (pampulha),12/08/18,None,None
371504,1500000.0,100.0,-19.859425,-43.95489599999996,4,5,2,0.0,207.18,280.0,pampulha,Liberdade,12/08/18,None,None
11803,1550000.0,115.27,-19.9250354,-43.92626619999999,4,2,1,3.0,413.82,1100.0,centro-sul,Funcionários,12/08/18,None,None
351604,1575000.0,130.6,-19.8609785,-43.9666871,5,5,3,4.0,400.0,1100.0,pampulha,São José (pampulha),12/08/18,None,None
351525,1580000.0,107.72,-19.9386422,-43.92255690000002,4,3,2,2.0,680.84,1675.0,centro-sul,Serra,12/08/18,None,None
359213,1590000.0,107.72,-19.942207699999997,-43.91855880000003,3,2,1,2.0,249.43,820.0,centro-sul,Serra,12/08/18,None,None
50594,1600000.0,107.72,-19.939794,-43.924239,4,4,4,2.0,470.17,1600.0,centro-sul,Serra,12/08/18,None,None
339032,1600000.0,100.0,-19.977056899999997,-43.944475600000025,3,3,1,2.0,579.45,1200.0,centro-sul,Belvedere,12/08/18,None,None
3257874,1650000.0,100.0,-19.9370142,-43.932995300000016,4,3,2,2.0,761.31,2000.0,centro-sul,Funcionários,12/08/18,None,None
58756,1780000.0,154.53,-19.9238227,-43.925971999999994,5,2,1,4.0,650.0,1700.0,centro-sul,Funcionários,12/08/18,None,None
364824,1800000.0,107.0,-19.971429999999998,-43.941621000000005,4,3,2,2.0,825.64,1450.0,centro-sul,Belvedere,12/08/18,None,None
174882,1840000.0,107.0,-19.9318828,-43.940949700000026,4,4,1,2.0,500.0,1460.0,centro-sul,Lourdes,12/08/18,None,None
182432,1850000.0,122.0,-19.953001999999998,-43.93388190000002,4,3,2,3.0,508.81,1500.0,centro-sul,Sion,12/08/18,None,None
2067461,1915000.0,260.0,-19.936647699999998,-43.9573211,4,3,3,2.0,541.78,2300.0,oeste,Gutierrez,12/08/18,None,None
23589,1950000.0,120.0,-19.946645899999996,-43.93693400000001,4,3,2,3.0,714.0,1470.0,centro-sul,São Pedro,12/08/18,None,None
57129,1990000.0,196.0,-19.9716798,-43.9440075,4,3,2,4.0,888.41,2100.0,centro-sul,Belvedere,12/08/18,None,None
3249461,1990000.0,107.0,-19.944142000000003,-43.91663590000002,3,2,3,2.0,947.46,2400.0,centro-sul,Serra,12/08/18,None,None
36010,2100000.0,107.0,-10.076442300000002,-67.05864939999998,4,4,2,2.0,800.0,1800.0,centro-sul,Belvedere,12/08/18,None,None
1895060,2100000.0,107.0,-19.9293498,-43.95495260000001,4,4,2,2.0,747.0,1950.0,centro-sul,Santo Agostinho,12/08/18,None,None
3254452,2250000.0,107.0,-19.9310451,-43.942080100000005,4,2,1,2.0,643.94,2100.0,centro-sul,Lourdes,12/08/18,None,None
223327,2700000.0,107.0,-19.9365253,-43.92972650000002,4,3,2,2.0,1091.93,2200.0,centro-sul,Savassi,12/08/18,None,None
332054,3700000.0,107.0,-19.943425199999997,-43.9199524,4,0,2,2.0,1659.3,3600.0,centro-sul,Serra,12/08/18,None,None
3249845,330000.0,147.0,-19.9698476,-43.96892300000002,3,2,1,2.0,108.64,440.41,oeste,Buritis,12/08/18,None,None
3242068,119000.0,147.0,-19.9804657,-43.99043189999998,2,1,0,2.0,0.0,165.0,barreiro,Bonsucesso,12/08/18,None,None
343948,120000.0,107.0,-20.010714899999996,-44.01415750000001,2,1,0,2.0,0.0,150.0,barreiro,Solar do Barreiro (Barreiro),12/08/18,None,None
1463624,120000.0,107.0,-19.9283343,-44.01626329999999,2,1,0,2.0,0.0,30.0,noroeste,Califórnia,12/08/18,None,None
604222,132000.0,107.0,-20.0106015,-44.01173900000003,2,1,0,2.0,0.0,120.0,barreiro,Solar do Barreiro (Barreiro),12/08/18,None,None
359399,135000.0,168.0,-19.984182999999998,-44.03510849999998,2,1,0,2.0,0.0,251.2,barreiro,João Paulo II (Barreiro,12/08/18,None,None
3243854,135000.0,300.0,-19.920075399999998,-44.009880200000005,2,2,0,3.0,0.0,200.0,noroeste,Califórnia II,12/08/18,None,None
3252054,135000.0,107.0,-20.0125867,-44.0146484,2,1,0,2.0,0.0,170.0,barreiro,Solar do Barreiro (Barreiro),12/08/18,None,None
359434,140000.0,340.0,-19.9419901,-43.98946599999999,2,1,0,3.0,0.0,120.0,oeste,Nova Gameleira,12/08/18,None,None
28516,145000.0,340.0,-19.9287042,-44.0173504,2,1,0,3.0,0.0,90.0,noroeste,Califórnia,12/08/18,None,None
128795,149999.99,113.45,-20.0017013,-44.00865240000002,2,1,0,2.0,0.0,150.0,barreiro,Urucuia,12/08/18,None,None
55004,150000.0,85.36,-19.859187600000002,-43.89199120000001,2,1,0,2.0,62.49,140.0,nordeste,Vitória,12/08/18,None,None
1526278,150000.0,85.36,-19.8212008,-43.955731799999974,2,1,0,2.0,60.13,330.0,venda-nova,São João Batista,12/08/18,None,None
3249456,150000.0,220.0,-20.001132899999998,-44.00220469999999,3,1,0,3.0,0.0,170.0,barreiro,Urucuia,12/08/18,None,None
3236239,155000.0,78.64,-19.840065300000003,-43.89312619999998,2,1,0,2.0,57.42,150.0,norte,Ribeiro de Abreu,12/08/18,None,None
270513,160000.0,143.0,-19.82573,-43.97176500000001,3,1,0,3.0,74.2,250.0,venda-nova,São João Batista,12/08/18,None,None
347156,160000.0,107.0,-19.989819600000004,-44.005068,3,1,0,2.0,749.61,160.0,barreiro,Milionários,12/08/18,None,None
366816,160000.0,85.36,-19.9872479,-44.0357917,2,1,0,2.0,0.0,150.0,barreiro,Milionários,12/08/18,None,None
1676613,160000.0,85.36,-19.9887217,-43.99647629999998,2,1,0,2.0,0.0,150.0,barreiro,Bonsucesso,12/08/18,None,None
2087617,160000.0,85.36,-19.9861308,-44.029118400000016,2,1,0,2.0,0.0,250.0,barreiro,Diamante,12/08/18,None,None
3243367,160000.0,125.8,-19.930899800000002,-43.99575879999998,2,1,0,3.0,47.0,180.0,noroeste,João Pinheiro,12/08/18,None,None
3245525,168000.0,150.0,-19.9969987,-44.02036880000003,2,1,0,3.0,30.0,150.0,barreiro,Diamante(barreiro),12/08/18,None,None
346380,169000.0,107.0,-20.0012791,-44.00215320000001,2,1,0,2.0,0.0,200.0,barreiro,Urucuia,12/08/18,None,None
3258438,169000.0,107.0,-19.965486,-43.99204700000002,2,1,0,2.0,0.0,145.0,oeste,Betânia,12/08/18,None,None
333775,170000.0,107.0,-19.9918371,-44.00442399999997,3,1,0,3.0,0.0,110.0,barreiro,Flávio Marques Lisboa,12/08/18,None,None
595637,170000.0,186.0,-19.936301,-44.01964599999997,2,1,0,3.0,56.0,287.0,noroeste,Santa Maria,12/08/18,None,None
3234814,170000.0,107.0,-19.8431845,-43.93975769999997,2,1,0,3.0,0.0,180.0,norte,Heliópolis,12/08/18,None,None
3250210,170000.0,108.25,-19.898309,-43.99573599999997,2,1,0,2.0,28.0,200.0,pampulha,Manacás,12/08/18,None,None
1671736,174000.0,107.0,-19.9287939,-44.003536,2,1,0,3.0,63.98,150.0,noroeste,João Pinheiro,12/08/18,None,None
338322,175000.0,163.0,-19.9820603,-44.00687959999999,3,1,0,2.0,65.0,130.0,barreiro,Milionários,12/08/18,None,None
1745806,175000.0,120.0,-19.9936924,-44.02233200000001,2,1,0,4.0,53.33,200.0,barreiro,Diamante,12/08/18,None,None
3249377,175000.0,173.11,-19.929261999999998,-44.01744200000002,2,1,0,4.0,60.0,150.0,noroeste,Califórnia,12/08/18,None,None
167231,178000.0,142.0,-19.871107000000002,-43.94625500000001,2,1,0,3.0,27.37,180.0,nordeste,Palmares,12/08/18,None,None
346041,179000.0,142.0,-19.9555198,-43.97717779999999,2,1,0,3.0,55.0,160.0,oeste,Havaí,12/08/18,None,None
1526783,179000.0,82.0,-19.831207199999998,-43.945326000000016,2,1,0,2.0,678.68,180.0,norte,Planalto,12/08/18,None,None
3256595,179000.0,130.0,-19.9083496,-43.97950689999999,2,1,0,2.0,0.0,150.0,noroeste,Jardim Montanhês,12/08/18,None,None
423789,180000.0,170.0,-19.8554694,-43.90440260000002,2,1,0,3.0,0.0,153.0,nordeste,Dom Silvério,12/08/18,None,None
1468830,182000.0,118.0,-19.960403,-43.99415980000003,2,1,0,5.0,0.0,130.0,oeste,Betânia,12/08/18,None,None
365592,185000.0,168.0,-19.9316147,-44.01596419999999,2,1,0,2.0,60.7,200.0,noroeste,Santa Maria,12/08/18,None,None
1745361,185000.0,168.0,-19.960401,-43.99186789999999,3,1,0,2.0,60.0,250.0,oeste,Betânia,12/08/18,None,None
3248802,188000.0,107.77,-19.986435999999998,-44.029744,3,1,0,2.0,30.0,250.0,barreiro,Diamante,12/08/18,None,None
67176,189000.0,203.0,-19.957191199999997,-44.0007316,1,1,0,3.0,57.74,150.0,oeste,Palmeiras,12/08/18,None,None
364818,189000.0,280.0,-19.9657332,-43.99202120000001,3,1,0,4.0,59.0,200.0,oeste,Betânia,12/08/18,None,None
813654,189000.0,206.0,-19.883786699999998,-43.95653909999999,2,1,0,2.0,29.22,220.0,noroeste,Nova Cachoeirinha,12/08/18,None,None
3234330,189000.0,120.0,-19.828960000000002,-43.96393999999998,2,1,0,2.0,83.61,480.0,pampulha,Santa Branca,12/08/18,None,None
170452,190000.0,451.0,-19.9092944,-43.97951660000001,2,1,0,3.0,26.59,120.0,noroeste,Jardim Montanhês,12/08/18,None,None
348378,190000.0,249.68,-19.9927281,-44.00334559999999,2,1,0,4.0,279.05,160.0,barreiro,Flávio Marques Lisboa,12/08/18,None,None
1529331,190000.0,277.0,-19.8404823,-43.9404705,2,1,0,4.0,0.0,120.0,norte,Heliópolis,12/08/18,None,None
3238116,190000.0,155.0,-19.9173193,-43.9941407,2,1,0,4.0,26.59,350.0,noroeste,Padre Eustáquio,12/08/18,None,None
3249415,190000.0,254.52,-19.9409159,-43.99272959999996,2,1,0,4.0,0.0,160.0,oeste,Nova Gameleira,12/08/18,None,None
3251538,190000.0,100.91,-19.842414399999996,-43.89225780000004,3,1,0,2.0,70.0,150.0,nordeste,Acaiaca,12/08/18,None,None
1895747,192500.0,147.0,-19.9633018,-43.97974529999999,2,1,0,3.0,57.0,222.0,oeste,Palmeiras,12/08/18,None,None
168163,195000.0,230.0,-19.9827276,-44.010909700000006,3,1,0,3.0,60.8,255.0,barreiro,Santa Helena (barreiro),12/08/18,None,None
364833,195000.0,384.0,-19.895407000000002,-43.99754100000001,2,1,0,3.0,127.31,630.0,pampulha,Manacás,12/08/18,None,None
1578407,195000.0,260.0,-19.8291773,-43.98830499999997,2,1,0,4.0,27.66,420.0,venda-nova,Parque Leblon,12/08/18,None,None
1853820,195000.0,320.0,-19.9547684,-43.98346989999999,3,1,0,4.0,50.0,180.0,oeste,Cinquentenário,12/08/18,None,None
3212451,195000.0,254.81,-19.959291,-43.96662400000002,2,1,0,4.0,27.0,200.0,oeste,Estoril,12/08/18,None,None
520653,198000.0,286.87,-19.960597600000003,-43.99332620000001,3,1,0,3.0,56.41,115.0,oeste,Betânia,12/08/18,None,None
1859103,198000.0,286.87,-19.9662216,-43.98027030000003,2,1,0,3.0,56.0,200.0,oeste,Palmeiras,12/08/18,None,None
151113,199000.0,161.6,-20.0047247,-44.00451210000001,3,1,0,3.0,35.41,230.0,barreiro,Cardoso,12/08/18,None,None
1797695,199000.0,161.6,-19.917868300000002,-43.96743960000003,3,1,0,3.0,0.0,350.0,noroeste,Padre Eustáquio,12/08/18,None,None
3243953,199000.0,142.67,-19.9076895,-43.98264360000002,2,1,0,3.0,0.0,130.0,noroeste,Jardim Montanhês,12/08/18,None,None
3256537,199000.0,184.0,-19.814813100000002,-43.9526381,2,1,0,4.0,67.18,271.19,venda-nova,Parque São Pedro (venda,12/08/18,None,None
342770,200000.0,158.55,-19.991914899999998,-44.02223920000001,2,1,0,4.0,75.21,265.0,barreiro,Diamante,12/08/18,None,None
343532,200000.0,280.0,-19.9071411,-43.9998349,2,1,0,3.0,0.0,200.0,noroeste,Glória,12/08/18,None,None
1906425,200000.0,205.95,-19.829652199999998,-43.97784739999997,2,1,0,4.0,71.37,255.0,pampulha,Santa Mônica,12/08/18,None,None
3233926,200000.0,274.0,-19.987767,-44.03185400000001,2,1,0,0.0,27.37,170.0,barreiro,Diamante(barreiro),12/08/18,None,None
3243297,200000.0,190.29,-19.8773944,-43.93030269999997,2,1,0,4.0,76.8,330.0,nordeste,Palmares,12/08/18,None,None
3246264,200000.0,167.0,-20.0047413,-44.00462099999999,2,1,0,3.0,1726.14,250.0,barreiro,Cardoso,12/08/18,None,None
3246809,200000.0,206.0,-19.987126800000002,-44.02902330000001,3,1,0,4.0,61.0,220.0,barreiro,Diamante,12/08/18,None,None
3252370,200000.0,206.0,-19.9262686,-43.92549780000002,2,1,0,4.0,60.0,80.0,centro-sul,Santa Efigênia,12/08/18,None,None
21970,205000.0,220.0,-19.9140391,-43.94645700000001,2,1,0,3.0,64.0,210.0,noroeste,Carlos Prates,12/08/18,None,None
943541,205000.0,300.0,-19.959727700000002,-43.9791457,2,1,0,3.0,63.42,220.0,oeste,Marajó,12/08/18,None,None
338573,210000.0,201.7,-19.924616,-43.94329199999999,1,1,1,4.0,59.16,453.2,centro-sul,Santo Agostinho,12/08/18,None,None
353678,210000.0,201.7,-19.960734,-43.99053500000002,2,1,0,4.0,55.0,200.0,oeste,Betânia,12/08/18,None,None
528446,210000.0,160.98,-19.960597600000003,-43.99332620000001,3,1,0,3.0,56.0,230.0,oeste,Betânia,12/08/18,None,None
1606979,210000.0,154.84,-19.841889899999998,-43.89114059999997,3,1,0,4.0,0.0,170.0,nordeste,Paulo Vi,12/08/18,None,None
1662548,210000.0,198.0,-19.9547684,-43.98346989999999,3,1,0,4.0,64.14,250.0,oeste,Cinquentenário,12/08/18,None,None
1787174,210000.0,204.7,-19.9827276,-44.010909700000006,3,1,0,3.0,59.95,240.0,barreiro,Santa Helena (barreiro),12/08/18,None,None
1818114,210000.0,190.0,-19.938026,-43.972689,3,1,1,4.0,80.0,300.0,oeste,Jardim América,12/08/18,None,None
3249463,210000.0,221.39,-19.9657332,-43.99202120000001,2,1,0,2.0,27.37,184.0,oeste,Betânia,12/08/18,None,None
169950,215000.0,162.0,-19.822033100000002,-43.958327699999984,3,1,0,3.0,65.0,170.0,venda-nova,Venda Nova,12/08/18,None,None
178752,215000.0,499.2,-19.9858796,-44.02887129999999,3,1,0,2.0,60.0,275.0,barreiro,Diamante,12/08/18,None,None
1673468,215000.0,230.0,-19.8426342,-43.939487499999984,2,1,0,3.0,27.39,170.0,norte,Heliópolis,12/08/18,None,None
3249328,215000.0,232.0,-19.958934,-43.981865899999995,2,1,0,4.0,27.37,200.0,oeste,Betânia,12/08/18,None,None
405523,219000.0,250.0,-19.9266359,-43.99059199999999,2,1,0,5.0,90.81,250.0,noroeste,Coração Eucarístico,12/08/18,None,None
337777,220000.0,442.44,-19.9792282,-44.00079389999996,2,1,0,5.0,74.34,150.0,barreiro,Milionários,12/08/18,None,None
1738169,220000.0,460.0,-19.951780399999997,-43.95021650000001,2,2,1,4.0,101.75,300.0,centro-sul,Vila Paris,12/08/18,None,None
1906486,220000.0,47.94,-19.9596056,-43.98167169999999,2,1,0,1.0,62.68,246.27,oeste,Cinquentenário,12/08/18,None,None
3256491,220000.0,47.94,-19.9845791,-44.03522390000001,3,1,1,1.0,66.26,250.0,barreiro,Tirol,12/08/18,None,None
61941,225000.0,62.69,-19.9017432,-43.97891219999997,3,1,0,2.0,55.0,180.0,noroeste,Caiçaras,12/08/18,None,None
361949,225000.0,62.69,-19.9570583,-43.98361420000003,2,1,0,2.0,60.0,286.0,oeste,Betânia,12/08/18,None,None
2102190,225000.0,115.0,-19.972155100000002,-43.96671930000002,3,2,1,3.0,89.98,300.0,oeste,Estoril,12/08/18,None,None
3237387,225000.0,115.0,-19.960734,-43.99053500000002,2,1,0,3.0,56.0,190.0,oeste,Betânia,12/08/18,None,None
3248678,225000.0,58.93,-19.8721487,-43.99686539999999,2,1,0,1.0,63.41,230.0,pampulha,Paquetá,12/08/18,None,None
158373,230000.0,58.93,-19.9656688,-43.97215299999999,2,1,0,1.0,275.0,200.0,oeste,Estrela Dalva,12/08/18,None,None
341768,230000.0,70.42,-19.9200192,-43.91134249999999,2,1,0,2.0,67.19,230.0,centro-sul,Santa Efigênia,12/08/18,None,None
347972,230000.0,59.0,-19.865678600000003,-43.9556073,2,1,0,1.0,121.0,190.0,pampulha,Liberdade,12/08/18,None,None
365221,230000.0,59.0,-19.9782382,-43.97764280000001,3,1,0,1.0,692.29,210.0,oeste,Buritis,12/08/18,None,None
1526175,230000.0,70.42,-19.923609699999997,-44.00657050000001,3,2,0,2.0,66.0,390.0,noroeste,Conjunto Califórnia,12/08/18,None,None
2885696,230000.0,70.42,-19.930345000000003,-43.99980690000001,3,2,1,2.0,72.12,180.0,noroeste,João Pinheiro,12/08/18,None,None
3243321,230000.0,160.0,-19.8714397,-43.95249749999999,2,1,0,3.0,87.73,200.0,pampulha,São Francisco,12/08/18,None,None
3245083,230000.0,160.0,-19.920314,-43.91191100000003,2,1,0,3.0,57.0,200.0,centro-sul,Santa Efigênia,12/08/18,None,None
350149,235000.0,57.25,-19.916297699999998,-43.93208099999998,3,1,0,1.0,0.0,50.0,barreiro,Urucuia,12/08/18,None,None
1519308,235000.0,57.25,-19.9529729,-43.97590980000001,2,1,1,1.0,71.0,180.0,oeste,Havaí,12/08/18,None,None
3240166,235000.0,113.0,-19.987295,-44.021536999999974,2,1,0,2.0,726.92,242.66,barreiro,Teixeira Dias,12/08/18,None,None
3244973,235000.0,52.36,-19.968912300000003,-43.965824399999974,2,2,1,2.0,69.05,250.0,oeste,Buritis,12/08/18,None,None
55357,239000.0,230.0,-19.959279000000002,-43.966781999999974,3,1,0,1.0,48.73,298.0,oeste,Estoril,12/08/18,None,None
334824,239000.0,91.18,-19.921167899999997,-43.97044579999999,2,1,0,2.0,75.26,150.0,noroeste,Padre Eustáquio,12/08/18,None,None
3243545,239500.0,72.65,-19.9595993,-43.98544200000004,2,1,0,2.0,62.0,340.0,oeste,Betânia,12/08/18,None,None
169001,240000.0,72.65,-20.0054487,-44.00531639999997,3,1,0,2.0,76.35,380.0,barreiro,Cardoso,12/08/18,None,None
345083,240000.0,109.0,-19.9437462,-43.970193,2,1,0,1.0,69.61,240.0,oeste,Jardim América,12/08/18,None,None
3246143,240000.0,109.0,-19.9827033,-44.01120419999995,3,1,0,1.0,61.57,260.0,barreiro,Santa Helena (barreiro),12/08/18,None,None
356135,245000.0,46.7,-20.005079100000003,-44.00826100000001,3,1,1,0.0,25.0,390.0,barreiro,Cardoso,12/08/18,None,None
347439,247881.49,75.0,-19.924035800000002,-43.93842570000004,1,1,1,1.0,1.0,1.0,centro-sul,Centro,12/08/18,None,None
3254660,248000.0,63.7,-19.9297618,-43.99973069999999,3,1,0,2.0,0.0,220.0,noroeste,João Pinheiro,12/08/18,None,None
3240275,249000.0,72.65,-19.8622664,-43.955530100000026,2,1,0,2.0,86.03,300.0,pampulha,Liberdade,12/08/18,None,None
347384,249812.6,72.65,-19.924035800000002,-43.93842570000004,1,1,1,2.0,1.0,1.0,centro-sul,Centro,12/08/18,None,None
6785,250000.0,63.7,-19.9519841,-43.98700830000002,3,1,1,2.0,75.95,250.0,oeste,Havaí,12/08/18,None,None
340797,250000.0,63.7,-19.895416100000002,-43.90233069999999,2,1,0,2.0,76.01,200.0,leste,Boa Vista,12/08/18,None,None
1625693,250000.0,63.7,-19.904187,-43.917508000000005,2,1,0,2.0,78.18,537.0,leste,Sagrada Família,12/08/18,None,None
1855382,250000.0,63.7,-19.907621300000002,-43.89896670000002,2,1,1,2.0,87.0,289.0,leste,Pompéia,12/08/18,None,None
3254178,250000.0,63.7,-19.9297618,-43.99973069999999,3,1,1,2.0,72.63,100.0,noroeste,João Pinheiro,12/08/18,None,None
347688,250360.31,63.7,-19.924035800000002,-43.93842570000004,1,1,1,2.0,1.0,1.0,centro-sul,Centro,12/08/18,None,None
3255255,254999.99,83.88,-19.950549399999996,-43.97247419999997,2,2,0,2.0,75.08,270.0,oeste,Nova Suíssa,12/08/18,None,None
1580410,255000.0,83.88,-19.9382375,-43.98150440000001,2,1,0,2.0,63.3,215.0,oeste,Salgado Filho,12/08/18,None,None
347790,256795.9,83.88,-19.924035800000002,-43.93842570000004,1,1,1,2.0,1.0,1.0,centro-sul,Centro,12/08/18,None,None
24482,260000.0,83.88,-19.838198100000003,-43.99022639999998,3,1,0,2.0,50.0,200.0,pampulha,Jardim Atlântico,12/08/18,None,None
136164,260000.0,83.88,-19.9148176,-43.98826789999998,2,2,0,2.0,90.85,250.0,noroeste,Padre Eustáquio,12/08/18,None,None
167514,260000.0,83.88,-19.9681366,-43.9826645,3,1,0,2.0,46.22,165.0,oeste,Palmeiras,12/08/18,None,None
332663,260000.0,83.88,-19.8524164,-43.93290999999999,2,1,0,2.0,80.96,150.0,norte,Minaslândia (P Maio),12/08/18,None,None
356892,260000.0,83.88,-19.9123879,-43.93266080000001,2,1,0,2.0,48.07,250.0,leste,Floresta,12/08/18,None,None
361757,260000.0,83.88,-19.9273134,-43.994128999999994,2,1,0,2.0,84.45,165.0,noroeste,Coração Eucarístico,12/08/18,None,None
2170194,260000.0,83.88,-19.830997500000002,-43.93649549999998,2,2,1,2.0,433.25,166.86,norte,Jardim Guanabara,12/08/18,None,None
3257101,260000.0,83.88,-19.95915,-43.96926600000001,3,3,1,2.0,86.09,260.0,oeste,Havaí,12/08/18,None,None
364745,265000.0,83.88,-19.9577376,-43.99296830000003,3,1,1,2.0,72.28,315.0,oeste,Betânia,12/08/18,None,None
281637,269000.0,83.88,-19.8690343,-43.92110730000002,2,1,0,2.0,83.27,210.0,nordeste,São Paulo,12/08/18,None,None
135634,270000.0,83.88,-19.965615,-43.971210600000006,3,2,1,2.0,58.9,150.0,oeste,Estrela Dalva,12/08/18,None,None
357134,270000.0,83.88,-19.9555848,-43.97728169999999,2,2,0,2.0,71.93,220.0,oeste,Havaí,12/08/18,None,None
339694,275000.0,83.88,-19.9617116,-43.98338660000002,3,1,1,2.0,88.75,180.0,oeste,Betânia,12/08/18,None,None
358717,275000.0,85.0,-19.9234658,-43.99082670000002,2,2,1,2.0,83.0,277.0,noroeste,Coração Eucarístico,12/08/18,None,None
366782,277000.0,59.31,-19.9104539,-43.97849220000001,3,2,1,2.0,180.0,250.0,noroeste,Monsenhor Messias,12/08/18,None,None
354819,279000.0,72.65,-19.878985399999998,-43.93399679999999,2,1,0,2.0,99.0,500.0,nordeste,Ipiranga,12/08/18,None,None
16763,280000.0,72.65,-19.887113600000003,-43.890226900000016,2,2,1,2.0,31.0,260.0,leste,Boa Vista,12/08/18,None,None
46198,280000.0,72.65,-19.898812,-43.91691900000001,3,1,0,2.0,58.89,160.0,leste,Sagrada Família,12/08/18,None,None
150413,280000.0,72.65,-20.3081796,-40.3892472,2,2,1,2.0,31.0,260.0,leste,Boa Vista,12/08/18,None,None
167997,280000.0,72.65,-19.8984289,-43.96881259999998,2,1,0,2.0,73.0,190.0,noroeste,Caiçaras,12/08/18,None,None
218391,280000.0,72.65,-19.9570583,-43.98361420000003,2,1,0,2.0,60.75,196.0,oeste,Betânia,12/08/18,None,None
345411,280000.0,72.65,-19.9293565,-43.97798769999997,3,1,1,2.0,921.17,450.0,oeste,Nova Suíssa,12/08/18,None,None
361054,280000.0,72.65,-19.960268300000003,-43.98285599999997,4,2,1,2.0,92.93,250.0,oeste,Palmeiras,12/08/18,None,None
3236605,280000.0,72.65,-19.9115426,-43.96217309999997,2,1,0,2.0,64.0,390.0,noroeste,Carlos Prates,12/08/18,None,None
3253436,280000.0,72.65,-19.9437009,-43.97047859999998,3,2,1,2.0,69.0,220.0,oeste,Nova Granada,12/08/18,None,None
3258435,280000.0,150.0,-19.9195241,-43.98098900000002,3,2,0,3.0,68.0,270.0,noroeste,Padre Eustáquio,12/08/18,None,None
3252552,284000.0,150.0,-19.8930349,-44.004029599999974,2,1,0,3.0,67.56,205.0,noroeste,Alípio de Melo,12/08/18,None,None
354989,287000.0,70.0,-19.9036229,-43.97872489999998,2,2,0,2.0,84.1,130.0,noroeste,Caiçaras,12/08/18,None,None
14034,290000.0,70.0,-19.9106642,-43.92698489999998,3,3,1,2.0,62.0,210.0,leste,São Lucas,12/08/18,None,None
55461,290000.0,72.65,-19.989721600000003,-44.0222943,3,1,1,2.0,96.38,250.0,barreiro,Diamante,12/08/18,None,None
170055,290000.0,72.65,-19.9179154,-43.967542500000036,3,1,0,2.0,0.0,400.0,noroeste,Padre Eustáquio,12/08/18,None,None
342925,290000.0,150.0,-19.941105800000003,-43.97596009999995,2,1,0,2.0,932.78,177.68,oeste,Jardim América,12/08/18,None,None
356311,290000.0,260.0,-19.960310699999997,-43.983092899999974,3,1,0,5.0,75.33,285.0,oeste,Palmeiras,12/08/18,None,None
3256783,290000.0,60.0,-19.9143076,-43.97414879999997,2,2,0,1.0,0.0,250.0,noroeste,Padre Eustáquio,12/08/18,None,None
144936,295000.0,45.0,-19.8832374,-43.90603379999999,3,2,1,1.0,27.0,190.0,venda-nova,Parque São Pedro (venda Nova),12/08/18,None,None
1848603,295000.0,45.0,-19.9686794,-43.96807260000003,2,2,1,1.0,85.95,295.0,oeste,Buritis,12/08/18,None,None
187763,299000.0,218.0,-19.8719137,-43.99851030000002,2,1,1,3.0,76.28,325.0,pampulha,Paquetá,12/08/18,None,None
152865,300000.0,218.0,-19.930401800000002,-43.92851400000001,1,1,0,3.0,119.1,563.61,centro-sul,Funcionários,12/08/18,None,None
182458,300000.0,48.56,-19.923400199999996,-43.94547280000001,3,2,0,1.0,0.0,685.0,centro-sul,Centro,12/08/18,None,None
347521,300000.0,48.56,-19.8968949,-43.92152140000002,2,2,0,1.0,75.93,300.0,leste,Sagrada Família,12/08/18,None,None
1051903,300000.0,68.0,-19.9181458,-43.9674531,3,2,0,1.0,71.35,460.0,noroeste,Padre Eustáquio,12/08/18,None,None
1524576,300000.0,90.0,-19.965729,-43.97990700000002,3,1,1,2.0,92.0,230.0,oeste,Palmeiras,12/08/18,None,None
1582521,309000.0,88.0,-19.9048312,-43.963721100000036,2,1,0,1.0,104.72,280.0,noroeste,Caiçaras,12/08/18,None,None
1834046,309000.0,45.0,-19.8992206,-43.9783008,3,1,1,0.0,81.23,250.0,noroeste,Caiçaras,12/08/18,None,None
3249627,309000.0,98.0,-19.956024300000003,-43.976576000000016,3,1,1,2.0,88.37,228.0,oeste,Havaí,12/08/18,None,None
46422,309900.0,160.0,-19.8306475,-43.9714535,3,2,1,4.0,1.0,250.0,pampulha,Santa Mônica,12/08/18,None,None
153666,310000.0,59.18,-19.8733998,-43.98489860000001,3,2,1,1.0,64.54,250.0,pampulha,Ouro Preto,12/08/18,None,None
3257008,310000.0,81.89,-19.925023,-43.918053999999984,2,1,0,2.0,87.17,314.45,leste,Paraíso,12/08/18,None,None
13774,320000.0,56.0,-19.9866433,-44.0305592,3,1,1,1.0,78.0,180.0,barreiro,Diamante,12/08/18,None,None
141159,320000.0,60.0,-19.9650997,-43.9596411,1,1,1,1.0,75.51,600.0,oeste,Estoril,12/08/18,None,None
141718,320000.0,60.0,-19.9184951,-43.99808350000001,3,2,1,1.0,110.0,300.0,noroeste,Dom Bosco,12/08/18,None,None
161635,320000.0,194.9,-19.9485305,-43.94294920000005,3,2,1,2.0,103.25,120.0,centro-sul,Santo Antônio,12/08/18,None,None
172741,320000.0,194.9,-19.962347,-43.96540579999999,3,3,1,2.0,150.0,200.0,oeste,Estoril,12/08/18,None,None
346655,320000.0,237.55,-19.926177,-43.90834589999997,3,1,1,1.0,82.0,250.0,leste,Paraíso,12/08/18,None,None
353125,320000.0,80.0,-19.9121966,-43.96306449999997,3,1,1,2.0,107.73,320.0,noroeste,Padre Eustáquio,12/08/18,None,None
355946,320000.0,47.0,-19.960310699999997,-43.983092899999974,3,2,0,1.0,72.0,200.0,oeste,Cinquentenário,12/08/18,None,None
362660,320000.0,50.0,-19.8715151,-43.93291039999997,2,1,1,1.0,1021.0,280.0,nordeste,Palmares,12/08/18,None,None
471718,320000.0,51.75,-19.937510699999997,-43.97865920000004,3,3,1,1.0,64.94,540.0,oeste,Nova Suíssa,12/08/18,None,None
589042,320000.0,67.0,-19.934267000000002,-43.9667379,3,2,0,2.0,67.22,150.0,oeste,Barroca,12/08/18,None,None
1520183,320000.0,59.0,-19.918600199999997,-43.97872699999999,3,3,0,1.0,85.0,250.0,noroeste,Padre Eustáquio,12/08/18,None,None
1600926,320000.0,63.7,-19.926113,-43.99082499999997,3,2,0,2.0,0.0,250.0,noroeste,Coração Eucarístico,12/08/18,None,None
1672496,320000.0,63.7,-19.9280965,-43.91144320000001,3,1,1,2.0,96.48,264.0,leste,São Lucas,12/08/18,None,None
3214928,320000.0,80.0,-19.949038,-43.970587000000016,2,2,0,2.0,84.03,250.0,oeste,Jardim América,12/08/18,None,None
3234984,320000.0,51.93,-19.8746115,-43.9192784,2,1,0,1.0,101.68,360.0,nordeste,Fernão Dias,12/08/18,None,None
3257406,320000.0,51.93,-19.933547100000002,-43.98112449999997,2,1,0,1.0,92.0,320.0,oeste,Nova Suíssa,12/08/18,None,None
3257641,320000.0,115.0,-19.915675,-43.982223999999974,3,2,1,3.0,103.64,210.0,noroeste,Padre Eustáquio,12/08/18,None,None
332283,330000.0,124.5,-19.9147912,-43.95516359999999,2,2,0,3.0,80.0,250.0,noroeste,Carlos Prates,12/08/18,None,None
344692,330000.0,126.0,-19.914390100000002,-43.912973599999994,2,2,1,3.0,75.05,200.0,leste,Santa Tereza,12/08/18,None,None
1675365,330000.0,160.0,-19.912876500000003,-43.90098339999997,3,2,1,3.0,95.0,330.0,leste,Pompéia,12/08/18,None,None
3244174,330000.0,39.51,-19.9057793,-43.97736420000001,2,3,1,1.0,73.22,200.0,norte,Adelaide,12/08/18,None,None
1526886,335000.0,130.0,-19.9194879,-43.97352649999999,3,2,1,2.0,93.81,400.0,noroeste,Padre Eustáquio,12/08/18,None,None
3245495,335000.0,130.0,-19.9878773,-44.03605619999996,3,1,1,2.0,102.0,150.0,barreiro,Tirol,12/08/18,None,None
58072,340000.0,125.0,-19.9367541,-44.01944939999999,3,2,1,0.0,69.09,350.0,noroeste,Camargos,12/08/18,None,None
338025,340000.0,114.73,-19.870589000000002,-43.93177130000004,3,1,1,2.0,80.33,360.0,nordeste,Palmares,12/08/18,None,None
355185,340000.0,62.0,-19.8726778,-43.93161720000001,3,1,1,1.0,80.33,360.0,nordeste,Palmares,12/08/18,None,None
3234341,340000.0,150.0,-19.890867999999998,-43.90800999999999,2,2,1,2.0,175.0,350.0,leste,Santa Inês,12/08/18,None,None
3254194,340000.0,66.17,-19.9253447,-43.91691179999998,2,2,0,2.0,141.0,650.0,centro-sul,Santa Efigênia,12/08/18,None,None
3256480,345000.0,66.17,-19.9192015,-43.98710080000001,2,1,0,2.0,93.0,280.0,noroeste,Minas Brasil,12/08/18,None,None
333868,347500.0,65.81,-19.91331,-43.96239400000002,3,2,1,2.0,128.59,450.0,noroeste,Padre Eustáquio,12/08/18,None,None
3236057,348000.0,65.81,-19.9012376,-43.92534710000001,3,2,1,2.0,134.68,300.0,leste,Sagrada Família,12/08/18,None,None
46313,350000.0,66.17,-19.8306475,-43.9714535,3,2,1,2.0,1.0,200.0,pampulha,Santa Branca,12/08/18,None,None
51340,350000.0,44.3,-19.8870937,-43.98135300000001,3,1,1,1.0,60.0,300.0,pampulha,Paquetá,12/08/18,None,None
53950,350000.0,55.0,-19.8999901,-43.970084199999974,2,1,0,0.0,132.91,170.0,noroeste,Caiçaras,12/08/18,None,None
173652,350000.0,55.0,-19.9237687,-43.96325189999999,3,3,1,0.0,72.74,237.0,oeste,Prado,12/08/18,None,None
331208,350000.0,44.27,-19.918999399999997,-43.947576700000006,3,2,0,1.0,91.68,700.0,centro-sul,Centro,12/08/18,None,None
358786,350000.0,56.33,-19.959752899999998,-43.946614200000006,3,2,1,1.0,168.36,300.0,centro-sul,Santa Lúcia,12/08/18,None,None
365957,350000.0,56.33,-19.918875399999997,-43.97686770000002,2,1,1,1.0,98.93,300.0,noroeste,Padre Eustáquio,12/08/18,None,None
3233097,350000.0,34.14,-19.903526,-43.92766799999998,3,2,1,0.0,160.73,648.0,leste,Sagrada Família,12/08/18,None,None
3236035,350000.0,55.61,-19.930899800000002,-43.99575879999998,3,2,1,1.0,97.72,210.0,noroeste,João Pinheiro,12/08/18,None,None
3246285,350000.0,55.61,-19.913067899999998,-43.93123430000003,3,2,1,1.0,78.0,375.0,leste,Floresta,12/08/18,None,None
3258303,350000.0,100.0,-19.9130557,-43.98077280000001,3,1,1,1.0,150.0,500.0,noroeste,Padre Eustáquio,12/08/18,None,None
335748,360000.0,100.0,-19.919211999999998,-43.98543799999999,3,2,1,1.0,107.62,300.0,noroeste,Padre Eustáquio,12/08/18,None,None
358534,360000.0,133.0,-19.869587600000003,-43.93328109999999,3,1,1,2.0,171.85,390.0,nordeste,Palmares,12/08/18,None,None
1080877,360000.0,95.0,-19.8771074,-43.922392599999974,3,3,1,2.0,103.0,150.0,nordeste,União,12/08/18,None,None
3241410,360000.0,89.23,-19.957413600000002,-43.98197949999997,3,2,1,2.0,86.9,340.0,oeste,Palmeiras,12/08/18,None,None
3249376,360000.0,79.03,-19.953864000000003,-43.97839099999999,3,1,1,2.0,100.0,180.0,oeste,Salgado Filho,12/08/18,None,None
3258449,360000.0,79.03,-19.9021038,-43.97327840000003,3,2,1,2.0,79.0,160.0,noroeste,Caiçaras,12/08/18,None,None
154504,370000.0,79.03,-19.9709828,-43.97387979999996,2,1,1,2.0,139.0,520.0,oeste,Buritis,12/08/18,None,None
276517,370000.0,89.23,-19.9722284,-43.97502659999998,3,1,1,2.0,0.0,0.0,oeste,Buritis,12/08/18,None,None
633028,370000.0,89.23,-19.9366695,-44.02219739999998,3,2,1,2.0,67.07,537.0,noroeste,Camargos,12/08/18,None,None
3254601,370000.0,79.03,-19.872038800000002,-43.91388069999999,3,2,1,2.0,134.0,100.0,nordeste,Fernão Dias,12/08/18,None,None
3234861,373896.0,79.03,-19.9177217,-43.98725580000002,2,2,1,2.0,1.0,1.0,noroeste,Padre Eustáquio,12/08/18,None,None
3241976,373896.0,79.03,-19.918482,-43.98765449999996,2,2,1,2.0,1.0,1.0,noroeste,Padre Eustáquio,12/08/18,None,None
3234384,375000.0,79.03,-19.9426118,-43.97370999999998,3,3,1,2.0,127.03,270.0,oeste,Jardim América,12/08/18,None,None
3250659,375000.0,79.03,-19.926243,-43.99230499999999,3,2,1,2.0,116.96,298.0,noroeste,Coração Eucarístico,12/08/18,None,None
3251231,375000.0,79.03,-19.921198999999998,-43.971094,3,2,1,2.0,144.0,300.0,noroeste,Padre Eustáquio,12/08/18,None,None
3254758,375000.0,89.23,-19.9112649,-43.932911200000035,3,1,0,2.0,99.0,230.0,leste,Floresta,12/08/18,None,None
48630,380000.0,89.23,-19.9496216,-43.94712419999996,3,1,1,2.0,100.0,500.0,centro-sul,Santo Antônio,12/08/18,None,None
3242556,380000.0,79.03,-19.893991,-43.9966814,3,3,1,2.0,142.56,290.0,pampulha,Manacás,12/08/18,None,None
3253268,380000.0,79.03,-19.918661,-43.98661060000001,3,2,1,2.0,139.09,300.0,noroeste,Padre Eustáquio,12/08/18,None,None
3254033,380000.0,79.03,-19.834032,-43.962462000000016,3,2,1,2.0,129.0,250.0,pampulha,Itapoã,12/08/18,None,None
3257525,380000.0,45.0,-19.906331899999998,-43.92923769999999,3,3,1,1.0,82.0,230.0,leste,Sagrada Família,12/08/18,None,None
3257543,380000.0,98.0,-19.906331899999998,-43.92923769999999,3,3,1,2.0,82.0,230.0,leste,Sagrada Família,12/08/18,None,None
343068,385000.0,48.0,-19.9118629,-43.980817,3,2,1,1.0,78.1,467.0,noroeste,Padre Eustáquio,12/08/18,None,None
35113,388000.0,100.0,-19.985543600000003,-44.02706990000002,3,2,1,1.0,100.0,200.0,barreiro,Diamante(barreiro),12/08/18,None,None
148160,390000.0,122.0,-19.8899017,-43.90907600000003,3,2,1,3.0,65.0,250.0,venda-nova,Ana Lúcia,12/08/18,None,None
344271,390000.0,42.0,-19.892813600000004,-43.93254039999999,3,2,1,0.0,58.03,250.0,nordeste,Silveira,12/08/18,None,None
614014,390000.0,51.0,-19.936624600000002,-43.975021700000006,2,2,1,0.0,88.15,300.0,oeste,Nova Suíssa,12/08/18,None,None
2475769,390000.0,45.0,-19.9799187,-44.01301489999997,3,2,1,1.0,145.32,200.0,barreiro,Barreiro,12/08/18,None,None
3213204,390000.0,45.0,-19.964062300000002,-43.96417320000001,3,2,1,1.0,90.0,384.0,oeste,Estoril,12/08/18,None,None
3254945,390000.0,70.0,-19.91825,-43.97077360000003,3,2,1,2.0,116.55,250.0,noroeste,Padre Eustáquio,12/08/18,None,None
3257527,390000.0,65.0,-19.906331899999998,-43.92923769999999,3,3,1,1.0,82.0,230.0,leste,Sagrada Família,12/08/18,None,None
3257558,390000.0,74.33,-19.906331899999998,-43.92923769999999,3,3,1,0.0,82.0,230.0,leste,Sagrada Família,12/08/18,None,None
3246194,395000.0,74.33,-19.972986,-43.97143399999999,3,2,1,0.0,168.52,480.0,oeste,Buritis,12/08/18,None,None
3249323,395000.0,80.0,-19.944765399999998,-43.95179439999998,3,2,1,1.0,165.5,415.0,centro-sul,Luxemburgo,12/08/18,None,None
3255981,395000.0,80.0,-19.8714233,-43.93421209999997,3,1,1,1.0,125.19,250.0,nordeste,Palmares,12/08/18,None,None
35111,398000.0,91.18,-19.985543600000003,-44.02706990000002,3,2,1,2.0,100.0,200.0,barreiro,Novo Diamante,12/08/18,None,None
35112,399000.0,72.97,-19.985543600000003,-44.02706990000002,3,2,1,1.0,100.0,200.0,barreiro,Diamante(barreiro),12/08/18,None,None
3215781,399999.99,100.0,-19.9569843,-43.99071760000004,3,2,0,2.0,27.37,0.0,oeste,Betânia,12/08/18,None,None
7123,400000.0,55.0,-19.9797575,-43.969249200000036,4,3,1,2.0,165.47,400.0,oeste,Buritis,12/08/18,None,None
348509,400000.0,180.0,-19.936936300000003,-43.9778149,3,2,1,1.0,153.17,440.0,oeste,Nova Suíssa,12/08/18,None,None
363335,400000.0,180.0,-19.95834,-43.96684140000002,3,1,1,1.0,930.0,234.0,oeste,Estoril,12/08/18,None,None
2825754,400000.0,85.0,-19.841889899999998,-43.89114059999997,3,1,0,4.0,297.0,153.0,nordeste,Acaiaca,12/08/18,None,None
3233806,400000.0,95.0,-19.912712699999997,-43.92056589999999,2,1,0,1.0,121.29,400.0,leste,Santa Tereza,12/08/18,None,None
3243292,400000.0,91.88,-19.959101,-43.93801600000001,3,2,1,1.0,114.0,400.0,centro-sul,Sion,12/08/18,None,None
49101,405000.0,85.0,-19.931253100000003,-43.9373109,1,1,1,1.0,232.32,380.0,centro-sul,Savassi,12/08/18,None,None
51968,405000.0,93.0,-19.931253100000003,-43.9373109,1,1,1,1.0,232.32,380.0,centro-sul,Savassi,12/08/18,None,None
358108,405000.0,95.0,-19.985345000000002,-44.02716770000001,3,2,1,2.0,100.0,200.0,barreiro,Diamante(barreiro),12/08/18,None,None
3121790,405000.0,108.41,-19.903175,-43.9607661,2,2,1,2.0,115.08,310.0,noroeste,Nova Esperança,12/08/18,None,None
355501,407000.0,113.0,-19.986647100000003,-44.02733660000001,3,2,1,3.0,134.0,250.0,barreiro,Diamante(barreiro),12/08/18,None,None
35114,410000.0,126.0,-19.985543600000003,-44.02706990000002,3,2,1,3.0,100.0,200.0,barreiro,Diamante(barreiro),12/08/18,None,None
338768,410000.0,107.84,-19.97259,-43.96733499999999,3,3,1,2.0,200.02,660.0,oeste,Estoril,12/08/18,None,None
3256393,410000.0,98.0,-19.918813500000002,-43.98798729999999,3,2,1,2.0,88.38,280.0,noroeste,Minas Brasil,12/08/18,None,None
143672,415000.0,180.0,-19.9952112,-44.02066500000001,3,2,1,2.0,1491.97,300.0,barreiro,Diamante,12/08/18,None,None
353569,415000.0,144.09,-19.924072,-43.93943890000003,3,2,0,2.0,139.0,350.0,centro-sul,Centro,12/08/18,None,None
358119,415000.0,46.48,-19.985376000000002,-44.02702099999999,3,2,1,1.0,100.0,200.0,barreiro,Diamante(barreiro),12/08/18,None,None
41796,420000.0,44.0,-19.9352625,-43.97359970000002,3,2,1,1.0,60.0,150.0,oeste,Nova Suíssa,12/08/18,None,None
2892761,420000.0,57.36,-19.9067547,-43.92236860000003,3,3,1,1.0,124.54,160.0,leste,Sagrada Família,12/08/18,None,None
3242541,420000.0,48.59,-19.946041,-43.946033,2,3,2,1.0,54.74,225.0,centro-sul,Santo Antônio,12/08/18,None,None
3251418,420000.0,60.46,-19.905162,-43.92097999999999,3,2,1,1.0,104.0,300.0,leste,Sagrada Família,12/08/18,None,None
3256532,420000.0,60.46,-19.9541983,-43.97848160000001,3,1,1,1.0,1138.26,180.0,oeste,Havaí,12/08/18,None,None
2538483,425000.0,48.59,-19.8929299,-43.9264622,3,1,1,1.0,120.4,350.0,leste,Cidade Nova,12/08/18,None,None
140801,429526.42,43.89,-19.8631777,-43.95624950000001,2,2,1,1.0,1.0,440.0,pampulha,Liberdade,12/08/18,None,None
140802,429526.42,55.0,-19.8631777,-43.95624950000001,2,2,1,1.0,1.0,440.0,pampulha,Liberdade,12/08/18,None,None
63473,430000.0,60.0,-19.981438,-43.96571599999999,3,2,1,1.0,1801.33,413.0,oeste,Buritis,12/08/18,None,None
1662308,430000.0,70.0,-19.9770951,-44.02300229999997,3,1,1,1.0,130.0,250.0,barreiro,Barreiro de Baixo,12/08/18,None,None
2882746,430000.0,54.87,-19.9740353,-43.97313259999999,4,1,1,1.0,323.0,300.0,oeste,Buritis,12/08/18,None,None
3238132,430000.0,54.87,-19.893501500000003,-43.93201959999999,3,2,1,1.0,118.03,532.0,nordeste,Nova Floresta,12/08/18,None,None
3245471,430000.0,69.69,-19.926499800000002,-43.99196970000003,3,2,1,1.0,131.01,440.0,noroeste,Coração Eucarístico,12/08/18,None,None
141317,433074.82,65.0,-19.8638927,-43.9559822,2,2,1,1.0,1.0,440.0,pampulha,Liberdade,12/08/18,None,None
141328,433074.82,70.0,-19.8638927,-43.9559822,2,2,1,1.0,1.0,440.0,pampulha,Liberdade,12/08/18,None,None
141330,436623.23,92.0,-19.8638927,-43.9559822,2,2,1,2.0,1.0,440.0,pampulha,Liberdade,12/08/18,None,None
141339,438933.31,130.0,-19.8638927,-43.9559822,2,2,1,1.0,1.0,440.0,pampulha,Liberdade,12/08/18,None,None
2426357,440000.0,130.0,-19.91845,-43.92998599999999,2,1,0,1.0,120.0,543.0,leste,Floresta,12/08/18,None,None
141340,440172.71,130.0,-19.8638927,-43.9559822,2,2,1,1.0,1.0,440.0,pampulha,Liberdade,12/08/18,None,None
141341,442471.98,75.0,-19.8638927,-43.9559822,2,2,1,2.0,1.0,440.0,pampulha,Liberdade,12/08/18,None,None
141342,443720.03,80.0,-19.8638927,-43.9559822,2,2,1,2.0,1.0,440.0,pampulha,Liberdade,12/08/18,None,None
144011,443720.03,47.0,-19.8638927,-43.9559822,2,2,1,1.0,1.0,440.0,pampulha,Liberdade,12/08/18,None,None
343775,445000.0,150.32,-19.976789399999998,-44.01972920000003,3,2,1,2.0,200.0,200.0,barreiro,Barreiro de Baixo,12/08/18,None,None
144023,446009.56,82.0,-19.8638927,-43.9559822,2,2,1,1.0,1.0,440.0,pampulha,Liberdade,12/08/18,None,None
144024,446009.56,85.0,-19.8638927,-43.9559822,2,2,1,2.0,1.0,440.0,pampulha,Liberdade,12/08/18,None,None
144025,447268.43,507.97,-19.8638927,-43.9559822,2,2,1,4.0,1.0,440.0,pampulha,Liberdade,12/08/18,None,None
144026,447268.43,85.0,-19.8638927,-43.9559822,2,2,1,3.0,1.0,440.0,pampulha,Liberdade,12/08/18,None,None
53796,450000.0,60.0,-19.901736800000002,-43.98110399999996,3,3,1,1.0,124.53,230.0,noroeste,Caiçaras,12/08/18,None,None
361066,450000.0,37.07,-19.9766109,-43.96605460000001,3,3,1,1.0,232.0,700.0,oeste,Estoril,12/08/18,None,None
1662306,450000.0,55.0,-19.9770951,-44.02300229999997,3,1,1,1.0,130.0,250.0,barreiro,Barreiro de Baixo,12/08/18,None,None
3243630,450000.0,74.15,-19.8713331,-43.99396969999998,3,2,1,1.0,107.75,300.0,pampulha,Paquetá,12/08/18,None,None
3252645,450000.0,88.8,-19.9233386,-43.9262789,3,3,1,2.0,138.36,611.0,centro-sul,Santa Efigênia,12/08/18,None,None
338836,460000.0,65.0,-19.9423706,-43.91691149999997,3,2,0,1.0,118.0,522.0,centro-sul,Serra,12/08/18,None,None
347029,460000.0,59.87,-19.9357121,-43.92537759999999,2,1,0,1.0,142.36,720.0,centro-sul,Serra,12/08/18,None,None
358332,460000.0,144.0,-19.947518300000002,-43.92304969999998,3,1,0,2.0,136.98,250.0,centro-sul,Cruzeiro,12/08/18,None,None
359743,460000.0,45.5,-19.9831479,-43.9740693,3,2,1,1.0,133.08,460.0,oeste,Buritis,12/08/18,None,None
361411,460000.0,140.0,-19.9756557,-43.97245470000002,3,3,1,0.0,120.0,295.0,oeste,Estoril,12/08/18,None,None
3233637,460000.0,130.0,-19.962938,-43.95131800000002,2,2,1,1.0,240.0,243.0,centro-sul,Santa Lúcia,12/08/18,None,None
3254321,460000.0,130.0,-19.941858,-43.93524300000002,4,2,1,1.0,160.0,400.0,centro-sul,São Pedro,12/08/18,None,None
3257512,460000.0,147.0,-19.906331899999998,-43.92923769999999,3,3,1,4.0,82.0,230.0,leste,Sagrada Família,12/08/18,None,None
144027,460160.99,190.0,-19.8638927,-43.9559822,2,2,1,2.0,1.0,440.0,pampulha,Liberdade,12/08/18,None,None
144034,461462.04,160.0,-19.8638927,-43.9559822,2,2,1,4.0,1.0,440.0,pampulha,Liberdade,12/08/18,None,None
144035,461462.04,69.51,-19.8638927,-43.9559822,2,2,1,2.0,1.0,440.0,pampulha,Liberdade,12/08/18,None,None
144036,463698.58,110.0,-19.8638927,-43.9559822,2,2,1,2.0,1.0,440.0,pampulha,Liberdade,12/08/18,None,None
140750,465000.0,136.0,-19.937989,-43.95942969999999,2,2,0,2.0,100.0,500.0,oeste,Gutierrez,12/08/18,None,None
144046,465011.52,48.0,-19.8638927,-43.9559822,2,2,1,1.0,1.0,440.0,pampulha,Liberdade,12/08/18,None,None
146252,465011.52,95.0,-19.8638927,-43.9559822,2,2,1,2.0,1.0,440.0,pampulha,Liberdade,12/08/18,None,None
167334,468559.92,146.0,-19.8638927,-43.9559822,2,2,1,2.0,1.0,440.0,pampulha,Liberdade,12/08/18,None,None
62648,470000.0,50.0,-19.971049800000003,-43.96852309999997,3,2,1,1.0,159.97,569.0,oeste,Buritis,12/08/18,None,None
344141,470000.0,43.9,-19.9678803,-43.96507780000002,3,2,1,1.0,164.6,750.0,oeste,Buritis,12/08/18,None,None
1662304,470000.0,72.0,-19.9770951,-44.02300229999997,3,1,1,1.0,130.0,250.0,barreiro,Barreiro de Baixo,12/08/18,None,None
3236503,470000.0,88.72,-19.953952899999997,-43.93850800000001,3,2,1,2.0,219.24,630.0,centro-sul,Sion,12/08/18,None,None
167332,470774.83,95.0,-19.8638927,-43.9559822,2,2,1,2.0,1.0,440.0,pampulha,Liberdade,12/08/18,None,None
167349,472108.32,88.72,-19.8638927,-43.9559822,2,2,1,2.0,1.0,440.0,pampulha,Liberdade,12/08/18,None,None
342327,475000.0,88.72,-19.9480844,-43.94464570000002,3,1,1,2.0,146.0,360.0,centro-sul,Santo Antônio,12/08/18,None,None
365448,475000.0,88.72,-19.916663,-43.99249639999999,2,2,1,2.0,159.69,300.0,noroeste,Minas Brasil,12/08/18,None,None
564495,475000.0,79.03,-19.9717826,-43.96652740000002,3,2,1,2.0,189.0,591.0,oeste,Buritis,12/08/18,None,None
143485,475657.81,78.0,-19.8638927,-43.9559822,2,2,1,2.0,1.0,440.0,pampulha,Liberdade,12/08/18,None,None
143487,475657.81,147.0,-19.8638927,-43.9559822,2,2,1,3.0,1.0,440.0,pampulha,Liberdade,12/08/18,None,None
345969,480000.0,260.0,-19.9345122,-43.93447879999997,1,1,0,5.0,164.55,450.0,centro-sul,Savassi,12/08/18,None,None
390137,480000.0,217.0,-19.9033792,-43.980342500000006,3,3,1,4.0,101.0,250.0,noroeste,Caiçaras,12/08/18,None,None
3255350,480000.0,90.0,-19.9313959,-43.96181580000001,2,2,0,2.0,104.55,400.0,oeste,Gutierrez,12/08/18,None,None
3241642,484999.0,83.29,-19.8863738,-43.8904379,3,2,1,2.0,40.0,400.0,leste,Cidade Nova,12/08/18,None,None
3253207,485000.0,170.7,-19.9763904,-43.97638899999998,3,3,1,3.0,150.0,380.0,oeste,Buritis,12/08/18,None,None
43298,490000.0,69.7,-19.930168600000002,-43.91778820000002,4,2,1,2.0,110.0,550.0,centro-sul,Santa Efigênia,12/08/18,None,None
3257528,490000.0,69.7,-19.906331899999998,-43.92923769999999,3,3,1,2.0,82.0,230.0,leste,Sagrada Família,12/08/18,None,None
1469808,498000.0,69.7,-19.880222,-43.99636399999997,3,3,1,2.0,140.0,380.0,pampulha,Castelo,12/08/18,None,None
32115,499900.0,69.7,-19.989040600000003,-44.05242049999998,3,3,1,2.0,123.0,0.0,barreiro,Tirol,12/08/18,None,None
3248907,499900.0,69.7,-19.8929147,-43.93108669999998,3,2,1,2.0,189.0,532.0,nordeste,Silveira,12/08/18,None,None
39673,500000.0,69.7,-19.9699314,-43.97776399999998,3,1,1,2.0,153.58,670.0,oeste,Buritis,12/08/18,None,None
336410,500000.0,155.0,-19.9495113,-43.92108569999999,3,2,1,4.0,173.72,300.0,centro-sul,Anchieta,12/08/18,None,None
1818092,500000.0,141.0,-19.938695499999998,-43.96664060000001,3,2,1,4.0,120.0,340.0,oeste,Grajaú,12/08/18,None,None
3241726,501235.82,58.0,-19.8863738,-43.8904379,3,2,1,1.0,40.0,400.0,leste,Cidade Nova,12/08/18,None,None
342772,510000.0,56.04,-19.949434,-43.92250809999996,2,0,0,1.0,185.24,350.0,centro-sul,Anchieta,12/08/18,None,None
150263,520000.0,146.0,-19.9207474,-43.94266260000001,3,2,0,2.0,107.3,530.0,centro-sul,Centro,12/08/18,None,None
338308,520000.0,140.87,-19.9772021,-44.01477460000001,3,2,1,2.0,1650.55,280.0,barreiro,Barreiro,12/08/18,None,None
14210,530000.0,57.0,-19.8836609,-43.91949850000003,3,1,3,1.0,136.0,400.0,nordeste,União,12/08/18,None,None
339845,530000.0,159.15,-19.9716414,-43.97318139999999,4,3,1,1.0,227.46,500.0,oeste,Buritis,12/08/18,None,None
3247217,530000.0,64.0,-19.9220129,-43.9897775,4,2,1,1.0,182.48,400.0,noroeste,Coração Eucarístico,12/08/18,None,None
3240316,535000.0,85.0,-19.905017,-43.97248630000002,3,3,1,2.0,1.0,350.0,noroeste,Caiçaras,12/08/18,None,None
46424,539000.0,100.0,-19.830623000000003,-43.97111999999999,3,2,1,2.0,1.0,300.0,pampulha,Santa Branca,12/08/18,None,None
351607,539000.0,162.0,-19.936750600000003,-43.973911999999984,4,4,1,2.0,125.0,400.0,oeste,Nova Suíssa,12/08/18,None,None
352321,539000.0,48.0,-19.9270462,-43.96588209999999,3,2,1,1.0,0.01,0.0,oeste,Prado,12/08/18,None,None
338847,540000.0,48.0,-19.9423706,-43.91691149999997,4,1,2,1.0,118.0,522.0,centro-sul,Serra,12/08/18,None,None
346333,540000.0,208.46,-19.9816755,-43.974279799999984,4,2,1,4.0,128.86,520.0,oeste,Buritis,12/08/18,None,None
348970,540000.0,208.46,-19.9052112,-43.969618200000006,3,3,1,4.0,180.0,380.0,noroeste,Caiçaras,12/08/18,None,None
141965,548000.0,220.0,-19.9513323,-43.936693200000036,2,2,1,2.0,229.82,500.0,centro-sul,Sion,12/08/18,None,None
128597,550000.0,70.0,-19.875232399999998,-43.91649240000004,3,2,1,0.0,180.0,650.0,nordeste,Fernão Dias,12/08/18,None,None
191043,550000.0,64.16,-19.8968953,-43.92547139999999,3,1,1,1.0,208.71,550.0,leste,Sagrada Família,12/08/18,None,None
354721,550000.0,46.0,-19.974452399999997,-43.94226559999999,3,2,1,1.0,233.95,666.0,centro-sul,Belvedere,12/08/18,None,None
1527439,550000.0,44.0,-19.883651800000003,-43.92433510000001,4,3,1,1.0,120.0,300.0,nordeste,União,12/08/18,None,None
2764360,550000.0,50.0,-19.9021516,-43.97055739999996,4,3,1,1.0,165.0,500.0,noroeste,Caiçaras,12/08/18,None,None
140780,552198.81,59.0,-19.8631777,-43.95624950000001,2,2,1,1.0,1.0,440.0,pampulha,Liberdade,12/08/18,None,None
3247473,554500.0,49.63,-19.937842,-43.97964500000001,4,3,1,1.0,129.0,200.0,oeste,Salgado Filho,12/08/18,None,None
165145,560000.0,41.94,-19.9065829,-43.97312729999999,4,3,1,1.0,168.0,623.0,noroeste,Caiçaras,12/08/18,None,None
1519307,560000.0,48.31,-19.917905800000003,-43.9767506,3,3,1,1.0,167.0,300.0,noroeste,Padre Eustáquio,12/08/18,None,None
1683031,560000.0,62.28,-19.961745399999998,-43.9463566,3,3,1,1.0,152.81,450.0,centro-sul,Santa Lúcia,12/08/18,None,None
140769,563436.67,51.0,-19.8631777,-43.95624950000001,2,2,1,1.0,1.0,440.0,pampulha,Liberdade,12/08/18,None,None
3257551,570000.0,65.0,-19.906331899999998,-43.92923769999999,3,3,1,0.0,82.0,230.0,leste,Sagrada Família,12/08/18,None,None
351274,580000.0,43.91,-19.9449212,-43.949197399999996,4,2,1,1.0,174.81,1168.0,centro-sul,Coração de Jesus,12/08/18,None,None
1846801,580000.0,47.0,-19.9157957,-43.97544019999998,3,3,1,0.0,147.75,500.0,noroeste,Padre Eustáquio,12/08/18,None,None
35120,585000.0,49.48,-19.9855512,-44.027059200000004,3,3,1,0.0,180.0,200.0,barreiro,Diamante(barreiro),12/08/18,None,None
815094,590000.0,54.17,-19.953823999999997,-43.94754669999998,3,4,1,1.0,89.0,1050.0,centro-sul,Vila Paris,12/08/18,None,None
1462371,598000.0,54.13,-19.964902,-43.95083799999998,3,2,1,1.0,1798.77,400.0,centro-sul,Santa Lúcia,12/08/18,None,None
169535,600000.0,54.13,-19.9495877,-43.943083600000016,4,2,1,1.0,241.51,500.0,centro-sul,Santo Antônio,12/08/18,None,None
335288,600000.0,50.0,-19.9515505,-43.93910579999999,3,2,1,0.0,145.45,800.0,centro-sul,Sion,12/08/18,None,None
3257567,600000.0,75.0,-19.906331899999998,-43.92923769999999,3,3,1,0.0,82.0,230.0,leste,Sagrada Família,12/08/18,None,None
3239544,610000.0,52.0,-19.981023999999998,-44.01932099999999,4,3,2,1.0,188.96,300.0,barreiro,Barreiro de Baixo,12/08/18,None,None
363624,618000.0,56.0,-19.881323899999998,-43.93056539999998,3,1,1,1.0,100.0,340.0,nordeste,Ipiranga,12/08/18,None,None
3237126,620000.0,59.32,-19.948978,-43.930274,3,2,1,1.0,215.0,587.81,centro-sul,Anchieta,12/08/18,None,None
141093,630000.0,43.89,-19.8721952,-43.92169660000002,3,3,1,1.0,238.0,600.0,nordeste,São Paulo,12/08/18,None,None
168097,630000.0,53.0,-19.870456,-43.91691889999999,4,2,1,1.0,215.0,300.0,nordeste,São Marcos,12/08/18,None,None
3245548,630000.0,49.0,-19.894042199999998,-43.930791,3,1,1,1.0,215.59,1422.0,nordeste,Silveira,12/08/18,None,None
3255746,630000.0,48.0,-19.894920520809983,-43.92236087724609,4,1,1,1.0,2575.36,950.0,leste,Sagrada Família,12/08/18,None,None
343831,640000.0,70.0,-19.9983992,-44.07476989999998,3,3,1,1.0,131.54,180.0,barreiro,Tirol,12/08/18,None,None
51579,650000.0,48.51,-19.9273559,-43.96939950000001,3,1,1,1.0,147.59,350.0,oeste,Prado,12/08/18,None,None
146078,650000.0,48.38,-19.9193552,-43.976594500000026,4,1,1,1.0,189.42,640.0,noroeste,Padre Eustáquio,12/08/18,None,None
344176,650000.0,46.0,-19.9756642,-44.01327470000001,4,1,1,0.0,1923.45,600.0,barreiro,Diamante,12/08/18,None,None
354290,650000.0,66.0,-19.9342973,-43.92950450000001,3,2,1,1.0,189.0,400.0,centro-sul,Funcionários,12/08/18,None,None
354544,650000.0,60.0,-19.9758483,-43.94315089999998,2,2,1,1.0,295.21,700.0,centro-sul,Belvedere,12/08/18,None,None
357440,650000.0,68.76,-19.9835424,-44.016056899999974,2,3,1,1.0,292.7,300.0,barreiro,Barreiro,12/08/18,None,None
3257840,650000.0,53.63,-19.9266028,-43.92854669999997,2,3,1,1.0,218.07,707.0,centro-sul,Santa Efigênia,12/08/18,None,None
155780,660000.0,60.0,-19.9018723,-43.93109329999999,3,3,1,1.0,188.0,270.0,leste,Graça,12/08/18,None,None
333610,670000.0,84.0,-19.974314,-44.01932599999998,4,2,1,1.0,278.0,800.0,barreiro,Barreiro,12/08/18,None,None
3253718,680000.0,44.17,-19.9432976,-43.91765079999999,3,2,1,1.0,318.0,720.0,centro-sul,Serra,12/08/18,None,None
360020,690000.0,63.54,-19.9426118,-43.97370999999998,4,4,2,1.0,220.0,500.0,oeste,Nova Suíssa,12/08/18,None,None
364688,690000.0,60.0,-19.937567,-43.932094000000006,2,2,1,1.0,248.0,700.0,centro-sul,Funcionários,12/08/18,None,None
404936,690000.0,52.91,-19.909660600000002,-43.9777034,3,4,1,1.0,156.92,250.0,noroeste,Monsenhor Messias,12/08/18,None,None
1072170,690000.0,52.91,-19.915502,-43.97638410000002,4,3,1,1.0,195.47,540.0,noroeste,Padre Eustáquio,12/08/18,None,None
3239196,690000.0,70.0,-19.9216949,-43.91930450000001,3,3,1,1.0,0.0,650.0,centro-sul,Santa Efigênia,12/08/18,None,None
356548,699000.0,66.0,-19.9625604,-43.95138550000002,3,3,1,1.0,170.0,700.0,centro-sul,São Bento,12/08/18,None,None
9682,700000.0,66.0,-19.872038800000002,-43.91388069999999,4,3,1,1.0,115.6,250.0,nordeste,Fernão Dias,12/08/18,None,None
65283,700000.0,94.0,-19.9395801,-43.95984490000001,3,3,1,2.0,285.3,500.0,oeste,Gutierrez,12/08/18,None,None
346997,700000.0,68.2,-19.8761237,-43.99695170000001,3,3,1,1.0,132.61,420.0,pampulha,Castelo,12/08/18,None,None
172031,710000.0,56.0,-19.9760075,-43.9641158,5,3,1,1.0,266.16,588.0,oeste,Buritis,12/08/18,None,None
3243311,710000.0,80.0,-19.902352899999997,-43.922121800000006,4,3,2,1.0,150.0,270.0,leste,Sagrada Família,12/08/18,None,None
1662551,720000.0,70.0,-19.9770951,-44.02300229999997,3,2,1,1.0,130.0,250.0,barreiro,Barreiro de Baixo,12/08/18,None,None
141344,726791.23,62.7,-19.8638927,-43.9559822,2,2,1,1.0,1.0,440.0,pampulha,Liberdade,12/08/18,None,None
51931,730000.0,65.8,-19.906043,-43.97250759999997,4,3,1,1.0,256.05,510.0,noroeste,Caiçaras,12/08/18,None,None
3245333,730000.0,85.0,-19.9450049,-43.93534299999999,3,1,1,1.0,250.0,960.0,centro-sul,Savassi,12/08/18,None,None
366667,737890.28,55.0,-19.8638927,-43.9559822,2,2,1,1.0,1.0,440.0,pampulha,Liberdade,12/08/18,None,None
140803,747890.28,62.0,-19.8631777,-43.95624950000001,2,3,1,1.0,1.0,440.0,pampulha,Liberdade,12/08/18,None,None
1662550,750000.0,101.5,-19.9770951,-44.02300229999997,3,2,1,1.0,130.0,250.0,barreiro,Barreiro,12/08/18,None,None
3234759,750000.0,90.0,-19.9473327,-43.94577179999999,4,3,1,1.0,312.63,1200.0,centro-sul,Santo Antônio,12/08/18,None,None
3240175,750000.0,90.0,-19.8928914,-43.99735340000001,4,2,1,1.0,1070.2,350.0,pampulha,Manacás,12/08/18,None,None
149624,760000.0,82.0,-19.8995526,-43.92029600000001,3,2,1,1.0,0.01,400.0,leste,Sagrada Família,12/08/18,None,None
149632,760000.0,83.93,-19.8995526,-43.92029600000001,3,2,1,1.0,1485.48,400.0,leste,Sagrada Família,12/08/18,None,None
2066541,769000.0,60.03,-19.973848999999998,-43.96950249999998,4,4,1,1.0,292.0,500.0,oeste,Buritis,12/08/18,None,None
3252521,780000.0,65.0,-19.8711933,-43.99410369999998,3,2,1,2.0,174.0,234.0,pampulha,Paquetá,12/08/18,None,None
3258114,780000.0,68.0,-19.903258899999997,-43.97533390000001,4,4,1,2.0,314104.0,600.0,noroeste,Caiçaras,12/08/18,None,None
39373,800000.0,68.0,-19.9585458,-43.934717500000026,4,3,1,2.0,240.0,1500.0,centro-sul,Sion,12/08/18,None,None
1700338,800000.0,128.0,-19.975185999999997,-43.96854999999999,4,2,1,1.0,3297.82,1000.0,oeste,Buritis,12/08/18,None,None
1454062,820000.0,70.0,-19.9789378,-44.015789900000016,3,2,1,1.0,220.0,450.0,barreiro,Barreiro,12/08/18,None,None
35715,840000.0,70.0,-19.9597088,-43.93660650000004,2,3,1,1.0,270.0,1050.0,centro-sul,Sion,12/08/18,None,None
3241633,849000.0,52.0,-19.9442801,-43.937269500000006,4,2,1,2.0,179.13,530.0,centro-sul,São Pedro,12/08/18,None,None
342914,850000.0,55.0,-19.8591828,-43.8820154,7,5,1,1.0,220.0,0.0,nordeste,Jardim Vitória,12/08/18,None,None
350469,850000.0,126.0,-19.8835755,-43.9833463,4,3,1,1.0,245.0,816.0,pampulha,Ouro Preto,12/08/18,None,None
1520462,850000.0,57.0,-19.933198899999997,-43.92705999999998,4,2,1,1.0,302.0,1600.0,centro-sul,Savassi,12/08/18,None,None
245888,890000.0,41.0,-19.9170452,-43.97619090000001,4,1,1,2.0,320.0,920.0,noroeste,Padre Eustáquio,12/08/18,None,None
3242591,895000.0,80.0,-19.9039315,-43.97175270000002,4,3,1,2.0,414.18,400.0,noroeste,Caiçaras,12/08/18,None,None
24649,900000.0,80.0,-19.971905300000003,-43.9734125,4,3,2,1.0,280.0,684.0,oeste,Buritis,12/08/18,None,None
30581,900000.0,80.0,-19.9312763,-43.9340636,4,3,1,1.0,210.0,840.0,centro-sul,Funcionários,12/08/18,None,None
334959,900000.0,90.0,-19.8809885,-43.997404500000016,4,4,2,1.0,315.59,370.0,pampulha,Castelo,12/08/18,None,None
3254483,920000.0,115.0,-19.861506,-43.95534299999997,4,2,1,2.0,215.59,350.0,pampulha,Liberdade,12/08/18,None,None
272590,950000.0,60.0,-19.9526719,-43.92417549999999,4,2,1,2.0,295.0,660.0,centro-sul,Sion,12/08/18,None,None
348352,950000.0,85.0,-19.9203035,-43.93900550000001,4,3,1,1.0,160.96,600.0,centro-sul,Centro,12/08/18,None,None
2267214,950000.0,105.0,-19.978893,-43.97888799999998,3,3,1,1.0,307.25,430.0,oeste,Buritis,12/08/18,None,None
151430,960000.0,75.0,-19.9247623,-43.94554389999996,3,3,1,1.0,75.83,680.0,centro-sul,Lourdes,12/08/18,None,None
364048,970000.0,110.0,-19.9523242,-43.952120000000036,4,5,2,2.0,318.33,1300.0,centro-sul,Vila Paris,12/08/18,None,None
3237019,980000.0,81.51,-19.926062899999998,-43.9516643,3,2,1,2.0,409.44,1211.87,centro-sul,Santo Agostinho,12/08/18,None,None
165514,990000.0,81.51,-19.9283396,-43.95869519999997,4,4,2,2.0,200.0,400.0,oeste,Prado,12/08/18,None,None
125166,1060000.0,53.61,-19.966797,-43.96562499999999,4,4,2,1.0,467.0,1275.0,oeste,Estoril,12/08/18,None,None
143963,1080000.0,53.61,-19.8750676,-43.93572069999999,4,3,2,1.0,277.58,400.0,nordeste,Palmares,12/08/18,None,None
2261957,1100000.0,75.0,-19.9401509,-43.95732910000004,4,1,1,2.0,270.0,1600.0,oeste,Gutierrez,12/08/18,None,None
1529297,1150000.0,134.0,-19.888785000000002,-43.92229700000002,4,2,4,2.0,350.0,568.0,leste,Cidade Nova,12/08/18,None,None
3255590,1150000.0,76.0,-19.9800495,-44.0173484,3,4,2,1.0,282.31,200.0,barreiro,Barreiro de Baixo,12/08/18,None,None
36406,1160000.0,52.0,-23.044938100000003,-51.82007490000001,3,3,1,2.0,210.0,1200.0,centro-sul,Sion,12/08/18,None,None
341151,1180000.0,72.0,-19.937625,-43.92197399999998,3,3,1,1.0,547.97,800.0,centro-sul,Serra,12/08/18,None,None
344650,1180000.0,90.0,-19.9487667,-43.958916499999994,4,3,2,1.0,695.53,1100.0,centro-sul,Luxemburgo,12/08/18,None,None
3252862,1190000.0,90.0,-19.971146899999997,-43.97160299999996,4,5,3,1.0,344.97,900.0,oeste,Buritis,12/08/18,None,None
115482,1200000.0,120.0,-19.9767057,-43.96784470000001,4,4,2,1.0,0.0,460.0,oeste,Buritis,12/08/18,None,None
342114,1250000.0,80.0,-19.9297595,-43.94771049999997,4,3,1,2.0,480.0,1520.0,centro-sul,Santo Agostinho,12/08/18,None,None
1673013,1250000.0,80.0,-19.95221,-43.92377590000001,4,2,1,1.0,431.31,1000.0,centro-sul,Anchieta,12/08/18,None,None
157204,1299999.9,80.0,-19.96683876524112,-43.94814299101569,4,3,1,1.0,661.61,700.0,centro-sul,Santa Lúcia,12/08/18,None,None
359618,1300000.0,85.0,-19.9335097,-43.95894140000002,4,2,1,1.0,422.34,1045.0,oeste,Gutierrez,12/08/18,None,None
1529300,1300000.0,85.0,-19.943715899999997,-43.9302123,4,3,1,1.0,600.0,1700.0,centro-sul,Carmo,12/08/18,None,None
1624548,1300000.0,100.0,-19.948003,-43.94442600000002,4,4,3,1.0,317.44,1780.0,centro-sul,Santo Antônio,12/08/18,None,None
2532757,1364933.0,72.0,-19.9361547,-43.92722750000002,3,2,1,1.0,400.0,580.0,centro-sul,Funcionários,12/08/18,None,None
356087,1400000.0,150.0,-19.955098,-43.93685829999998,4,4,2,2.0,200.0,900.0,centro-sul,Sion,12/08/18,None,None
1921382,1560000.0,62.89,-19.931051,-43.942669000000016,3,2,1,1.0,476.78,990.0,centro-sul,Savassi,12/08/18,None,None
195381,1590000.0,80.0,-19.9278332,-43.93973560000001,4,3,1,1.0,610.0,950.0,centro-sul,Lourdes,12/08/18,None,None
149759,1600000.0,87.0,-19.932513,-43.93978300000003,4,3,1,2.0,397.0,1025.0,centro-sul,Centro,12/08/18,None,None
356418,1600000.0,75.0,-19.9377168,-43.9604286,4,4,2,2.0,608.97,1384.35,oeste,Gutierrez,12/08/18,None,None
353290,1650000.0,99.7,-19.887901,-43.985634999999995,3,2,1,2.0,274.37,1100.0,pampulha,Ouro Preto,12/08/18,None,None
333818,1700000.0,94.0,-19.941131600000002,-43.95778059999998,4,7,4,1.0,492.86,1100.0,oeste,Gutierrez,12/08/18,None,None
3235452,1770000.0,94.0,-19.951576,-43.933244,4,5,2,1.0,1037.0,2065.0,centro-sul,Sion,12/08/18,None,None
33154,1790000.0,70.0,-19.954421399999998,-43.93466030000002,4,3,2,2.0,894.43,1250.0,centro-sul,Sion,12/08/18,None,None
1922719,1890000.0,58.0,-19.939177899999997,-43.920015000000035,4,4,2,2.0,533.58,2750.0,centro-sul,Serra,12/08/18,None,None
221501,2000000.0,128.0,-19.932560100000003,-43.9285974,4,3,1,2.0,6796.21,1600.0,centro-sul,Savassi,12/08/18,None,None
168871,4500000.0,62.78,-19.942834899999998,-43.92316870000002,4,2,4,2.0,1443.8,3752.0,centro-sul,Serra,12/08/18,None,None
12766,720000.0,58.0,-19.945482000000002,-43.94058660000002,3,1,1,2.0,0.0,400.0,centro-sul,Santo Antônio,12/08/18,None,None
364135,353000.0,70.0,-19.890486600000003,-43.995746699999984,2,1,0,2.0,88.0,278.0,pampulha,Castelo,12/08/18,None,None
1974864,350000.0,100.0,-19.9344522,-43.95791220000001,3,1,0,2.0,131.84,350.0,oeste,Gutierrez,12/08/18,None,None
31492,610000.0,68.0,-19.9077372,-43.92036250000001,3,2,1,1.0,0.0,250.0,leste,Sagrada Família,12/08/18,None,None
35389,220000.0,85.0,-20.0058246,-44.00781189999998,2,1,0,2.0,615.4,223.0,barreiro,Cardoso,12/08/18,None,None
453278,580000.0,123.8,-19.8831671,-43.99705599999999,3,2,1,3.0,156.78,350.0,pampulha,Castelo,12/08/18,None,None
3144471,590000.0,58.0,-19.8748134,-43.99157779999996,3,3,1,2.0,103.8,600.0,pampulha,Paquetá,12/08/18,None,None
180373,790000.0,40.0,-19.9592181,-43.93763660000002,3,2,1,1.0,270.63,750.0,centro-sul,Sion,12/08/18,None,None
159462,1180000.0,40.0,-19.8900048,-43.92701120000004,4,3,1,1.0,422.0,2000.0,leste,Cidade Nova,12/08/18,None,None
3253177,1300000.0,100.0,-19.931029000000002,-43.92413579999999,4,1,2,1.0,438.49,1200.0,centro-sul,Santa Efigênia,12/08/18,None,None
173093,799000.0,70.0,-19.9156075,-43.98940700000003,3,2,1,1.0,138.84,900.0,noroeste,Minas Brasil,12/08/18,None,None
1625301,780000.0,126.0,-19.9343828,-43.93004300000001,3,2,1,2.0,330.0,874.0,centro-sul,Funcionários,12/08/18,None,None
3216090,290000.0,109.19,-19.8863831,-44.00457299999999,3,1,1,0.0,170.0,155.0,pampulha,Manacás,12/08/18,None,None
129199,640000.0,58.0,-19.9407055,-43.9500736,4,1,1,2.0,116.0,680.0,centro-sul,Cidade Jardim,12/08/18,None,None
87571,795000.0,62.0,-19.9374268,-43.96373599999998,4,3,1,2.0,200.0,550.0,oeste,Gutierrez,12/08/18,None,None
17929,410000.0,141.62,-19.8990437,-43.93162559999996,3,1,0,2.0,59.36,130.0,nordeste,Nova Floresta,12/08/18,None,None
1701278,690000.0,67.76,-19.9276023,-43.9175181,3,1,1,2.0,293.63,800.0,centro-sul,Santa Efigênia,12/08/18,None,None
146636,228000.0,67.76,-19.964090399999996,-43.97497809999999,2,1,0,2.0,55.0,200.0,oeste,Havaí,12/08/18,None,None
1632915,154000.0,71.27,-19.989168,-43.98972889999999,2,1,0,2.0,0.0,153.0,barreiro,Bonsucesso,12/08/18,None,None
2240692,1101000.0,71.27,-19.976541,-43.961463699999975,4,6,2,2.0,480.0,1700.0,oeste,Buritis,12/08/18,None,None
340925,155000.0,71.27,-19.988506100000002,-43.99009079999996,2,1,0,2.0,0.0,100.0,barreiro,Milionários,12/08/18,None,None
336494,506000.0,71.27,-19.910197399999998,-43.93345369999997,3,2,1,2.0,130.0,250.0,leste,Floresta,12/08/18,None,None
17909,680000.0,67.76,-19.9451525,-43.9454811,4,4,2,2.0,151.0,210.0,centro-sul,Santo Antônio,12/08/18,None,None
358837,599000.0,67.76,-19.8818314,-43.90894689999999,4,4,2,2.0,133.0,345.0,leste,Santa Inês,12/08/18,None,None
43447,370000.0,80.0,-19.877152399999996,-43.98135930000001,3,2,1,2.0,72.0,160.0,pampulha,Ouro Preto,12/08/18,None,None
3254176,180000.0,87.0,-19.9354008,-44.00580149999996,2,1,0,1.0,63.9,180.0,noroeste,Vila Oeste,12/08/18,None,None
1818398,320000.0,70.0,-19.9263503,-43.99211639999999,3,2,1,2.0,61.73,280.0,noroeste,Coração Eucarístico,12/08/18,None,None
3256149,210000.0,70.0,-20.0051337,-44.00591639999999,2,1,0,2.0,63.11,360.0,barreiro,Cardoso,12/08/18,None,None
19722,334000.0,71.27,-19.9177979,-43.99197500000002,3,2,1,2.0,85.33,230.0,noroeste,Minas Brasil,12/08/18,None,None
357428,212000.0,71.27,-19.9908117,-44.0364376,3,2,1,2.0,63.0,395.0,barreiro,Tirol,12/08/18,None,None
357104,270000.0,67.76,-19.944559100000003,-43.96445289999997,3,2,1,2.0,90.0,180.0,oeste,Nova Granada,12/08/18,None,None
28209,300000.0,67.76,-19.9050897,-43.97755589999997,3,1,0,2.0,127.64,100.0,noroeste,Padre Eustáquio,12/08/18,None,None
3251307,310000.0,67.76,-19.9213579,-44.00947919999999,3,2,1,2.0,139.0,300.0,noroeste,Conjunto Califórnia,12/08/18,None,None
1378730,185000.0,67.76,-19.8374282,-43.9481093,2,1,0,2.0,24.83,225.0,norte,Planalto,12/08/18,None,None
1826941,185000.0,67.76,-19.927925100000003,-43.99824710000002,2,1,0,2.0,26.0,220.0,noroeste,João Pinheiro,12/08/18,None,None
40937,380000.0,67.76,-19.8975927,-43.9210448,3,2,1,2.0,61.0,323.0,leste,Sagrada Família,12/08/18,None,None
343128,650000.0,67.76,-19.8899318,-43.929704799999975,4,3,1,2.0,235.28,980.0,nordeste,Silveira,12/08/18,None,None
40559,395000.0,67.76,-19.941297,-43.979439000000006,2,2,1,2.0,120.0,180.0,oeste,Nova Suíssa,12/08/18,None,None
352119,550000.0,67.76,-19.9815042,-44.015120399999994,3,2,1,2.0,213.0,242.0,barreiro,Barreiro,12/08/18,None,None
159756,269000.0,67.76,-19.9027889,-43.92681300000004,2,2,1,2.0,92.91,247.0,leste,Sagrada Família,12/08/18,None,None
239765,375000.0,112.0,-19.962282199999997,-43.965599699999984,3,2,1,1.0,90.55,480.0,oeste,Estoril,12/08/18,None,None
3238462,349000.0,100.0,-19.8619276,-43.95565450000004,2,2,1,1.0,85.0,450.0,pampulha,Liberdade,12/08/18,None,None
358536,225000.0,163.0,-19.896906,-44.01391000000001,2,1,0,0.0,90.0,200.0,noroeste,Glória,12/08/18,None,None
3235103,379900.0,82.51,-19.8732044,-43.98902670000001,3,1,1,2.0,138.39,480.0,pampulha,Ouro Preto,12/08/18,None,None
3236043,400000.0,120.0,-19.8941385,-43.999620799999995,2,2,1,0.0,118.0,100.0,pampulha,Manacás,12/08/18,None,None
1896432,370000.0,67.76,-19.909470199999998,-43.918051200000036,3,3,1,2.0,158.0,465.0,leste,Sagrada Família,12/08/18,None,None
3249150,300000.0,71.27,-19.8800007,-43.99188129999999,3,0,0,2.0,113.77,250.0,pampulha,Paquetá,12/08/18,None,None
33444,325000.0,71.27,-19.9548889,-43.96722679999999,2,1,0,2.0,64.0,340.0,oeste,Jardim América,12/08/18,None,None
35712,300000.0,67.76,-19.9275544,-43.99423389999998,3,1,0,2.0,84.31,250.0,noroeste,Coração Eucarístico,12/08/18,None,None
23058,450000.0,67.76,-19.985523800000003,-44.01284090000002,3,2,1,2.0,130.0,130.0,barreiro,Barreiro,12/08/18,None,None
2547843,235000.0,67.76,-19.8721547,-43.99676229999999,2,2,1,2.0,76.0,280.0,pampulha,Paquetá,12/08/18,None,None
3256289,290000.0,67.76,-19.923427,-43.944611899999984,3,2,1,2.0,55.36,860.29,centro-sul,Lourdes,12/08/18,None,None
62439,195000.0,67.76,-19.932231899999998,-43.99225590000003,2,1,0,2.0,29.0,190.0,noroeste,João Pinheiro,12/08/18,None,None
43421,210000.0,67.76,-19.846301699999998,-43.91559050000001,3,1,1,2.0,60.0,240.0,norte,Guarani,12/08/18,None,None
63638,350000.0,67.76,-19.8933731,-43.93200969999998,2,1,0,2.0,73.0,200.0,nordeste,Silveira,12/08/18,None,None
357195,350000.0,67.76,-19.839950100000003,-43.97506959999998,3,3,1,2.0,108.0,230.0,pampulha,Santa Amélia,12/08/18,None,None
8417,450000.0,67.76,-19.9488954,-43.92518039999999,2,1,0,2.0,110.32,230.0,centro-sul,Cruzeiro,12/08/18,None,None
1662061,600000.0,67.76,-19.931787600000003,-43.9349062,2,3,1,2.0,227.82,715.05,centro-sul,Savassi,12/08/18,None,None
64255,630000.0,67.76,-19.940543100000003,-43.9321372,3,2,1,2.0,196.48,550.0,centro-sul,Carmo,12/08/18,None,None
3234697,650000.0,80.0,-19.921002899999998,-43.94164060000003,3,3,0,2.0,73.76,521.0,centro-sul,Centro,12/08/18,None,None
351688,215000.0,67.76,-19.9193383,-43.98317070000002,2,2,1,2.0,89.8,140.0,noroeste,Padre Eustáquio,12/08/18,None,None
157718,104000.0,71.27,-20.0106409,-44.0126606,2,1,0,2.0,0.0,120.0,barreiro,Solar do Barreiro (Barreiro),12/08/18,None,None
3236189,150000.0,71.27,-19.918052,-43.94000729999999,1,1,0,2.0,59.59,340.0,centro-sul,Centro,12/08/18,None,None
148238,159000.0,71.27,-20.012726500000003,-44.03661299999999,2,1,0,2.0,80.0,150.0,barreiro,Vale do Jatobá,12/08/18,None,None
363691,170000.0,67.76,-19.9425232,-43.977669900000016,2,1,0,2.0,30.0,240.0,oeste,Salgado Filho,12/08/18,None,None
355337,195000.0,67.76,-19.9212869,-43.987170600000006,2,1,0,2.0,26.59,320.0,noroeste,Padre Eustáquio,12/08/18,None,None
3235127,210000.0,67.76,-19.9657332,-43.99202120000001,3,1,0,2.0,66.7,184.0,oeste,Betânia,12/08/18,None,None
3229642,215000.0,67.76,-19.918809,-43.97868619999997,2,1,0,2.0,69.3,200.0,noroeste,Padre Eustáquio,12/08/18,None,None
3248056,270000.0,67.76,-19.915661899999996,-43.97855479999998,2,2,1,2.0,71.65,352.0,noroeste,Padre Eustáquio,12/08/18,None,None
362574,290000.0,67.76,-19.9154016,-43.96817199999998,3,2,1,2.0,63.0,320.0,noroeste,Padre Eustáquio,12/08/18,None,None
361629,550000.0,67.76,-19.9181982,-43.97178229999997,3,3,1,2.0,165.0,350.0,noroeste,Padre Eustáquio,12/08/18,None,None
152674,595000.0,67.76,-19.9447552,-43.9408727,3,1,2,2.0,153.04,200.0,centro-sul,Santo Antônio,12/08/18,None,None
366651,1316700.0,67.76,-19.9336171,-43.93289390000001,3,2,1,2.0,0.0,0.0,centro-sul,Savassi,12/08/18,None,None
366650,1355520.0,67.76,-19.9336171,-43.93289390000001,3,21,1,2.0,0.0,0.0,centro-sul,Savassi,12/08/18,None,None
366703,1391820.0,67.76,-19.9336171,-43.93289390000001,3,1,1,2.0,0.0,0.0,centro-sul,Savassi,12/08/18,None,None
6023,850000.0,67.76,-19.882090899999998,-43.99821550000002,4,3,1,2.0,159.0,295.0,pampulha,Castelo,12/08/18,None,None
164082,270000.0,67.76,-19.968843,-43.97090689999999,2,2,1,2.0,78.77,385.0,oeste,Buritis,12/08/18,None,None
24252,442300.0,103.0,-19.956843,-43.99703999999997,3,2,1,2.0,81.64,350.0,oeste,Betânia,12/08/18,None,None
3241363,444500.0,112.8,-19.9551688,-43.9957786,3,2,1,1.0,81.64,350.0,oeste,Betânia,12/08/18,None,None
3241364,447550.0,90.0,-19.9559423,-43.99529029999997,3,2,1,2.0,81.64,350.0,oeste,Betânia,12/08/18,None,None
3241365,448450.0,108.0,-19.9557154,-43.99476090000002,3,2,1,2.0,81.64,350.0,oeste,Betânia,12/08/18,None,None
3257467,148000.0,105.0,-19.8666512,-44.00666590000003,2,1,0,2.0,0.0,265.0,pampulha,Santa Terezinha,12/08/18,None,None
1574836,165000.0,95.0,-19.823289300000003,-43.95896879999998,3,1,1,1.0,374.54,259.0,venda-nova,São João Batista,12/08/18,None,None
131669,179000.0,95.0,-19.9618547,-43.982384799999984,3,1,0,1.0,52.55,280.0,oeste,Betânia,12/08/18,None,None
21458,180000.0,90.0,-19.805329699999998,-43.93424379999999,2,1,0,1.0,0.0,0.0,norte,Jaqueline,12/08/18,None,None
1061637,185000.0,114.0,-19.8961706,-43.93207949999999,2,1,0,3.0,0.0,110.0,nordeste,Nova Floresta,12/08/18,None,None
21453,230000.0,67.76,-19.805329699999998,-43.93424379999999,2,1,0,2.0,0.0,0.0,norte,Jaqueline,12/08/18,None,None
21455,230000.0,67.76,-19.8052617,-43.93434009999999,2,1,0,2.0,0.0,0.0,norte,Jaqueline,12/08/18,None,None
21456,230000.0,67.76,-19.8054517,-43.93422829999997,2,1,0,2.0,0.0,0.0,norte,Jaqueline,12/08/18,None,None
56919,250000.0,67.76,-19.9064895,-43.93216749999999,2,1,0,2.0,0.0,170.0,leste,Sagrada Família,12/08/18,None,None
351385,254000.0,89.55,-19.9064204,-43.92121929999996,2,1,0,2.0,75.0,187.0,leste,Sagrada Família,12/08/18,None,None
3248452,265000.0,176.0,-19.842399800000003,-43.92002639999998,3,1,0,2.0,0.0,260.0,norte,Guarani,12/08/18,None,None
308392,295000.0,150.0,-19.9393573,-43.97133339999999,2,2,1,1.0,128.0,310.0,oeste,Nova Granada,12/08/18,None,None
360304,299000.0,92.0,-19.9090697,-43.997946100000036,3,2,1,2.0,85.8,90.0,noroeste,Jardim Inconfidência,12/08/18,None,None
3254478,320000.0,140.0,-19.9356674,-43.95857490000003,3,1,1,1.0,106.67,325.0,oeste,Gutierrez,12/08/18,None,None
3256330,330000.0,182.0,-19.9154667,-43.99461400000001,2,1,0,2.0,80.0,0.0,nordeste,Fernão Dias,12/08/18,None,None
3215917,335000.0,140.0,-19.959674800000002,-43.983410799999994,3,2,1,2.0,60.0,0.0,oeste,Betânia,12/08/18,None,None
3243656,350000.0,127.0,-19.9596056,-43.98167169999999,3,3,1,2.0,48.0,0.0,oeste,Betânia,12/08/18,None,None
12334,380000.0,80.0,-19.942398,-43.94869210000002,2,2,0,2.0,185.0,0.0,centro-sul,Santo Antônio,12/08/18,None,None
3233577,390600.0,80.0,-19.889920899999996,-43.99414969999998,3,2,1,2.0,0.0,250.0,pampulha,Castelo,12/08/18,None,None
3251545,395000.0,130.0,-19.9085267,-43.9380716,2,1,1,4.0,0.0,350.0,leste,Colégio Batista,12/08/18,None,None
16972,415000.0,103.7,-19.910258399999996,-43.930677599999974,3,1,0,2.0,50.0,0.0,leste,Floresta,12/08/18,None,None
16968,430000.0,85.0,-19.915341199999997,-43.9127853,3,2,1,2.0,800.0,300.0,leste,Santa Tereza,12/08/18,None,None
1574752,450000.0,121.62,-19.9358233,-43.96120819999999,4,2,1,2.0,130.0,350.0,oeste,Gutierrez,12/08/18,None,None
2066539,485000.0,120.0,-19.872193799999998,-43.95146899999998,3,1,1,2.0,148.0,0.0,pampulha,São Francisco,12/08/18,None,None
3252699,490000.0,160.0,-19.903851,-43.93560500000001,3,2,1,2.0,0.0,350.0,nordeste,Concórdia,12/08/18,None,None
3248284,520000.0,76.56,-19.8743973,-43.98822359999997,3,1,1,2.0,155.0,0.0,pampulha,Ouro Preto,12/08/18,None,None
182908,550000.0,130.0,-19.9516693,-43.93913800000002,3,1,1,1.0,224.02,813.33,centro-sul,São Pedro,12/08/18,None,None
3255032,590000.0,86.0,-19.871959,-43.915734999999984,4,2,1,1.0,0.0,360.0,nordeste,Fernão Dias,12/08/18,None,None
3255480,590000.0,144.0,-19.871959,-43.915734999999984,4,2,1,2.0,0.0,360.0,nordeste,Fernão Dias,12/08/18,None,None
3233594,604800.0,146.0,-19.889920899999996,-43.99414969999998,3,2,1,3.0,0.0,250.0,pampulha,Castelo,12/08/18,None,None
3233593,614250.0,108.0,-19.889920899999996,-43.99414969999998,3,2,1,3.0,0.0,250.0,pampulha,Castelo,12/08/18,None,None
3257753,630000.0,58.0,-19.901899399999998,-43.9236487,4,3,1,2.0,234.12,730.0,leste,Sagrada Família,12/08/18,None,None
3251368,650000.0,165.0,-19.916741000000002,-43.92938970000001,3,1,2,3.0,0.0,350.0,leste,Floresta,12/08/18,None,None
163692,662435.0,165.0,-19.884335,-43.93322790000002,3,3,1,3.0,0.0,518.15,nordeste,Ipiranga,12/08/18,None,None
3255031,665000.0,100.08,-19.8722882,-43.91547939999998,4,2,1,0.0,0.0,360.0,nordeste,Fernão Dias,12/08/18,None,None
301121,667735.0,136.0,-19.884614300000003,-43.933354099999974,3,3,1,2.0,0.0,518.15,nordeste,Ipiranga,12/08/18,None,None
33529,688639.0,36.86,-19.884576000000003,-43.93304160000002,3,3,1,1.0,0.0,515.15,nordeste,Ipiranga,12/08/18,None,None
33537,699702.0,100.66,-19.884683,-43.93322799999999,3,3,1,2.0,0.0,518.15,nordeste,Ipiranga,12/08/18,None,None
60572,710941.0,186.0,-19.884576000000003,-43.93304160000002,3,3,1,2.0,0.0,518.15,nordeste,Ipiranga,12/08/18,None,None
37593,716606.0,186.0,-19.884683,-43.93322799999999,3,3,1,2.0,0.0,518.15,nordeste,Ipiranga,12/08/18,None,None
3255018,720000.0,140.0,-19.871959,-43.915734999999984,4,2,1,2.0,0.0,360.0,nordeste,Fernão Dias,12/08/18,None,None
3252582,750000.0,136.78,-19.903669,-43.93768599999999,3,2,1,3.0,0.0,0.0,nordeste,Concórdia,12/08/18,None,None
3255017,760000.0,85.0,-19.871959,-43.915734999999984,4,2,1,2.0,0.0,360.0,nordeste,Fernão Dias,12/08/18,None,None
169655,800000.0,85.0,-19.940487899999997,-43.922920999999974,3,1,1,2.0,1.0,700.0,centro-sul,Serra,12/08/18,None,None
47941,810000.0,155.0,-19.943974,-43.91882199999998,2,2,1,3.0,0.0,550.0,centro-sul,Serra,12/08/18,None,None
182350,1150000.0,42.0,-19.9457117,-43.939189500000005,4,3,2,1.0,0.0,500.0,centro-sul,São Pedro,12/08/18,None,None
9800,2560000.0,42.0,-19.9342705,-43.93634600000002,3,4,1,1.0,0.0,1300.0,centro-sul,Funcionários,12/08/18,None,None
584345,149000.0,60.0,-19.9368177,-44.0227605,2,1,0,2.0,32.0,190.0,noroeste,Santa Maria,12/08/18,None,None
3242361,220000.0,60.0,-19.9649255,-43.97350879999999,2,1,0,2.0,62.68,152.0,oeste,Havaí,12/08/18,None,None
156021,260000.0,60.0,-19.9261408,-43.94104849999997,2,1,0,2.0,29.42,670.0,centro-sul,Santo Agostinho,12/08/18,None,None
14678,275000.0,110.0,-19.8734842,-43.9929418,2,1,1,2.0,78.91,250.0,pampulha,Paquetá,12/08/18,None,None
153812,400000.0,100.0,-19.9331515,-43.97949160000002,4,1,1,1.0,72.88,300.0,oeste,Salgado Filho,12/08/18,None,None
354033,465000.0,101.44,-19.9727826,-43.96523029999997,3,3,1,1.0,204.99,760.0,oeste,Buritis,12/08/18,None,None
3253126,380000.0,149.02,-19.923950100000003,-43.90970390000001,3,2,1,2.0,120.0,375.0,centro-sul,Santa Efigênia,12/08/18,None,None
41526,450000.0,62.78,-19.8841949,-43.925973,3,3,1,2.0,110.0,295.0,leste,Cidade Nova,12/08/18,None,None
1517116,279000.0,100.66,-19.931961899999997,-44.00335410000002,2,1,0,2.0,100.0,280.0,noroeste,João Pinheiro,12/08/18,None,None
2798128,205000.0,147.0,-19.8524109,-43.932172400000006,2,1,0,1.0,66.2,260.0,norte,Minaslândia (P Maio),12/08/18,None,None
34777,280000.0,160.0,-19.8738993,-43.93896589999997,3,1,1,2.0,68.04,280.0,nordeste,Palmares,12/08/18,None,None
10399,320000.0,120.0,-19.8629137,-43.94585910000001,3,2,1,2.0,85.47,170.0,pampulha,Santa Rosa,12/08/18,None,None
2191500,580000.0,90.0,-19.917944,-43.97477900000001,3,3,1,2.0,240.24,960.0,noroeste,Padre Eustáquio,12/08/18,None,None
3254113,300000.0,110.0,-19.857606399999998,-43.88895930000001,2,1,0,3.0,86.41,300.0,nordeste,Pousada Santo Antônio,12/08/18,None,None
2540795,450000.0,110.0,-19.949704399999998,-43.93855459999998,3,2,1,3.0,155.1,850.0,centro-sul,São Pedro,12/08/18,None,None
3242083,450000.0,120.0,-19.892900100000002,-43.99763000000002,2,2,0,3.0,98.18,160.0,pampulha,Manacás,12/08/18,None,None
3240067,470000.0,64.0,-19.928307,-43.96995449999997,3,2,1,2.0,107.35,601.0,oeste,Prado,12/08/18,None,None
348895,480000.0,63.1,-19.955002,-43.93265600000001,3,2,1,2.0,166.31,670.0,centro-sul,Sion,12/08/18,None,None
3246189,580000.0,111.02,-19.9486579,-43.94467099999997,4,2,1,2.0,138.0,700.0,centro-sul,Santo Antônio,12/08/18,None,None
160644,650000.0,150.0,-19.939186,-43.95972860000001,4,3,1,3.0,205.44,952.0,oeste,Gutierrez,12/08/18,None,None
30348,830000.0,63.1,-19.9498918,-43.93065860000002,3,2,1,2.0,300.0,726.0,centro-sul,Sion,12/08/18,None,None
458311,850000.0,96.08,-4.0975106,-38.490895799999976,4,2,1,2.0,213.45,1356.0,centro-sul,Santo Agostinho,12/08/18,None,None
3247488,851000.0,88.68,-19.9431794,-43.95867129999999,4,3,1,2.0,282.78,1500.0,oeste,Gutierrez,12/08/18,None,None
2423086,995000.0,310.0,-19.9716045,-43.96968149999998,4,2,1,2.0,335.74,600.0,oeste,Buritis,12/08/18,None,None
33952,1550000.0,310.0,-19.9593495,-43.93738510000003,4,3,2,2.0,696.0,1000.0,centro-sul,Sion,12/08/18,None,None
1587261,1750000.0,150.0,-19.9458324,-43.93077879999999,4,6,4,3.0,611.0,1625.0,centro-sul,Carmo,12/08/18,None,None
146818,310000.0,150.0,-19.901121399999997,-43.91659700000002,3,2,0,3.0,140.0,200.0,leste,Sagrada Família,12/08/18,None,None
3247499,329500.0,58.0,-19.9558691,-43.99713070000002,3,2,1,2.0,81.64,350.0,oeste,Betânia,12/08/18,None,None
336585,850000.0,58.0,-19.931276999999998,-43.973139,5,5,2,2.0,273.56,360.0,oeste,Nova Suíssa,12/08/18,None,None
16311,249900.0,58.0,-19.800833100000002,-44.00028629999997,2,2,1,2.0,72.0,150.0,venda-nova,Jardim Florência (venda Nova),12/08/18,None,None
3239311,150000.0,105.17,-19.968066399999998,-44.05964069999999,2,1,0,2.0,62.62,220.0,noroeste,Glalijá,12/08/18,None,None
2204232,400000.0,120.0,-19.947222,-43.9594348,1,1,1,4.0,150.0,376.0,centro-sul,Luxemburgo,12/08/18,None,None
136165,290000.0,125.0,-19.9171306,-43.98834479999999,2,2,0,4.0,89.43,250.0,noroeste,Padre Eustáquio,12/08/18,None,None
362696,420000.0,250.0,-19.950446499999998,-43.95662449999998,2,2,1,4.0,226.07,875.0,centro-sul,Luxemburgo,12/08/18,None,None
337706,650000.0,173.0,-19.9954298,-44.0196876,3,2,1,4.0,275.0,200.0,barreiro,Novo Diamante,12/08/18,None,None
7220,285000.0,126.91,-19.919992999999998,-43.97373300000004,2,1,0,2.0,59.32,150.0,noroeste,Padre Eustáquio,12/08/18,None,None
340738,350000.0,145.0,-19.9389766,-43.94221679999998,1,1,1,4.0,134.38,0.0,centro-sul,Cidade Jardim,12/08/18,None,None
7667,690000.0,150.0,-19.9368202,-43.96692630000001,0,3,1,3.0,90.0,350.0,oeste,Grajaú,12/08/18,None,None
15754,550000.0,150.0,-19.9322801,-43.92824880000001,3,2,1,3.0,165.0,300.0,centro-sul,Funcionários,12/08/18,None,None
1914906,950000.0,75.08,-19.9274612,-43.96574199999998,4,3,1,2.0,221.0,500.0,oeste,Prado,12/08/18,None,None
134643,995000.0,142.4,-19.941762699999998,-43.91836460000002,4,2,1,4.0,229.0,1400.0,centro-sul,Serra,12/08/18,None,None
152639,450000.0,135.79,-19.9350066,-43.96375639999997,3,3,1,3.0,88.91,400.0,oeste,Grajaú,12/08/18,None,None
722413,112000.0,196.71,-20.0076361,-44.01748359999999,2,1,0,3.0,0.0,180.0,barreiro,Solar do Barreiro (Barreiro),12/08/18,None,None
148162,125000.0,199.0,-20.010405600000002,-44.00962370000002,2,1,0,4.0,0.0,77.0,barreiro,Urucuia,12/08/18,None,None
1017372,125000.0,177.0,-20.0104562,-44.01044760000002,2,1,0,4.0,0.0,150.0,barreiro,Solar do Barreiro (Barreiro),12/08/18,None,None
249512,199000.0,259.96,-19.931226199999998,-43.99545539999997,3,2,0,3.0,0.0,140.0,noroeste,João Pinheiro,12/08/18,None,None
3242540,250000.0,103.83,-19.8731699,-43.99666200000002,2,2,1,2.0,75.0,200.0,pampulha,Castelo,12/08/18,None,None
337427,310000.0,85.0,-19.8599898,-43.93822080000001,3,2,1,3.0,78.2,100.0,pampulha,Dona Clara,12/08/18,None,None
3257032,320000.0,85.0,-19.884377999999998,-43.92586399999999,2,2,0,3.0,120.0,300.0,leste,Cidade Nova,12/08/18,None,None
3251034,379000.0,74.0,-19.942478,-43.97370100000001,3,3,1,1.0,130.0,270.0,oeste,Nova Suíssa,12/08/18,None,None
355156,430000.0,74.0,-19.9496431,-43.95550079999998,3,3,1,1.0,200.82,550.0,centro-sul,Luxemburgo,12/08/18,None,None
149051,650000.0,80.0,-19.9360961,-43.964716599999974,3,1,1,2.0,234.37,1036.33,oeste,Gutierrez,12/08/18,None,None
1944921,751000.0,16.27,-19.948813,-43.932353000000035,3,2,1,0.0,330.0,650.0,centro-sul,Carmo,12/08/18,None,None
43585,870000.0,16.27,-19.9414879,-43.92228160000002,4,2,1,0.0,214.92,1200.0,centro-sul,Serra,12/08/18,None,None
2515636,939000.0,90.0,-19.926524899999997,-43.92496340000002,3,2,1,2.0,362.09,1034.65,centro-sul,Santa Efigênia,12/08/18,None,None
1696006,1850000.0,50.0,-19.929773899999997,-43.92781200000002,4,3,2,1.0,811.17,1500.0,centro-sul,Funcionários,12/08/18,None,None
3234332,175000.0,50.0,-19.894040399999998,-43.9837829,2,1,0,1.0,70.0,178.0,pampulha,Engenho Nogueira,12/08/18,None,None
89386,900000.0,120.0,-19.9490421,-43.930252199999984,3,4,1,3.0,230.0,886.0,centro-sul,Anchieta,12/08/18,None,None
339770,450000.0,120.0,-19.866410199999997,-43.98848929999997,3,1,1,3.0,110.0,440.0,pampulha,Ouro Preto,12/08/18,None,None
341827,256000.0,230.5,-19.863618399999996,-43.8985495,3,2,1,3.0,79.45,230.0,nordeste,Goiânia,12/08/18,None,None
343787,115000.0,49.63,-20.0106015,-44.01173900000003,2,1,0,1.0,0.0,150.0,barreiro,Solar do Barreiro (Barreiro),12/08/18,None,None
67716,120000.0,62.3,-19.9295286,-44.017643099999994,2,1,0,1.0,0.0,20.0,noroeste,Califórnia,12/08/18,None,None
333930,120000.0,62.3,-19.82476,-43.92400199999997,2,1,0,1.0,0.0,120.0,norte,Solimões,12/08/18,None,None
342826,132000.0,88.0,-20.013154800000002,-44.01490639999997,2,1,0,3.0,0.0,170.0,barreiro,Solar do Barreiro (Barreiro),12/08/18,None,None
62459,140000.0,100.0,-19.9166756,-43.93451519999997,2,1,0,2.0,0.0,150.0,barreiro,Solar do Barreiro (Barreiro),12/08/18,None,None
64337,140000.0,90.0,-20.006353,-44.00377400000002,2,1,0,1.0,0.0,100.0,barreiro,Urucuia,12/08/18,None,None
337647,160000.0,55.0,-19.862699399999997,-43.88960880000002,2,1,0,1.0,0.0,170.0,nordeste,Vitória,12/08/18,None,None
61014,168000.0,135.0,-19.9927281,-44.00334559999999,2,1,0,3.0,42.0,150.0,barreiro,Flávio Marques Lisboa,12/08/18,None,None
362792,170000.0,220.0,-19.831356399999997,-43.94237390000001,2,1,0,2.0,0.0,240.0,norte,Planalto,12/08/18,None,None
339240,171900.0,86.21,-19.960570699999998,-43.99274359999998,2,1,0,0.0,0.0,115.0,oeste,Betânia,12/08/18,None,None
137457,198000.0,50.0,-19.8798139,-43.936024499999974,2,1,0,1.0,26.59,200.0,nordeste,Ipiranga,12/08/18,None,None
355901,200000.0,53.34,-19.960268300000003,-43.98285599999997,3,1,0,1.0,64.83,200.0,oeste,Cinquentenário,12/08/18,None,None
188785,230000.0,62.0,-19.954359,-43.93461639999998,2,2,0,2.0,0.0,280.0,noroeste,Califórnia,12/08/18,None,None
344258,230000.0,62.0,-19.9237215,-43.94089429999997,2,1,0,2.0,0.01,0.01,centro-sul,Centro,12/08/18,None,None
354556,230000.0,53.0,-19.909818100000003,-43.96192930000001,1,1,0,1.0,0.0,0.0,noroeste,Padre Eustáquio,12/08/18,None,None
1671755,249000.0,52.0,-19.883467899999996,-43.9569363,3,1,0,2.0,80.0,300.0,noroeste,Nova Cachoeirinha,12/08/18,None,None
2768517,250000.0,72.0,-19.901673199999998,-43.91847710000002,2,1,0,2.0,593.06,160.0,leste,Sagrada Família,12/08/18,None,None
3240559,250000.0,52.0,-19.909799,-43.90702299999998,2,2,0,2.0,68.19,100.0,leste,Pompéia,12/08/18,None,None
302735,275000.0,100.0,-19.8719137,-43.99851030000002,2,1,1,0.0,0.0,320.0,pampulha,Paquetá,12/08/18,None,None
1011735,299500.0,62.45,-19.8503428,-43.93749709999997,2,3,1,1.0,127.16,250.0,norte,São Bernardo,12/08/18,None,None
39848,340000.0,62.45,-19.9867314,-44.0283675,3,1,1,1.0,0.0,80.0,barreiro,Diamante,12/08/18,None,None
342125,450000.0,88.73,-20.155464499999997,-40.27289159999997,3,1,0,1.0,0.0,310.0,centro-sul,Serra,12/08/18,None,None
51043,650000.0,132.0,-19.931253100000003,-43.9373109,2,1,1,3.0,0.0,380.0,centro-sul,Savassi,12/08/18,None,None
5792,680000.0,132.0,-19.8799165,-43.9820944,4,3,1,3.0,207.0,750.0,pampulha,Ouro Preto,12/08/18,None,None
2795312,895000.0,251.0,-19.9466602,-43.92098570000002,3,2,1,3.0,498.0,0.0,centro-sul,Serra,12/08/18,None,None
27114,1950000.0,49.63,-19.9675752,-43.9507946,4,3,3,1.0,949.57,2000.0,centro-sul,Santa Lúcia,12/08/18,None,None
27116,1980000.0,150.0,-19.9675752,-43.9507946,4,3,3,2.0,949.57,2000.0,centro-sul,Santa Lúcia,12/08/18,None,None
1607159,106000.0,39.51,-20.012138600000004,-44.014327400000006,2,1,0,1.0,0.0,170.0,barreiro,Solar do Barreiro (Barreiro),12/08/18,None,None
941802,108500.0,39.51,-20.010679500000002,-44.012672899999984,2,1,0,2.0,0.0,130.0,barreiro,Solar do Barreiro (Barreiro),12/08/18,None,None
158361,109900.0,39.51,-20.0077361,-44.0118094,2,1,0,1.0,0.0,150.0,barreiro,Solar do Barreiro (Barreiro),12/08/18,None,None
226247,110000.0,68.37,-19.8153365,-43.9935534,2,1,0,2.0,0.0,125.0,venda-nova,Piratininga (venda Nova),12/08/18,None,None
358026,110000.0,72.0,-20.009794,-44.01480700000002,2,1,0,2.0,0.0,170.0,barreiro,Solar do Barreiro (Barreiro),12/08/18,None,None
567625,110000.0,72.0,-19.9295286,-44.017643099999994,2,1,0,2.0,0.0,1.0,noroeste,Califórnia,12/08/18,None,None
1682460,115000.0,72.0,-19.859378,-43.88755800000001,2,2,0,2.0,0.0,90.0,nordeste,Jardim Vitória,12/08/18,None,None
38153,120000.0,90.0,-19.7990187,-43.9443359,2,1,0,2.0,0.0,70.0,norte,Jaqueline,12/08/18,None,None
2262836,120000.0,150.0,-19.8627858,-43.89185179999998,2,1,0,1.0,0.0,170.0,nordeste,Vitória,12/08/18,None,None
3250324,120000.0,148.35,-20.01091,-44.0108376,2,1,0,2.0,0.0,195.0,barreiro,Solar do Barreiro (Barreiro),12/08/18,None,None
603731,125000.0,160.0,-19.9768461,-44.01904400000001,2,1,0,2.0,0.0,180.0,barreiro,Solar do Barreiro (Barreiro),12/08/18,None,None
3232911,125000.0,90.0,-19.8420289,-43.88334320000001,2,1,0,1.0,0.0,100.0,nordeste,Jardim Vitória,12/08/18,None,None
3235014,125000.0,48.8,-20.0086526,-44.01632180000002,2,0,0,1.0,0.0,150.0,barreiro,Solar do Barreiro (Barreiro),12/08/18,None,None
3246114,125000.0,48.8,-19.9782665,-43.9935266,2,1,0,1.0,0.0,180.0,barreiro,Bonsucesso,12/08/18,None,None
366494,130000.0,108.0,-19.8011139,-43.96921299999997,2,1,0,3.0,0.0,155.0,venda-nova,Europa,12/08/18,None,None
367045,130000.0,65.0,-19.857833499999998,-43.8957102,2,1,0,2.0,0.0,130.0,nordeste,Goiânia B,12/08/18,None,None
498641,130000.0,49.0,-20.0128975,-44.015088900000016,2,1,0,1.0,0.0,170.0,barreiro,Solar do Barreiro (Barreiro),12/08/18,None,None
1746006,130000.0,49.73,-20.012964,-44.01469320000001,2,1,0,1.0,0.0,170.0,barreiro,Solar do Barreiro (Barreiro),12/08/18,None,None
3258338,130000.0,56.0,-19.9556132,-43.96407060000002,2,1,0,1.0,0.0,160.0,oeste,Jardim América,12/08/18,None,None
350282,133000.0,80.0,-19.8891044,-44.00642579999999,2,1,0,2.0,0.0,160.0,pampulha,Castelo,12/08/18,None,None
1523709,133000.0,55.0,-20.010540399999996,-44.009708999999994,2,1,0,2.0,0.0,150.0,barreiro,Solar do Barreiro (Barreiro),12/08/18,None,None
63737,135000.0,70.0,-19.8499431,-43.8860406,2,1,0,1.0,1.0,120.0,nordeste,Jardim Vitória,12/08/18,None,None
298689,135000.0,73.0,-19.8627858,-43.89185179999998,2,1,0,1.0,0.0,189.0,nordeste,Vitória,12/08/18,None,None
354125,135000.0,84.0,-19.982771600000003,-43.98856869999997,2,1,0,1.0,0.0,140.0,barreiro,Milionários,12/08/18,None,None
1529274,135000.0,168.0,-19.9083131,-43.88664989999995,2,1,0,2.0,0.0,100.0,leste,Vera Cruz,12/08/18,None,None
2751030,135000.0,168.0,-19.845752100000002,-43.88567849999998,2,1,0,2.0,0.0,150.0,nordeste,Jardim Vitória,12/08/18,None,None
3253187,135000.0,112.45,-19.9407607,-44.01539689999999,2,1,0,2.0,64.0,170.0,noroeste,Camargos,12/08/18,None,None
3255009,135000.0,126.0,-19.9771126,-44.02111450000001,2,1,0,3.0,0.0,80.0,barreiro,Barreiro de Baixo,12/08/18,None,None
48044,138000.0,130.0,-19.9768481,-44.01899359999999,2,1,0,2.0,0.0,150.0,barreiro,Solar do Barreiro (Barreiro),12/08/18,None,None
1745800,138000.0,130.0,-19.827056699999996,-43.96422010000003,2,1,0,2.0,27.37,350.0,venda-nova,São João Batista,12/08/18,None,None
352683,139000.0,130.0,-19.9814969,-44.03300999999999,2,1,0,2.0,60.0,200.0,barreiro,João Paulo II (Barreiro,12/08/18,None,None
363345,139000.0,130.0,-19.9427302,-44.01520900000003,2,1,0,3.0,28.0,170.0,noroeste,Camargos,12/08/18,None,None
1102419,139000.0,130.0,-19.8793227,-43.9605679,2,1,0,3.0,26.59,120.0,pampulha,São Francisco,12/08/18,None,None
3212097,139000.0,124.5,-19.8144454,-43.97407190000001,2,1,0,3.0,0.0,190.0,venda-nova,Candelária,12/08/18,None,None
131053,140000.0,270.0,-19.8290593,-43.93436029999998,3,1,0,3.0,82.0,180.0,norte,Jardim Guanabara,12/08/18,None,None
161650,140000.0,284.0,-19.8277397,-43.96315559999999,2,1,0,4.0,31.5,330.0,venda-nova,São João Batista,12/08/18,None,None
276323,140000.0,250.0,-20.0012791,-44.00215320000001,2,1,0,5.0,0.0,85.0,barreiro,Urucuia,12/08/18,None,None
353602,140000.0,50.0,-20.003013,-44.00762599999996,2,1,0,1.0,0.0,180.0,barreiro,Urucuia,12/08/18,None,None
459213,140000.0,46.83,-19.861228699999998,-43.887771999999984,2,1,0,1.0,70.0,200.0,nordeste,Vitória,12/08/18,None,None
587171,140000.0,45.71,-20.013137300000004,-44.014904,2,1,0,1.0,0.0,140.0,barreiro,Solar do Barreiro (Barreiro),12/08/18,None,None
1032223,140000.0,72.0,-19.8630612,-43.88981960000001,2,0,0,1.0,66.02,187.0,nordeste,Vitória,12/08/18,None,None
3236111,140000.0,72.0,-19.798970999999998,-43.97135200000002,2,1,0,1.0,0.0,140.0,venda-nova,Europa,12/08/18,None,None
3241088,140000.0,67.88,-19.8694221,-43.9511655,2,1,0,1.0,27.37,100.0,pampulha,Indaiá,12/08/18,None,None
3249588,140000.0,70.0,-20.001227046184766,-44.005205077770995,2,1,0,1.0,0.0,250.0,barreiro,Urucuia,12/08/18,None,None
3254030,140000.0,130.0,-19.8111438,-43.97880429999998,2,1,0,1.0,10.0,170.0,venda-nova,Visconde do Rio Branco,12/08/18,None,None
1839335,144000.0,84.77,-19.9926082,-44.0171507,2,1,0,1.0,0.0,150.0,barreiro,Santa Cruz (barreiro),12/08/18,None,None
161281,145000.0,67.0,-19.8554694,-43.90440260000002,2,1,0,1.0,0.0,135.0,nordeste,São Gabriel,12/08/18,None,None
333510,145000.0,70.0,-19.8554694,-43.90440260000002,2,1,0,2.0,0.0,153.0,nordeste,São Gabriel,12/08/18,None,None
3243467,145000.0,80.0,-19.8113383,-43.9537057,2,1,0,2.0,34.0,140.0,venda-nova,São Pedro (venda Nova),12/08/18,None,None
3252978,145000.0,80.0,-19.952985,-43.96465999999998,2,1,0,2.0,0.0,160.0,oeste,Jardim América,12/08/18,None,None
1742171,148000.0,173.82,-19.9888805,-43.99619730000001,2,1,0,4.0,0.0,165.0,barreiro,Milionários,12/08/18,None,None
44665,149000.0,98.0,-19.8115479,-43.97829969999998,2,1,0,1.0,40.0,200.0,venda-nova,Visconde do Rio Branco,12/08/18,None,None
1741123,149000.0,85.0,-19.839934399999997,-43.94103059999998,2,1,0,2.0,0.0,70.0,norte,Heliópolis,12/08/18,None,None
145848,150000.0,79.81,-19.8627383,-43.88966689999995,2,1,0,3.0,62.0,180.0,nordeste,Vitória,12/08/18,None,None
150368,150000.0,198.0,-19.896154584660305,-43.9468218005249,1,1,0,2.0,0.0,550.0,noroeste,São Cristóvão,12/08/18,None,None
350536,150000.0,198.0,-19.806422199999997,-43.9344724,3,1,0,2.0,0.0,50.0,norte,Jaqueline,12/08/18,None,None
1702087,150000.0,87.0,-19.9499968,-44.00240229999997,2,1,0,2.0,0.0,100.0,oeste,Madre Gertrudes,12/08/18,None,None
1840288,150000.0,63.36,-19.8129985,-43.97650720000002,2,1,0,2.0,0.0,190.0,venda-nova,Candelária,12/08/18,None,None
1848556,150000.0,63.36,-19.8605673,-43.89113639999999,2,1,0,2.0,62.0,220.0,nordeste,Vitória,12/08/18,None,None
2476871,150000.0,63.36,-19.883533,-44.012745,2,1,0,2.0,0.0,150.0,pampulha,Serrano,12/08/18,None,None
3215829,150000.0,93.47,-19.9039329,-44.01933859999997,2,1,0,2.0,0.0,150.0,noroeste,São Salvador,12/08/18,None,None
3242151,150000.0,67.4,-19.7980329,-43.96834160000003,2,1,0,2.0,0.0,224.0,venda-nova,Europa,12/08/18,None,None
3246650,150000.0,85.04,-19.7990701,-43.97142339999999,2,1,0,2.0,0.0,150.0,venda-nova,Europa,12/08/18,None,None
3249531,150000.0,85.04,-19.929261999999998,-44.01744200000002,2,1,0,2.0,0.0,120.0,noroeste,Califórnia,12/08/18,None,None
3253205,150000.0,74.96,-19.9926224,-44.027692,2,1,0,2.0,27.37,275.0,barreiro,Olaria,12/08/18,None,None
3243683,153000.0,102.75,-19.925698,-44.014128899999996,2,1,0,2.0,70.0,250.0,noroeste,Califórnia,12/08/18,None,None
3253217,154999.99,102.75,-19.955251500000003,-43.9783779,2,1,0,2.0,0.0,200.0,oeste,Havaí,12/08/18,None,None
58778,155000.0,194.06,-19.9393684,-44.01497790000002,2,1,0,4.0,235.0,160.0,noroeste,Camargos,12/08/18,None,None
367758,155000.0,180.0,-20.000374700000002,-44.00246099999998,2,1,0,4.0,0.0,5.0,barreiro,Urucuia,12/08/18,None,None
635076,155000.0,66.85,-19.839118,-43.93517700000001,2,1,0,2.0,0.0,160.0,norte,Heliópolis,12/08/18,None,None
2399609,155000.0,63.94,-19.816225699999997,-43.99350479999998,2,1,0,2.0,33.0,130.0,pampulha,Santa Mônica,12/08/18,None,None
3212169,155000.0,66.85,-19.806079999999998,-43.963342600000026,3,1,0,2.0,65.0,205.0,pampulha,Cenáculo,12/08/18,None,None
3256802,155000.0,59.9,-19.9413742,-44.01921770000001,2,1,0,1.0,59.0,228.0,noroeste,Vila Oeste,12/08/18,None,None
3258142,158000.0,69.0,-19.9235245,-44.00552140000002,2,1,0,1.0,28.0,250.0,noroeste,Conjunto Califórnia,12/08/18,None,None
3212259,159000.0,65.0,-19.805421799999998,-43.97883730000001,2,1,0,1.0,0.0,100.0,venda-nova,Venda Nova,12/08/18,None,None
3243890,159900.0,80.0,-19.8286653,-43.99332930000003,2,1,0,2.0,10.0,95.0,venda-nova,Jardim Leblon,12/08/18,None,None
51411,160000.0,80.0,-19.8091202,-43.98823219999997,2,1,0,2.0,112.0,120.0,venda-nova,Piratininga (venda Nova),12/08/18,None,None
54029,160000.0,129.73,-19.9008858,-43.9471423,2,1,0,2.0,0.0,224.48,noroeste,São Cristóvão,12/08/18,None,None
55645,160000.0,140.0,-20.011540399999998,-44.03122989999997,2,1,0,1.0,57.64,250.0,barreiro,Vila Santa Rita (vale do Jatobá),12/08/18,None,None
55648,160000.0,140.0,-20.011481200000002,-44.030055,2,1,0,1.0,220.0,250.0,barreiro,Vila Santa Rita (vale do Jatobá),12/08/18,None,None
62420,160000.0,146.0,-19.8207025,-43.94320310000001,2,1,0,2.0,23.25,170.0,norte,Juliana,12/08/18,None,None
338261,160000.0,100.0,-19.8973718,-43.94734030000001,1,1,1,2.0,75.0,250.0,noroeste,São Cristóvão,12/08/18,None,None
349016,160000.0,100.0,-19.944412300000003,-44.013526299999974,2,1,0,2.0,26.0,218.0,noroeste,Camargos,12/08/18,None,None
357701,160000.0,65.0,-19.7993746,-43.97207700000001,2,1,0,1.0,0.0,144.0,venda-nova,Europa,12/08/18,None,None
366766,160000.0,65.0,-19.942089000000003,-43.98945230000004,2,1,0,1.0,0.0,150.0,oeste,Nova Gameleira,12/08/18,None,None
373833,160000.0,67.88,-19.8297124,-43.93776059999999,2,1,0,1.0,57.0,150.0,norte,Jardim Guanabara,12/08/18,None,None
3236040,160000.0,73.0,-19.868147399999998,-44.00587310000003,3,1,0,1.0,0.0,220.0,pampulha,Santa Terezinha,12/08/18,None,None
3242127,160000.0,73.0,-19.9926143,-44.02700749999997,2,1,0,1.0,20.59,160.0,barreiro,Olaria,12/08/18,None,None
3249433,160000.0,73.0,-19.855788399999998,-43.90939839999999,2,1,0,1.0,27.79,230.0,nordeste,São Gabriel,12/08/18,None,None
3249579,160000.0,73.0,-19.9946065582021,-43.99766897672123,2,1,0,1.0,27.37,60.0,barreiro,Flávio Marques Lisboa,12/08/18,None,None
3249993,160000.0,73.0,-20.010405600000002,-44.00962370000002,2,1,0,1.0,0.0,100.0,barreiro,Urucuia,12/08/18,None,None
3254622,160000.0,73.0,-19.9407558,-44.01458689999998,2,1,0,1.0,70.0,230.0,noroeste,Camargos,12/08/18,None,None
2820244,161900.0,73.0,-19.839926300000002,-43.94100650000002,2,1,0,1.0,27.0,140.0,norte,Heliópolis,12/08/18,None,None
1452285,164000.0,73.0,-19.918434299999998,-43.8883874,2,1,0,1.0,55.0,200.0,leste,Vera Cruz,12/08/18,None,None
36102,165000.0,73.0,-19.9135187,-44.00722680000001,1,1,0,1.0,0.0,118.0,noroeste,Álvaro Camargos,12/08/18,None,None
131792,165000.0,80.0,-19.982849800000004,-44.0332899,2,1,0,2.0,0.0,230.0,barreiro,Tirol,12/08/18,None,None
147152,165000.0,80.0,-19.857029100000002,-43.908858200000005,2,1,0,2.0,0.0,120.0,nordeste,São Gabriel,12/08/18,None,None
165755,165000.0,73.0,-19.7995813,-43.9432688,3,1,0,1.0,49.46,160.0,norte,Jaqueline,12/08/18,None,None
339811,165000.0,43.94,-20.0123186,-44.03031020000003,2,1,0,1.0,25.0,140.0,barreiro,Vale do Jatobá,12/08/18,None,None
358985,165000.0,69.0,-19.8045596,-43.97531300000003,2,1,0,1.0,26.54,150.0,venda-nova,Letícia,12/08/18,None,None
1822049,165000.0,60.4,-19.948141,-44.00187600000004,2,1,0,1.0,0.0,150.0,oeste,Madre Gertrudes,12/08/18,None,None
1834383,165000.0,75.0,-19.9972012,-43.9963052,2,1,0,2.0,56.4,100.0,barreiro,Flávio Marques Lisboa,12/08/18,None,None
2231271,165000.0,115.0,-19.8715999,-43.94303430000002,2,1,0,1.0,0.0,160.0,nordeste,Santa Cruz,12/08/18,None,None
3235518,165000.0,115.0,-19.9947674,-43.99816959999998,2,1,0,1.0,0.0,90.0,barreiro,Flávio Marques Lisboa,12/08/18,None,None
3238021,165000.0,71.0,-19.9030937,-43.94737499999997,2,1,0,2.0,0.0,240.0,noroeste,São Cristóvão,12/08/18,None,None
3244273,165000.0,70.42,-19.8940633,-43.98374849999999,2,1,0,2.0,78.0,280.0,pampulha,Engenho Nogueira,12/08/18,None,None
3249480,165000.0,175.0,-19.8627622,-43.88976030000003,2,1,0,2.0,68.0,190.0,nordeste,Vitória,12/08/18,None,None
3249793,165000.0,145.63,-19.8094378,-43.93669729999999,2,1,0,2.0,62.16,230.0,norte,Juliana,12/08/18,None,None
145826,166000.0,63.0,-19.992214800000003,-44.02685159999999,2,1,0,1.0,18.33,220.0,barreiro,Olaria,12/08/18,None,None
339751,167000.0,60.0,-20.012351300000002,-44.03008699999998,2,1,0,1.0,25.0,140.0,barreiro,Vale do Jatobá,12/08/18,None,None
339800,167000.0,66.65,-20.0123407,-44.03085670000002,2,1,0,2.0,25.0,140.0,barreiro,Vale do Jatobá,12/08/18,None,None
339808,167000.0,53.0,-20.012351300000002,-44.03008699999998,2,1,0,1.0,25.0,140.0,barreiro,Vale do Jatobá,12/08/18,None,None
339809,167000.0,48.0,-20.0123186,-44.03031020000003,2,1,0,1.0,25.0,140.0,barreiro,Vale do Jatobá,12/08/18,None,None
355312,167000.0,48.0,-19.941986899999996,-44.015156400000016,2,1,0,1.0,62.21,205.0,noroeste,Camargos,12/08/18,None,None
342350,168000.0,60.0,-19.960597600000003,-43.99332620000001,2,1,0,2.0,0.0,160.0,oeste,Betânia,12/08/18,None,None
530033,168000.0,60.0,-19.9366695,-44.02219739999998,2,1,0,2.0,500.0,300.0,noroeste,Camargos,12/08/18,None,None
55607,169000.0,60.0,-20.011481200000002,-44.030055,2,1,0,1.0,220.0,250.0,barreiro,Vila Santa Rita (vale do Jatobá),12/08/18,None,None
59608,169000.0,111.66,-19.9318889,-44.01493449999998,2,1,0,3.0,57.0,240.0,noroeste,Santa Maria,12/08/18,None,None
339793,169000.0,111.66,-20.0123186,-44.03031020000003,2,1,0,2.0,25.0,140.0,barreiro,Vale do Jatobá,12/08/18,None,None
339794,169000.0,111.66,-20.0101522,-44.02975600000002,2,1,0,3.0,25.0,140.0,barreiro,Vale do Jatobá,12/08/18,None,None
362992,169000.0,130.6,-19.925784399999998,-44.014057699999974,2,1,0,3.0,50.0,200.0,noroeste,Califórnia,12/08/18,None,None
3243938,169000.0,80.0,-19.897622199999997,-43.99739769999997,2,1,0,1.0,27.37,200.0,pampulha,Manacás,12/08/18,None,None
57208,170000.0,80.0,-19.8708136,-43.95546760000002,2,1,0,1.0,58.18,200.0,noroeste,Novo São Francisco,12/08/18,None,None
164426,170000.0,108.0,-19.8605673,-43.89113639999999,2,1,0,2.0,55.0,170.0,nordeste,Vitória,12/08/18,None,None
181279,170000.0,228.3,-19.8583967,-43.9790021,2,1,0,4.0,0.0,200.0,pampulha,São Francisco,12/08/18,None,None
192017,170000.0,50.0,-19.903081600000004,-43.947361399999984,2,1,0,1.0,0.0,300.0,noroeste,São Cristóvão,12/08/18,None,None
248198,170000.0,50.0,-19.801926899999998,-43.93685649999998,3,1,0,1.0,692.45,135.0,norte,Jaqueline,12/08/18,None,None
378158,170000.0,110.0,-19.817595899999997,-43.94470760000002,2,1,0,3.0,0.0,120.0,norte,Juliana,12/08/18,None,None
1601938,170000.0,270.0,-19.937077399999996,-43.98430129999997,2,1,0,2.0,65.0,150.0,oeste,Salgado Filho,12/08/18,None,None
1807294,170000.0,270.0,-19.824101938210553,-43.96030347567137,3,1,0,2.0,67.0,224.0,venda-nova,São João Batista,12/08/18,None,None
2539638,170000.0,50.0,-19.9366617,-44.0222162,2,1,0,1.0,62.31,360.0,noroeste,Camargos,12/08/18,None,None
3212261,170000.0,50.0,-19.820397,-43.96313499999997,2,1,0,1.0,673.94,244.0,venda-nova,São João Batista (venda Nova),12/08/18,None,None
3236567,170000.0,51.0,-19.9092867,-43.944531100000006,1,1,0,1.0,0.0,219.0,noroeste,São Cristóvão,12/08/18,None,None
3245906,170000.0,105.0,-19.8299599,-43.97749120000003,2,1,0,2.0,56.0,180.0,pampulha,Santa Mônica,12/08/18,None,None
3252975,170000.0,66.0,-19.9024258,-43.94787150000002,2,1,0,2.0,0.0,240.0,noroeste,São Cristóvão,12/08/18,None,None
3253292,170000.0,146.0,-19.949153,-44.00315000000001,2,1,0,2.0,0.0,50.0,oeste,Madre Gertrudes,12/08/18,None,None
3256229,170000.0,61.0,-19.9971359,-43.9964574,2,1,0,2.0,61.15,100.0,barreiro,Flávio Marques Lisboa,12/08/18,None,None
3258076,170000.0,60.0,-19.8739655,-43.95861350000001,2,1,0,1.0,60.0,220.0,pampulha,São Francisco,12/08/18,None,None
336250,171000.0,170.0,-19.849469,-43.905566799999974,2,1,0,2.0,26.59,150.0,norte,Jardim Belmonte,12/08/18,None,None
364027,172000.0,236.0,-19.960255399999998,-43.9872173,2,1,0,3.0,0.0,140.0,oeste,Estrela do Oriente,12/08/18,None,None
339798,172300.0,47.0,-20.0134272,-44.03037459999996,2,1,0,1.0,25.0,140.0,barreiro,Vale do Jatobá,12/08/18,None,None
335332,173000.0,59.46,-19.8226604,-43.99039240000002,2,1,0,1.0,34.0,120.0,venda-nova,Parque Leblon,12/08/18,None,None
335341,173000.0,45.0,-19.8226604,-43.99039240000002,2,1,0,1.0,34.0,120.0,venda-nova,Parque Leblon,12/08/18,None,None
335343,173000.0,45.0,-19.8226604,-43.99039240000002,2,1,0,1.0,34.0,120.0,venda-nova,Parque Leblon,12/08/18,None,None
335444,173000.0,45.0,-19.8226604,-43.99039240000002,2,1,0,1.0,34.0,120.0,venda-nova,Parque Leblon,12/08/18,None,None
3235442,173000.0,55.0,-19.992623000000002,-44.02754949999997,2,1,0,1.0,61.68,250.0,barreiro,Olaria,12/08/18,None,None
58274,175000.0,45.0,-19.864547199999997,-44.00391960000002,2,1,0,1.0,27.9,250.0,pampulha,Serrano,12/08/18,None,None
169947,175000.0,44.0,-19.8405141,-43.94034820000002,2,1,0,1.0,26.7,170.0,norte,Heliópolis,12/08/18,None,None
172004,175000.0,44.0,-19.934614899999996,-44.007249099999974,2,1,0,1.0,59.0,179.0,noroeste,Vila Oeste,12/08/18,None,None
349682,175000.0,44.0,-20.0047362,-44.00462260000001,2,1,0,1.0,0.0,200.0,barreiro,Cardoso,12/08/18,None,None
354043,175000.0,57.6,-19.8303652,-43.94524209999997,2,1,0,3.0,62.0,170.0,norte,Planalto,12/08/18,None,None
359788,175000.0,66.89,-19.906892499999998,-43.97046810000001,2,1,0,1.0,0.0,120.0,noroeste,Caiçaras,12/08/18,None,None
365966,175000.0,45.53,-19.916405800000003,-43.93174169999998,3,1,0,1.0,0.0,10.0,barreiro,Urucuia,12/08/18,None,None
373561,175000.0,68.31,-19.9034193,-44.02238390000002,3,1,0,1.0,0.0,100.0,noroeste,Coqueiros,12/08/18,None,None
1535922,175000.0,70.0,-19.991328,-44.03189939999999,3,1,0,1.0,61.0,280.0,barreiro,Diamante,12/08/18,None,None
1615270,175000.0,55.0,-19.9551914,-43.97831710000003,2,1,0,1.0,0.0,130.0,oeste,Salgado Filho,12/08/18,None,None
2853942,175000.0,75.0,-19.818749,-43.94464820000002,2,1,0,1.0,0.0,180.0,norte,Juliana,12/08/18,None,None
3233880,175000.0,75.0,-19.831207199999998,-43.945326000000016,2,1,0,2.0,55.0,159.0,norte,Planalto,12/08/18,None,None
3244035,175000.0,75.0,-19.811837699999998,-43.9608313,2,1,0,2.0,66.0,200.0,venda-nova,Venda Nova,12/08/18,None,None
3250095,175000.0,75.0,-19.8054517,-43.93422829999997,2,1,0,2.0,27.0,60.0,norte,Jaqueline,12/08/18,None,None
3250104,175000.0,65.0,-19.8054517,-43.93422829999997,2,1,0,1.0,27.0,60.0,norte,Jaqueline,12/08/18,None,None
3255232,175000.0,90.0,-19.8021955,-43.9465199,2,1,0,1.0,40.0,230.0,norte,Jaqueline,12/08/18,None,None
207787,178000.0,70.0,-20.0046051,-44.005983500000006,3,1,0,1.0,70.0,200.0,barreiro,Cardoso,12/08/18,None,None
340928,179000.0,50.0,-19.9775728,-44.01974780000001,3,2,0,2.0,0.0,200.0,barreiro,Tirol,12/08/18,None,None
413549,179000.0,58.0,-19.9514362,-43.9453211,2,1,0,2.0,128.25,365.44,centro-sul,Santo Antônio,12/08/18,None,None
1525769,179000.0,58.0,-19.8438881,-43.93988909999996,2,1,0,2.0,0.0,160.0,norte,Heliópolis,12/08/18,None,None
1702635,179000.0,80.0,-19.8348895,-43.981598599999984,2,1,0,2.0,28.0,230.0,pampulha,Santa Amélia,12/08/18,None,None
3246510,179000.0,80.0,-19.956024300000003,-43.976576000000016,2,1,0,2.0,27.36,250.0,oeste,Havaí,12/08/18,None,None
10397,179900.0,58.0,-19.8667059,-44.0100127,2,1,0,2.0,58.6,100.0,pampulha,Itatiaia,12/08/18,None,None
42412,180000.0,75.0,-19.919167,-44.0094029,2,2,0,2.0,50.54,170.0,noroeste,Califórnia,12/08/18,None,None
157986,180000.0,75.0,-20.006732999999997,-44.00526120000001,2,1,0,2.0,0.0,210.0,barreiro,Cardoso,12/08/18,None,None
345189,180000.0,72.0,-19.9329495,-43.99929499999996,2,1,0,2.0,55.9,140.0,noroeste,João Pinheiro,12/08/18,None,None
345494,180000.0,76.0,-19.8168185,-43.94520699999998,2,1,0,1.0,0.0,120.0,norte,Juliana,12/08/18,None,None
365292,180000.0,67.88,-19.824779100000004,-43.9584504,3,1,0,2.0,70.0,165.0,venda-nova,São João Batista,12/08/18,None,None
615465,180000.0,110.0,-19.868351,-44.0135702,2,1,0,2.0,600.0,175.0,pampulha,Santa Terezinha,12/08/18,None,None
2535048,180000.0,150.0,-19.887006399999997,-44.00236129999996,2,1,0,2.0,60.0,200.0,pampulha,Castelo,12/08/18,None,None
3245585,180000.0,150.0,-19.894444,-44.00005120000003,3,1,0,2.0,90.0,150.0,pampulha,Manacás,12/08/18,None,None
3248403,180000.0,66.17,-19.8973801,-43.99643270000002,2,1,0,2.0,27.37,200.0,pampulha,Manacás,12/08/18,None,None
3251579,180000.0,72.0,-19.873994600000003,-43.95858040000002,2,1,0,2.0,63.31,218.0,pampulha,Jaraguá,12/08/18,None,None
3254754,180000.0,72.0,-19.804875,-43.93532800000003,2,1,0,2.0,99.0,120.0,norte,Jaqueline,12/08/18,None,None
3212325,183000.0,85.0,-20.0064532,-44.04059359999997,2,1,0,1.0,27.3,150.0,barreiro,Vale do Jatobá,12/08/18,None,None
3212326,183000.0,80.0,-20.0064532,-44.04059359999997,2,1,0,2.0,27.3,150.0,barreiro,Vale do Jatobá,12/08/18,None,None
3212329,183000.0,72.0,-20.0064532,-44.04059359999997,2,1,0,4.0,27.3,150.0,barreiro,Vale do Jatobá,12/08/18,None,None
167426,185000.0,70.0,-19.882096100000002,-44.008011200000006,2,1,0,2.0,55.0,300.0,pampulha,Serrano,12/08/18,None,None
340743,185000.0,70.0,-19.896577899999997,-43.999124,2,1,0,2.0,26.5,190.0,pampulha,Manacás,12/08/18,None,None
343805,185000.0,96.0,-19.985623999999998,-44.02934619999997,3,1,0,2.0,39.19,200.0,barreiro,Diamante,12/08/18,None,None
366027,185000.0,72.0,-19.9875855,-44.02925390000002,2,1,0,2.0,0.0,250.0,barreiro,Diamante,12/08/18,None,None
413769,185000.0,80.0,-19.9508401,-43.94561220000003,2,1,0,2.0,128.25,365.44,centro-sul,Santo Antônio,12/08/18,None,None
755606,185000.0,72.0,-19.8404823,-43.9404705,2,1,0,2.0,0.0,150.0,norte,Heliópolis,12/08/18,None,None
837171,185000.0,100.0,-19.8977204,-44.00978309999999,2,1,0,3.0,60.0,130.0,noroeste,Inconfidência,12/08/18,None,None
1837826,185000.0,74.97,-19.8862372,-44.00643549999995,2,1,0,2.0,61.65,330.0,pampulha,Serrano,12/08/18,None,None
2096678,185000.0,80.0,-19.932505499999998,-43.97458210000002,2,2,1,2.0,0.0,280.0,oeste,Nova Suíssa,12/08/18,None,None
3235430,185000.0,80.0,-19.9066538,-43.977414200000005,2,1,0,2.0,59.65,150.0,noroeste,Monsenhor Messias,12/08/18,None,None
3236362,185000.0,80.0,-19.941362899999998,-44.0199897,2,1,0,2.0,0.0,250.0,noroeste,Camargos,12/08/18,None,None
3236585,185000.0,58.0,-19.8348895,-43.981598599999984,2,1,0,2.0,28.0,230.0,pampulha,Santa Amélia,12/08/18,None,None
3238436,185000.0,80.0,-19.8094167,-43.93669379999999,2,1,0,2.0,68.0,258.0,norte,Frei Leopoldo,12/08/18,None,None
3241741,185000.0,80.0,-19.843002,-43.96312399999999,3,1,0,2.0,65.89,150.0,pampulha,Itapoã,12/08/18,None,None
3244777,185000.0,74.97,-19.9079792,-44.00045510000001,3,1,0,2.0,58.32,300.0,noroeste,Ipanema,12/08/18,None,None
3244839,185000.0,74.97,-19.9576846,-43.97243989999998,2,1,0,2.0,70.0,160.0,oeste,Havaí,12/08/18,None,None
3256311,185000.0,74.97,-19.838715,-43.93615899999998,2,1,0,2.0,0.0,230.0,norte,Floramar,12/08/18,None,None
1468880,186000.0,74.97,-19.830197100000003,-43.981632200000035,2,2,1,2.0,68.98,168.0,pampulha,Santa Mônica,12/08/18,None,None
246590,188000.0,74.97,-19.947699800000002,-43.97594100000003,2,1,0,3.0,155.0,167.34,oeste,Salgado Filho,12/08/18,None,None
343781,188000.0,74.97,-19.986544199999997,-44.02971739999998,2,1,0,2.0,67.0,250.0,barreiro,Diamante(barreiro),12/08/18,None,None
3212324,188000.0,74.97,-20.0064532,-44.04059359999997,2,1,0,2.0,27.3,150.0,barreiro,Vale do Jatobá,12/08/18,None,None
3212327,188000.0,74.97,-20.0064532,-44.04059359999997,2,1,0,2.0,27.3,150.0,barreiro,Vale do Jatobá,12/08/18,None,None
3212330,188000.0,80.0,-20.0064532,-44.04059359999997,2,1,0,2.0,27.3,150.0,barreiro,Vale do Jatobá,12/08/18,None,None
217323,189000.0,74.97,-19.9195124,-43.967778700000004,3,1,0,2.0,26.59,145.0,oeste,Prado,12/08/18,None,None
350980,189000.0,74.97,-19.8355456,-43.97124740000004,3,1,1,2.0,62.54,320.0,pampulha,Santa Amélia,12/08/18,None,None
519456,189000.0,74.97,-19.9650362,-43.989127199999984,2,1,0,2.0,0.0,170.0,oeste,Betânia,12/08/18,None,None
1525977,189000.0,74.97,-19.965139730853245,-43.97712467036132,2,1,0,2.0,0.0,120.0,oeste,Palmeiras,12/08/18,None,None
2708132,189000.0,74.97,-19.8156279,-43.95196720000001,2,1,0,2.0,74.0,248.0,venda-nova,Parque São Pedro (venda,12/08/18,None,None
3214733,189000.0,75.0,-19.909601600000002,-43.98044049999999,2,1,0,2.0,62.88,170.0,noroeste,Monsenhor Messias,12/08/18,None,None
3252689,189000.0,80.0,-19.950518399999996,-43.94414340000003,2,1,0,2.0,124.59,338.44,centro-sul,Santo Antônio,12/08/18,None,None
38482,190000.0,80.0,-19.888244699999998,-44.0080499,2,1,0,2.0,57.12,280.0,pampulha,Serrano,12/08/18,None,None
66726,190000.0,74.97,-19.832597,-43.943362999999984,2,1,0,2.0,50.0,140.0,norte,Planalto,12/08/18,None,None
149568,190000.0,74.97,-19.8249629,-43.95827459999998,3,1,0,2.0,56.13,182.78,venda-nova,São João Batista,12/08/18,None,None
174759,190000.0,74.97,-19.902149800000004,-44.0242308,3,1,0,2.0,0.0,200.0,noroeste,Coqueiros,12/08/18,None,None
272975,190000.0,74.97,-19.8691715,-43.91823829999999,3,1,0,2.0,66.0,150.0,nordeste,Fernão Dias,12/08/18,None,None
333732,190000.0,111.0,-19.965159600000003,-43.96974320000004,2,1,0,2.0,26.63,130.0,oeste,Estrela Dalva,12/08/18,None,None
344340,190000.0,111.0,-19.840942300000002,-43.98953219999999,2,1,0,2.0,297.0,160.0,pampulha,Jardim Atlântico,12/08/18,None,None
345445,190000.0,74.97,-19.925904,-43.99872959999999,2,1,0,2.0,72.54,270.0,noroeste,João Pinheiro,12/08/18,None,None
375292,190000.0,140.0,-19.9095107,-43.979578,3,1,0,2.0,26.59,165.0,noroeste,Jardim Montanhês,12/08/18,None,None
1469800,190000.0,146.14,-19.8402065,-43.937531499999984,3,1,0,3.0,60.69,200.0,norte,Planalto,12/08/18,None,None
1534139,190000.0,125.0,-19.9656838,-43.972162899999994,2,2,0,2.0,25.17,200.0,oeste,Havaí,12/08/18,None,None
1582209,190000.0,80.0,-19.9287801,-44.0037395,2,1,0,3.0,0.0,140.0,noroeste,João Pinheiro,12/08/18,None,None
2570960,190000.0,80.0,-19.9366695,-44.02219739999998,2,1,0,2.0,40.0,270.0,noroeste,Camargos,12/08/18,None,None
3236729,190000.0,80.0,-19.9456147,-43.96537790000002,3,2,0,2.0,0.0,270.0,oeste,Nova Granada,12/08/18,None,None
3245233,190000.0,79.81,-19.887006399999997,-44.00236129999996,2,1,0,2.0,60.0,200.0,pampulha,Castelo,12/08/18,None,None
3251414,190000.0,160.0,-19.9354008,-44.00580149999996,2,1,0,2.0,37.63,180.0,noroeste,Vila Oeste,12/08/18,None,None
3254759,190000.0,83.29,-19.865612,-44.00782029999999,2,1,0,2.0,56.0,180.0,pampulha,Castelo,12/08/18,None,None
3256312,190000.0,74.97,-19.859837,-43.92122610000001,2,1,0,2.0,50.0,230.0,nordeste,São Gabriel,12/08/18,None,None
3256648,190000.0,160.0,-19.9939992,-44.0227605,2,1,0,2.0,33.89,200.0,barreiro,Diamante,12/08/18,None,None
1582007,191224.0,160.0,-19.881807300000002,-43.927020899999995,1,1,0,2.0,1.0,1.0,nordeste,União,12/08/18,None,None
357669,192000.0,85.0,-19.931099,-43.99566970000001,2,1,0,2.0,0.0,150.0,noroeste,João Pinheiro,12/08/18,None,None
3247166,193000.0,140.0,-20.004648800000002,-44.044794799999984,2,1,0,1.0,80.0,150.0,barreiro,Vale do Jatobá,12/08/18,None,None
1582110,193556.0,132.34,-19.881807300000002,-43.927020899999995,1,1,0,2.0,1.0,1.0,nordeste,União,12/08/18,None,None
130352,194000.0,132.34,-19.8790938,-43.93098499999997,2,1,0,2.0,68.0,400.0,nordeste,Ipiranga,12/08/18,None,None
166485,194000.0,66.0,-19.967021,-43.97370569999998,2,1,0,2.0,26.63,180.0,oeste,Palmeiras,12/08/18,None,None
3252688,194000.0,84.76,-19.950518399999996,-43.94414340000003,2,1,0,2.0,130.87,364.24,centro-sul,Santo Antônio,12/08/18,None,None
58237,195000.0,105.0,-19.8160198,-43.93719149999998,2,1,0,2.0,60.0,100.0,norte,Juliana,12/08/18,None,None
58242,195000.0,70.0,-19.813567000000003,-43.93250449999999,2,1,0,2.0,60.0,100.0,norte,Etelvina Carneiro,12/08/18,None,None
276421,195000.0,70.0,-19.866885999999997,-43.98502730000001,2,1,0,2.0,0.0,185.0,pampulha,Ouro Preto,12/08/18,None,None
332239,195000.0,91.0,-19.969468799999998,-43.9853627,2,1,0,2.0,0.0,165.0,oeste,Palmeiras,12/08/18,None,None
334904,195000.0,85.0,-19.87479,-43.9371797,2,1,0,2.0,0.0,140.0,nordeste,Palmares,12/08/18,None,None
336936,195000.0,144.0,-19.899876000000003,-43.937487000000026,3,2,1,2.0,74.9,100.0,nordeste,Concórdia,12/08/18,None,None
500087,195000.0,125.0,-19.842399800000003,-43.92002639999998,3,1,0,1.0,0.0,280.0,norte,Tupi,12/08/18,None,None
1634713,195000.0,190.0,-19.9301104,-44.00222550000001,2,1,0,2.0,26.4,140.0,noroeste,João Pinheiro,12/08/18,None,None
1668149,195000.0,164.0,-19.9154988,-43.96719380000002,2,1,0,2.0,80.0,210.0,noroeste,Carlos Prates,12/08/18,None,None
1668669,195000.0,191.0,-19.931483,-44.01545160000001,3,1,0,2.0,71.32,240.0,noroeste,Santa Maria,12/08/18,None,None
1675137,195000.0,191.0,-19.9555657,-43.97721360000003,2,1,0,2.0,61.75,160.0,oeste,Havaí,12/08/18,None,None
2463641,195000.0,149.94,-19.856485600000003,-43.94303450000001,2,1,0,2.0,0.0,150.0,pampulha,Jaraguá,12/08/18,None,None
3215091,195000.0,41.76,-19.9311987,-43.98115250000001,2,1,0,1.0,50.0,500.0,oeste,Nova Suíssa,12/08/18,None,None
3245368,195000.0,149.94,-19.903723,-43.92608300000001,1,0,1,3.0,20.0,145.0,leste,Sagrada Família,12/08/18,None,None
3249552,195000.0,105.42,-19.9422941,-43.97103429999999,3,2,1,2.0,86.22,270.0,oeste,Nova Granada,12/08/18,None,None
3255113,195000.0,149.94,-19.829665300000002,-43.93770430000001,2,1,0,2.0,677.57,150.0,norte,Jardim Guanabara,12/08/18,None,None
3256797,195000.0,103.34,-19.840803,-43.89305000000002,2,1,0,2.0,30.0,127.0,nordeste,Paulo Vi,12/08/18,None,None
2490084,196000.0,158.02,-19.947143899999997,-43.97970020000002,2,1,0,2.0,61.05,194.0,oeste,Salgado Filho,12/08/18,None,None
339387,197999.99,158.02,-19.9531895,-43.97933309999996,2,1,0,2.0,0.0,150.0,oeste,Havaí,12/08/18,None,None
155952,198000.0,100.3,-19.9146641,-43.94719810000004,2,1,0,2.0,55.0,290.0,noroeste,Carlos Prates,12/08/18,None,None
1756779,198000.0,190.0,-19.965191,-43.98936900000001,2,1,0,2.0,0.0,150.0,oeste,Estrela do Oriente,12/08/18,None,None
3243388,198000.0,149.94,-19.873540300000002,-43.9982521,2,1,0,2.0,1.0,100.0,pampulha,Castelo,12/08/18,None,None
58243,199000.0,44.37,-19.813567000000003,-43.93250449999999,2,1,0,1.0,60.0,100.0,norte,Etelvina Carneiro,12/08/18,None,None
144653,199000.0,160.0,-19.9388383,-43.9777532,3,1,1,4.0,80.96,230.0,oeste,Jardim América,12/08/18,None,None
356451,199000.0,44.95,-20.0047519,-44.00800379999998,3,1,0,1.0,59.72,240.0,barreiro,Cardoso,12/08/18,None,None
454822,199000.0,44.37,-19.825228,-43.96050530000002,2,2,0,1.0,29.96,400.0,venda-nova,São João Batista,12/08/18,None,None
498277,199000.0,45.93,-20.005541600000004,-44.00682280000001,3,1,0,1.0,44.88,246.0,barreiro,Cardoso,12/08/18,None,None
1466477,199000.0,160.0,-19.9521408,-43.97962180000002,2,1,0,2.0,0.0,150.0,oeste,Havaí,12/08/18,None,None
3252405,199000.0,45.45,-19.921837,-44.00565399999999,3,1,0,1.0,0.0,100.0,noroeste,Conjunto Califórnia,12/08/18,None,None
3252691,199000.0,44.95,-19.889023,-43.99524100000002,2,1,1,1.0,1.01,150.0,pampulha,Castelo,12/08/18,None,None
3253069,199000.0,45.45,-20.0057585,-44.00760279999997,2,1,0,1.0,68.84,360.0,barreiro,Urucuia,12/08/18,None,None
1581901,199178.0,44.95,-19.881807300000002,-43.927020899999995,1,1,0,1.0,1.0,1.0,nordeste,União,12/08/18,None,None
165079,199900.0,47.29,-19.936515,-44.02211650000004,2,2,1,1.0,61.54,276.3,noroeste,Camargos,12/08/18,None,None
65581,200000.0,45.18,-19.8847676,-43.95845250000002,3,2,0,1.0,63.37,430.0,noroeste,Nova Cachoeirinha,12/08/18,None,None
134672,200000.0,44.37,-19.8895805,-44.00924309999999,2,1,0,1.0,0.0,230.0,pampulha,Serrano,12/08/18,None,None
140155,200000.0,47.89,-19.896238399999998,-43.99861729999998,2,1,0,1.0,27.0,150.0,pampulha,Manacás,12/08/18,None,None
168894,200000.0,44.37,-19.8911032,-43.9992805,2,1,0,1.0,22.0,250.0,pampulha,Manacás,12/08/18,None,None
171505,200000.0,45.18,-19.909466600000002,-43.99995849999999,2,1,0,1.0,0.0,175.75,noroeste,Inconfidência,12/08/18,None,None
374729,200000.0,158.05,-19.9429986,-43.99602440000001,2,1,0,2.0,0.0,170.0,oeste,Nova Gameleira,12/08/18,None,None
1381764,200000.0,44.37,-19.8943759,-43.99917529999999,2,1,0,1.0,0.0,250.0,pampulha,Castelo,12/08/18,None,None
1519597,200000.0,47.85,-19.9894389,-43.993197599999974,3,1,0,1.0,0.0,220.0,barreiro,Flávio Marques Lisboa,12/08/18,None,None
1602400,200000.0,44.95,-19.8991924,-43.97114139999997,2,2,0,1.0,100.0,450.0,noroeste,Caiçaras,12/08/18,None,None
2448943,200000.0,105.0,-19.8967732,-43.9398066,2,1,0,2.0,59.0,480.0,nordeste,Concórdia,12/08/18,None,None
3215105,200000.0,105.0,-19.9898509,-43.99070119999999,2,1,0,2.0,58.6,220.0,barreiro,Bonsucesso,12/08/18,None,None
3236382,200000.0,105.0,-19.919541,-43.91283199999998,2,1,0,2.0,78.85,200.0,centro-sul,Santa Efigênia,12/08/18,None,None
3237064,200000.0,105.0,-19.9534218,-43.98309870000003,3,1,0,2.0,130.89,250.0,oeste,Betânia,12/08/18,None,None
3239485,200000.0,45.18,-19.8252359,-43.960488500000004,2,1,0,1.0,43.0,165.0,venda-nova,São João Batista,12/08/18,None,None
3245055,200000.0,49.1,-19.9604662,-43.98005380000001,2,1,0,1.0,63.05,180.0,oeste,Marajó,12/08/18,None,None
3250340,200000.0,45.45,-19.824135300000002,-43.96281420000002,2,1,0,1.0,30.0,105.0,venda-nova,São João Batista (venda Nova),12/08/18,None,None
396825,201000.0,45.18,-19.9884743,-43.9904075,2,1,1,1.0,62.85,130.0,barreiro,Bonsucesso,12/08/18,None,None
3233583,201000.0,45.45,-19.9230706,-43.942734400000006,2,1,0,1.0,92.74,308.0,centro-sul,Centro,12/08/18,None,None
1582109,201856.0,49.1,-19.881807300000002,-43.927020899999995,1,1,0,1.0,1.0,1.0,nordeste,União,12/08/18,None,None
49189,205000.0,47.85,-19.8393206,-43.97977530000003,2,1,0,1.0,23.0,190.0,pampulha,Santa Amélia,12/08/18,None,None
337047,205000.0,105.0,-19.981702300000002,-43.99858560000001,2,1,0,2.0,90.0,150.0,barreiro,Milionários,12/08/18,None,None
348861,205000.0,105.0,-19.8355456,-43.97124740000004,3,1,1,2.0,62.54,320.0,pampulha,Santa Mônica,12/08/18,None,None
482590,205000.0,46.73,-19.871486800000003,-43.943285499999995,3,1,0,1.0,61.0,150.0,nordeste,Palmares,12/08/18,None,None
3238612,205000.0,105.0,-19.9168637,-43.93096379999997,3,1,0,2.0,0.0,60.0,barreiro,Urucuia,12/08/18,None,None
3252772,205000.0,47.85,-19.8200467,-43.97861720000003,2,2,1,1.0,62.0,220.0,venda-nova,Sinimbu,12/08/18,None,None
3258261,205000.0,132.0,-19.92614,-43.99844489999998,2,1,0,2.0,45.63,372.0,noroeste,João Pinheiro,12/08/18,None,None
1582005,205356.0,211.0,-19.881807300000002,-43.927020899999995,1,1,0,4.0,1.0,1.0,nordeste,União,12/08/18,None,None
58241,207000.0,178.0,-19.813567000000003,-43.93250449999999,2,1,0,3.0,60.0,100.0,norte,Etelvina Carneiro,12/08/18,None,None
49827,209000.0,112.98,-19.9264764,-44.01360199999999,2,1,0,2.0,50.0,90.0,noroeste,Califórnia,12/08/18,None,None
218402,209000.0,112.98,-19.8691715,-43.91823829999999,3,1,0,2.0,63.0,150.0,nordeste,Fernão Dias,12/08/18,None,None
3258238,209000.0,112.98,-19.9888443,-44.01943299999999,2,1,0,2.0,64.0,280.0,barreiro,Diamante(barreiro),12/08/18,None,None
126706,210000.0,112.98,-19.893577800000003,-44.00107109999999,3,1,0,2.0,60.0,150.0,noroeste,Alípio de Melo,12/08/18,None,None
134983,210000.0,112.98,-19.828722199999998,-43.96342609999999,2,1,0,2.0,25.3,285.0,venda-nova,São João Batista (venda Nova),12/08/18,None,None
168952,210000.0,112.98,-19.835647199999997,-43.978522,1,2,0,2.0,78.5,100.0,pampulha,Santa Amélia,12/08/18,None,None
194739,210000.0,112.98,-19.930549,-43.919488,3,2,0,2.0,0.0,350.0,leste,São Lucas,12/08/18,None,None
239047,210000.0,160.37,-19.823662,-43.98213140000002,2,1,0,4.0,26.0,100.0,pampulha,Santa Mônica,12/08/18,None,None
332768,210000.0,54.94,-19.9009917,-43.94540549999999,2,1,0,1.0,70.21,349.0,noroeste,São Cristóvão,12/08/18,None,None
334987,210000.0,180.0,-19.8351161,-43.968148600000006,2,1,0,5.0,34.0,150.0,pampulha,Santa Branca,12/08/18,None,None
339696,210000.0,240.0,-19.8924905,-43.9958446,2,1,0,2.0,60.0,200.0,pampulha,Castelo,12/08/18,None,None
353872,210000.0,177.0,-19.902658300000002,-43.94619999999998,2,1,0,2.0,0.0,250.0,noroeste,São Cristóvão,12/08/18,None,None
363787,210000.0,112.98,-20.0051337,-44.00591639999999,2,1,0,2.0,740.3,340.0,barreiro,Cardoso,12/08/18,None,None
371094,210000.0,112.98,-19.9849395,-44.00421589999996,3,1,0,2.0,0.0,200.0,barreiro,Milionários,12/08/18,None,None
504504,210000.0,112.98,-19.8783505,-44.00008890000004,2,1,0,2.0,95.0,150.0,pampulha,Castelo,12/08/18,None,None
1582210,210000.0,68.73,-19.841889899999998,-43.89114059999997,3,1,0,2.0,0.0,160.0,nordeste,Paulo Vi,12/08/18,None,None
1837375,210000.0,54.94,-19.907768100000002,-43.94006009999998,2,1,0,1.0,71.38,360.0,nordeste,Lagoinha,12/08/18,None,None
3215569,210000.0,112.98,-19.914484899999998,-43.96612670000002,2,1,0,2.0,59.48,296.0,noroeste,Carlos Prates,12/08/18,None,None
3239499,210000.0,112.98,-19.8394627,-43.97971139999999,2,1,0,2.0,32.0,110.0,pampulha,Santa Amélia,12/08/18,None,None
3241548,210000.0,58.07,-19.8225415,-43.98166730000002,3,1,0,1.0,77.0,260.0,pampulha,Santa Mônica,12/08/18,None,None
3244069,210000.0,52.84,-19.8776287,-43.99626520000004,2,1,0,1.0,71.0,250.0,pampulha,Castelo,12/08/18,None,None
3249713,210000.0,54.94,-19.9409704,-44.01668089999998,3,1,0,1.0,0.0,230.0,noroeste,Camargos,12/08/18,None,None
3249862,210000.0,180.0,-19.8800007,-43.99188129999999,2,1,1,2.0,91.0,280.0,pampulha,Paquetá,12/08/18,None,None
3254041,210000.0,180.0,-19.826355300000003,-43.95934169999998,2,1,1,2.0,140.0,200.0,norte,Planalto,12/08/18,None,None
3256072,210000.0,54.3,-19.8255006,-43.96670770000003,2,1,0,1.0,71.22,250.0,venda-nova,São João Batista,12/08/18,None,None
3256832,210000.0,186.13,-19.8448272,-43.931463099999974,2,1,0,4.0,63.0,230.0,norte,Guarani,12/08/18,None,None
3258429,210000.0,186.13,-19.9193884,-43.9436043,2,1,0,4.0,0.0,428.0,centro-sul,Centro,12/08/18,None,None
58239,211000.0,78.07,-19.813567000000003,-43.93250449999999,2,1,0,1.0,60.0,100.0,norte,Etelvina Carneiro,12/08/18,None,None
3216617,213000.0,164.57,-19.959764800000002,-43.98159420000002,2,1,0,2.0,63.0,195.0,oeste,Palmeiras,12/08/18,None,None
3237074,213000.0,164.57,-19.8293731,-43.98742329999999,3,2,0,2.0,69.0,100.0,venda-nova,Jardim Leblon,12/08/18,None,None
7918,215000.0,75.66,-19.9275304,-43.9961113,2,1,0,1.0,68.0,270.0,noroeste,João Pinheiro,12/08/18,None,None
25831,215000.0,186.0,-19.9440296,-44.01553419999999,2,1,0,3.0,0.0,294.0,noroeste,Santa Maria,12/08/18,None,None
45345,215000.0,70.48,-19.940113500000002,-43.97419009999999,3,1,1,1.0,62.0,230.0,oeste,Nova Granada,12/08/18,None,None
55958,215000.0,67.49,-19.9408041,-44.01401950000002,2,1,0,1.0,57.0,150.0,noroeste,Camargos,12/08/18,None,None
124561,215000.0,76.78,-19.92354,-44.00882239999999,3,1,0,1.0,25.0,250.0,noroeste,Conjunto Califórnia,12/08/18,None,None
146171,215000.0,74.52,-19.894498600000002,-43.99997289999999,3,2,0,1.0,0.0,150.0,pampulha,Manacás,12/08/18,None,None
159732,215000.0,206.0,-19.915729199999998,-43.97087429999999,2,1,0,4.0,24.95,160.0,noroeste,Padre Eustáquio,12/08/18,None,None
277204,215000.0,210.0,-19.9917764,-44.004714000000035,2,1,0,3.0,24.0,180.0,barreiro,Flávio Marques Lisboa,12/08/18,None,None
336624,215000.0,77.73,-19.9418533,-43.96926710000002,2,1,0,1.0,40.0,168.0,oeste,Nova Granada,12/08/18,None,None
338111,215000.0,77.73,-19.8320465,-43.991504299999974,3,1,0,1.0,66.0,130.0,venda-nova,Parque Leblon,12/08/18,None,None
341547,215000.0,83.08,-19.9314405,-44.01596410000002,3,1,0,1.0,29.5,210.0,noroeste,Santa Maria,12/08/18,None,None
355992,215000.0,77.73,-19.89164,-43.98443629999997,2,1,0,1.0,50.0,270.0,pampulha,Engenho Nogueira,12/08/18,None,None
405933,215000.0,77.73,-19.9923618,-44.00478720000001,2,1,0,1.0,0.0,115.0,barreiro,Flávio Marques Lisboa,12/08/18,None,None
431051,215000.0,77.73,-19.896185,-43.93809450000003,2,1,0,1.0,27.18,300.0,nordeste,Concórdia,12/08/18,None,None
1525378,215000.0,76.99,-19.9291935,-43.9992373,2,1,0,1.0,25.11,250.0,noroeste,João Pinheiro,12/08/18,None,None
1700063,215000.0,221.45,-19.894444,-44.00005120000003,2,1,0,4.0,0.0,250.0,pampulha,Manacás,12/08/18,None,None
1700335,215000.0,127.51,-19.91933,-43.980771,2,2,0,1.0,0.0,200.0,noroeste,Padre Eustáquio,12/08/18,None,None
1834434,215000.0,211.05,-19.917450600000002,-43.94083839999996,2,1,0,1.0,59.67,400.0,centro-sul,Centro,12/08/18,None,None
1841480,215000.0,158.0,-19.8418362,-43.92049259999999,3,1,0,3.0,0.0,280.0,norte,Guarani,12/08/18,None,None
2683299,215000.0,158.0,-19.873933190038297,-43.99194044445801,2,1,0,3.0,30.0,160.0,pampulha,Ouro Preto,12/08/18,None,None
3212076,215000.0,249.85,-20.0065103,-44.03990350000004,2,1,0,1.0,27.3,150.0,barreiro,Vale do Jatobá,12/08/18,None,None
3212154,215000.0,80.0,-20.0064532,-44.04059359999997,2,1,0,0.0,27.3,150.0,barreiro,Vale do Jatobá,12/08/18,None,None
3212237,215000.0,101.0,-20.0064532,-44.04059359999997,2,1,0,3.0,27.3,150.0,barreiro,Vale do Jatobá,12/08/18,None,None
3234481,215000.0,50.0,-19.885069100000003,-43.8981877,2,1,0,1.0,53.18,200.0,leste,Nova Vista,12/08/18,None,None
3234615,215000.0,85.0,-19.8309797,-43.970148,3,2,1,2.0,65.0,280.0,pampulha,Santa Branca,12/08/18,None,None
3236587,215000.0,60.03,-19.8286653,-43.99332930000003,2,1,0,1.0,15.0,95.0,venda-nova,Jardim Leblon,12/08/18,None,None
3237024,215000.0,60.0,-19.9185895,-43.96681960000001,3,1,0,1.0,50.0,150.0,oeste,Prado,12/08/18,None,None
3243671,215000.0,60.0,-19.830206,-43.96490610000001,2,1,0,1.0,100.0,200.0,pampulha,Santa Branca,12/08/18,None,None
3244398,215000.0,80.0,-19.956653,-43.979196,3,1,0,2.0,0.0,260.0,oeste,Marajó,12/08/18,None,None
3248786,215000.0,60.0,-19.884752422068075,-44.004697125964356,2,1,0,1.0,0.0,235.0,pampulha,Manacás,12/08/18,None,None
3254070,215000.0,81.0,-19.936922699999997,-43.98106849999999,2,1,0,2.0,0.0,200.0,oeste,Salgado Filho,12/08/18,None,None
3255101,215000.0,81.0,-19.880929300000002,-43.93264729999999,2,1,0,2.0,918.51,450.0,nordeste,Ipiranga,12/08/18,None,None
3258436,215000.0,200.0,-19.9595922,-43.98376589999998,3,1,0,3.0,66.27,288.0,oeste,Cinquentenário,12/08/18,None,None
162862,216000.0,85.0,-19.9885232,-44.01931669999999,2,1,0,2.0,64.0,280.0,barreiro,Teixeira Dias,12/08/18,None,None
403585,217000.0,65.0,-19.960651100000003,-43.98953589999997,2,1,0,1.0,60.7,200.0,oeste,Betânia,12/08/18,None,None
3257682,217000.0,58.0,-19.9322867,-43.97595680000001,3,1,0,1.0,0.0,160.0,oeste,Nova Suíssa,12/08/18,None,None
1582108,217377.0,115.0,-19.881807300000002,-43.927020899999995,1,1,0,3.0,1.0,1.0,nordeste,União,12/08/18,None,None
46979,218000.0,165.0,-19.9900565,-44.01895619999999,2,1,0,3.0,64.0,280.0,barreiro,Diamante(barreiro),12/08/18,None,None
142481,218000.0,208.0,-19.9403479,-43.914643599999984,2,1,0,2.0,96.0,400.0,centro-sul,Serra,12/08/18,None,None
357506,219000.0,75.0,-19.990157,-43.98997559999998,3,1,0,1.0,66.45,265.28,barreiro,Bonsucesso,12/08/18,None,None
1683285,219000.0,88.0,-19.89164,-43.98443629999997,2,1,1,2.0,250.0,250.0,pampulha,Ouro Preto,12/08/18,None,None
3242006,219000.0,200.0,-19.947143899999997,-43.97970020000002,2,1,0,2.0,61.59,190.0,oeste,Salgado Filho,12/08/18,None,None
16300,219900.0,200.0,-19.8078662,-44.00642370000003,2,1,1,2.0,72.0,150.0,venda-nova,Jardim Florência (venda Nova),12/08/18,None,None
1694810,219900.0,136.0,-19.8922533,-43.990931199999984,2,1,0,2.0,660.0,300.0,pampulha,Paquetá,12/08/18,None,None
8005,220000.0,60.0,-19.834798100000004,-43.994020200000016,2,1,1,2.0,89.26,180.0,venda-nova,Jardim Leblon,12/08/18,None,None
45052,220000.0,50.0,-19.918226,-44.00253499999997,3,1,0,1.0,40.09,100.0,noroeste,Dom Bosco,12/08/18,None,None
63093,220000.0,142.28,-19.847427399999997,-43.980679200000004,2,1,0,3.0,50.0,270.0,pampulha,Itapoã,12/08/18,None,None
145892,220000.0,45.0,-19.891161899999997,-43.90688349999999,2,1,0,1.0,0.0,380.0,leste,Santa Inês,12/08/18,None,None
148598,220000.0,51.0,-19.9039173,-43.9799122,2,1,0,1.0,20.0,150.0,noroeste,Caiçara-Adelaide,12/08/18,None,None
150536,220000.0,80.0,-19.9288644,-44.01205170000003,2,1,1,3.0,10.0,100.0,noroeste,João Pinheiro,12/08/18,None,None
162974,220000.0,129.0,-19.988515,-44.01930219999997,2,1,0,3.0,64.0,280.0,barreiro,Teixeira Dias,12/08/18,None,None
162989,220000.0,115.0,-19.988515,-44.01930219999997,2,1,0,3.0,64.0,200.0,barreiro,Teixeira Dias,12/08/18,None,None
165034,220000.0,80.0,-19.9212979,-43.9500645,1,1,0,2.0,0.0,293.0,centro-sul,Centro,12/08/18,None,None
245254,220000.0,98.0,-19.881062300000004,-43.99394630000001,2,1,0,2.0,85.0,250.0,pampulha,Castelo,12/08/18,None,None
293677,220000.0,193.0,-19.8424664,-43.96349570000001,2,1,0,3.0,70.0,150.0,pampulha,Itapoã,12/08/18,None,None
334626,220000.0,98.0,-19.9179154,-43.967542500000036,3,1,1,2.0,62.0,400.0,noroeste,Padre Eustáquio,12/08/18,None,None
345027,220000.0,148.0,-19.9856007,-44.02943820000002,3,1,0,3.0,62.65,220.0,barreiro,Diamante,12/08/18,None,None
355292,220000.0,190.0,-19.868301199999998,-43.99515510000003,2,1,0,1.0,60.0,120.0,pampulha,Paquetá,12/08/18,None,None
357112,220000.0,57.0,-19.931559699999998,-43.9687467,2,2,1,1.0,0.0,150.0,oeste,Barroca,12/08/18,None,None
359570,220000.0,85.0,-19.9161168,-43.99378790000003,3,2,1,1.0,68.72,345.0,noroeste,Padre Eustáquio,12/08/18,None,None
361729,220000.0,85.0,-19.9387783,-43.9738696,3,2,1,1.0,52.0,210.0,oeste,Nova Granada,12/08/18,None,None
362356,220000.0,65.0,-19.9908788,-44.02075209999998,2,1,0,1.0,61.98,250.0,barreiro,Diamante,12/08/18,None,None
364782,220000.0,224.0,-19.8215873,-43.97173729999997,2,1,0,4.0,1.0,1.0,pampulha,Santa Mônica,12/08/18,None,None
364788,220000.0,196.0,-19.8216611,-43.97177299999999,2,1,0,3.0,1.0,1.0,pampulha,Santa Mônica,12/08/18,None,None
364789,220000.0,250.9,-19.8216611,-43.97177299999999,2,1,0,4.0,1.0,1.0,pampulha,Santa Mônica,12/08/18,None,None
364794,220000.0,54.0,-19.8216611,-43.97177299999999,2,1,0,1.0,1.0,1.0,pampulha,Santa Mônica,12/08/18,None,None
365121,220000.0,54.0,-19.925199,-43.912263,3,1,0,1.0,0.0,162.0,centro-sul,Santa Efigênia,12/08/18,None,None
432597,220000.0,106.0,-19.843165300000003,-43.93976509999999,3,2,0,2.0,74.58,190.0,norte,Heliópolis,12/08/18,None,None
589977,220000.0,228.0,-19.8343397,-43.96866030000001,2,1,0,3.0,75.72,227.0,pampulha,Santa Branca,12/08/18,None,None
834864,220000.0,65.0,-19.941197,-43.974272000000035,3,3,1,1.0,90.0,150.0,oeste,Jardim América,12/08/18,None,None
835632,220000.0,65.0,-19.884167,-43.95693640000002,2,1,0,1.0,26.62,210.0,noroeste,Nova Cachoeirinha,12/08/18,None,None
1142653,220000.0,65.0,-19.9366617,-44.0222162,2,1,0,1.0,85.0,230.0,noroeste,Camargos,12/08/18,None,None
1381203,220000.0,80.0,-19.918741,-43.94290000000001,2,1,0,1.0,0.0,249.0,centro-sul,Centro,12/08/18,None,None
1525267,220000.0,85.0,-19.9255886,-43.94380079999996,1,1,0,1.0,52.14,500.0,centro-sul,Santo Agostinho,12/08/18,None,None
1673426,220000.0,91.16,-19.840521,-43.98944800000004,2,1,0,1.0,62.59,180.0,pampulha,Jardim Atlântico,12/08/18,None,None
1687481,220000.0,72.0,-19.870335999999998,-43.95482000000004,2,1,0,4.0,22.43,218.0,noroeste,Novo São Francisco,12/08/18,None,None
1823888,220000.0,72.0,-19.921836,-43.96801859999999,3,1,0,4.0,0.0,250.0,oeste,Calafate,12/08/18,None,None
1841529,220000.0,127.0,-19.896537,-43.905091999999975,2,1,0,1.0,79.0,105.0,leste,Boa Vista,12/08/18,None,None
2134716,220000.0,127.0,-19.8425193,-43.91907149999997,3,2,0,1.0,0.0,270.0,norte,Guarani,12/08/18,None,None
3227237,220000.0,71.0,-19.9059451,-43.97803320000003,2,1,0,2.0,70.0,190.0,norte,Adelaide,12/08/18,None,None
3227716,220000.0,71.0,-19.8444988,-43.97374500000001,1,1,0,2.0,32.25,208.0,pampulha,Santa Amélia,12/08/18,None,None
3234281,220000.0,79.24,-19.896701999999998,-43.996939000000005,3,1,0,2.0,10.0,170.0,pampulha,Manacás,12/08/18,None,None
3234606,220000.0,83.83,-19.838938,-43.97733800000003,2,1,0,2.0,27.37,170.0,pampulha,Santa Amélia,12/08/18,None,None
3239478,220000.0,319.54,-19.959764800000002,-43.98159420000002,2,1,0,2.0,684.22,178.0,oeste,Cinquentenário,12/08/18,None,None
3239740,220000.0,319.54,-19.9622645,-43.96559790000003,3,1,0,2.0,65.83,277.0,oeste,Estoril,12/08/18,None,None
3240119,220000.0,170.0,-19.9353368,-44.00086679999998,3,1,0,2.0,75.0,320.0,noroeste,João Pinheiro,12/08/18,None,None
3244438,220000.0,70.0,-19.9181408,-43.96743509999999,2,0,0,1.0,0.0,350.0,noroeste,Padre Eustáquio,12/08/18,None,None
3248349,220000.0,70.0,-19.916662205168308,-43.94934359259037,2,1,0,1.0,56.0,200.0,noroeste,Carlos Prates,12/08/18,None,None
3251624,220000.0,124.1,-19.9684279,-43.9824845,2,1,0,3.0,63.37,280.0,oeste,Palmeiras,12/08/18,None,None
3252261,220000.0,124.1,-19.9944563,-44.04787090000002,2,1,0,3.0,826.71,261.35,barreiro,Itaipu,12/08/18,None,None
3253757,220000.0,182.0,-19.9273119,-43.99483350000003,2,1,0,3.0,37.22,200.0,noroeste,Dom Cabral,12/08/18,None,None
3256069,220000.0,182.0,-19.842408,-43.96476100000001,2,1,1,3.0,64.0,210.0,pampulha,Itapoã,12/08/18,None,None
3257616,220000.0,78.0,-19.9382303,-43.99057770000002,3,2,1,2.0,63.0,408.0,oeste,Nova Gameleira,12/08/18,None,None
3257810,220000.0,46.0,-19.937635,-43.97894600000001,2,2,0,1.0,62.05,200.0,oeste,Nova Suíssa,12/08/18,None,None
46970,223000.0,117.49,-19.9900565,-44.01895619999999,2,1,0,3.0,64.0,280.0,barreiro,Diamante(barreiro),12/08/18,None,None
242654,224000.0,78.0,-19.960734,-43.99053500000002,2,1,0,2.0,26.6,190.0,oeste,Betânia,12/08/18,None,None
129810,225000.0,127.0,-19.8956254,-43.91168540000001,2,1,0,4.0,0.0,65.0,leste,Horto Florestal,12/08/18,None,None
141477,225000.0,80.0,-19.904027399999997,-43.943048999999974,2,1,0,1.0,53.0,350.0,nordeste,Lagoinha,12/08/18,None,None
145046,225000.0,80.0,-19.937072,-43.98430059999998,3,1,0,1.0,60.0,170.0,oeste,Salgado Filho,12/08/18,None,None
159497,225000.0,97.5,-19.8287361,-43.99376810000001,3,1,1,2.0,70.0,100.0,venda-nova,Jardim Leblon,12/08/18,None,None
159499,225000.0,172.8,-19.8287361,-43.99376810000001,3,1,1,2.0,70.0,100.0,venda-nova,Jardim Leblon,12/08/18,None,None
174035,225000.0,76.0,-19.9417652,-43.97841519999997,3,1,0,1.0,26.59,170.0,oeste,Salgado Filho,12/08/18,None,None
331477,225000.0,63.59,-19.9009917,-43.94540549999999,2,1,0,2.0,70.21,349.0,noroeste,São Cristóvão,12/08/18,None,None
335564,225000.0,63.59,-19.952039399999997,-43.976560800000016,3,1,0,2.0,75.0,180.0,oeste,Havaí,12/08/18,None,None
458928,225000.0,63.59,-19.9838429,-44.01030109999999,3,1,0,2.0,53.66,245.0,barreiro,Santa Helena (barreiro),12/08/18,None,None
753638,225000.0,63.59,-19.972789000000002,-43.96518500000002,2,2,1,2.0,77.85,210.0,oeste,Buritis,12/08/18,None,None
1691012,225000.0,63.59,-19.895277,-43.99772000000002,2,1,0,2.0,70.0,280.0,pampulha,Manacás,12/08/18,None,None
2135777,225000.0,63.59,-19.9589298,-43.97973919999998,2,1,0,2.0,0.0,290.0,oeste,Marajó,12/08/18,None,None
2696187,225000.0,63.59,-19.916191100000002,-43.932196600000005,1,1,1,2.0,51.61,280.0,leste,Floresta,12/08/18,None,None
3234813,225000.0,138.6,-19.914924,-43.98956099999998,3,2,1,2.0,83.0,267.0,noroeste,Padre Eustáquio,12/08/18,None,None
3237729,225000.0,138.6,-19.928855600000002,-43.99871840000003,2,1,0,2.0,27.37,250.0,noroeste,João Pinheiro,12/08/18,None,None
3237946,225000.0,138.71,-19.9003552,-44.00717409999999,3,1,0,2.0,63.01,185.0,noroeste,Glória,12/08/18,None,None
3250108,225000.0,250.9,-19.8054517,-43.93422829999997,2,1,0,4.0,27.0,60.0,norte,Jaqueline,12/08/18,None,None
338384,226000.0,130.0,-19.878037600000003,-43.93229280000003,2,1,0,3.0,66.0,440.0,nordeste,Ipiranga,12/08/18,None,None
350238,226000.0,134.68,-19.8111814,-43.98372519999998,2,1,0,4.0,67.64,50.0,venda-nova,Piratininga (venda Nova),12/08/18,None,None
47660,228000.0,44.9,-19.936613100000002,-43.989471400000006,3,1,0,1.0,46.5,170.0,oeste,Salgado Filho,12/08/18,None,None
51948,228000.0,44.9,-19.9374861,-43.97189079999998,3,1,1,1.0,77.0,220.0,oeste,Nova Suíssa,12/08/18,None,None
3245877,228000.0,44.9,-19.9357954,-43.966512800000025,2,1,0,1.0,0.0,239.0,oeste,Barroca,12/08/18,None,None
131809,229000.0,44.98,-20.005178,-44.0060345,2,1,0,1.0,60.0,210.0,barreiro,Cardoso,12/08/18,None,None
292116,229000.0,44.98,-19.960774899999997,-43.9905751,2,1,0,1.0,70.35,195.0,oeste,Betânia,12/08/18,None,None
335445,229000.0,46.05,-19.8226604,-43.99039240000002,2,1,0,1.0,34.0,120.0,venda-nova,Parque Leblon,12/08/18,None,None
363997,229000.0,44.9,-20.0053746,-44.00793759999999,2,1,1,1.0,60.0,50.0,barreiro,Cardoso,12/08/18,None,None
746427,229000.0,44.98,-19.962282199999997,-43.965599699999984,3,1,0,1.0,63.95,350.0,oeste,Estoril,12/08/18,None,None
3252473,229000.0,46.05,-19.9583206,-43.9823786,1,1,0,1.0,63.76,248.0,oeste,Palmeiras,12/08/18,None,None
49166,230000.0,46.05,-19.8458538,-43.91483840000001,3,0,0,1.0,0.0,230.0,norte,Guarani,12/08/18,None,None
60725,230000.0,44.98,-19.9240474,-44.005961800000016,3,1,0,1.0,46.54,450.0,noroeste,Conjunto Califórnia,12/08/18,None,None
133693,230000.0,44.98,-19.9179942,-43.939988899999996,1,1,0,1.0,0.0,390.0,centro-sul,Centro,12/08/18,None,None
145505,230000.0,46.05,-19.9301104,-44.00222550000001,3,1,1,1.0,65.0,100.0,noroeste,João Pinheiro,12/08/18,None,None
332427,230000.0,46.05,-19.875910600000005,-43.98905400000001,2,1,1,1.0,50.0,200.0,pampulha,Ouro Preto,12/08/18,None,None
338169,230000.0,44.98,-19.9352335,-44.0001418,3,1,0,1.0,75.0,320.0,noroeste,João Pinheiro,12/08/18,None,None
341388,230000.0,46.05,-19.894444,-44.00005120000003,3,2,0,1.0,0.0,150.0,pampulha,Manacás,12/08/18,None,None
343722,230000.0,46.05,-19.8423738,-43.98341449999998,3,1,0,1.0,62.51,150.0,pampulha,Santa Amélia,12/08/18,None,None
344743,230000.0,44.9,-19.901663199999998,-43.97894350000002,3,1,0,1.0,62.21,250.0,noroeste,Caiçara-Adelaide,12/08/18,None,None
353664,230000.0,44.98,-19.831775,-43.965851999999984,3,1,0,1.0,60.0,130.0,pampulha,Santa Branca,12/08/18,None,None
359755,230000.0,46.05,-19.9829206,-44.00967550000002,3,1,0,1.0,68.0,80.0,barreiro,Milionários,12/08/18,None,None
362175,230000.0,46.05,-19.839419,-43.938016999999995,3,1,1,1.0,100.0,130.0,norte,Heliópolis,12/08/18,None,None
364726,230000.0,44.9,-19.8208556,-43.95134350000001,3,1,0,1.0,0.0,200.0,norte,Vila Cloris,12/08/18,None,None
373924,230000.0,46.05,-19.9017253,-43.91782669999998,3,1,0,1.0,70.0,170.0,leste,Sagrada Família,12/08/18,None,None
612515,230000.0,46.05,-19.9148982,-43.947553200000016,2,1,0,1.0,276.0,230.0,noroeste,Carlos Prates,12/08/18,None,None
949541,230000.0,44.9,-19.9329408,-43.97283870000001,2,1,0,1.0,29.0,230.0,oeste,Nova Suíssa,12/08/18,None,None
1589030,230000.0,44.98,-19.9393013,-44.00474510000004,3,2,0,1.0,61.0,200.0,noroeste,Vila Oeste,12/08/18,None,None
1610580,230000.0,46.05,-19.918370005391804,-43.992371756652794,3,2,1,1.0,70.58,345.0,noroeste,Padre Eustáquio,12/08/18,None,None
1674706,230000.0,44.9,-19.923609699999997,-44.00657050000001,3,1,0,1.0,60.0,450.0,noroeste,Conjunto Califórnia,12/08/18,None,None
1818421,230000.0,44.98,-19.9463076,-43.97878159999999,2,1,0,1.0,61.05,195.0,oeste,Salgado Filho,12/08/18,None,None
1907674,230000.0,46.05,-19.874458999999998,-43.99920600000002,2,1,1,1.0,406.25,255.0,pampulha,Bandeirantes (pampulha),12/08/18,None,None
1932003,230000.0,59.51,-19.9045853,-43.98050060000003,3,1,0,1.0,0.0,215.0,norte,Adelaide,12/08/18,None,None
2385284,230000.0,87.45,-19.9307513,-44.0010843,3,1,0,1.0,65.0,240.0,noroeste,João Pinheiro,12/08/18,None,None
3233939,230000.0,93.47,-19.8783831,-44.00215109999999,2,1,0,1.0,50.0,150.0,pampulha,Castelo,12/08/18,None,None
3234816,230000.0,87.04,-19.910844100000002,-44.00407740000003,2,1,1,1.0,92.18,200.0,noroeste,Glória,12/08/18,None,None
3235751,230000.0,80.0,-19.9572003,-43.98361740000002,2,1,0,1.0,60.0,290.0,oeste,Betânia,12/08/18,None,None
3239245,230000.0,92.0,-19.969057199999998,-43.96691829999998,3,2,1,1.0,78.8,220.0,oeste,Buritis,12/08/18,None,None
3245596,230000.0,59.0,-19.8779355,-43.93060159999999,2,1,0,1.0,734.0,390.0,nordeste,Ipiranga,12/08/18,None,None
3245878,230000.0,60.0,-19.9162237,-43.99334799999997,3,1,0,1.0,105.0,290.0,noroeste,Minas Brasil,12/08/18,None,None
3246294,230000.0,130.0,-19.8403992,-43.93738250000001,3,1,0,2.0,67.0,180.0,norte,Heliópolis,12/08/18,None,None
3249567,230000.0,153.0,-19.980236399999995,-43.96881880000001,2,1,0,3.0,71.43,150.0,oeste,Buritis,12/08/18,None,None
3252589,230000.0,217.0,-19.9071629,-43.98063990000003,3,1,0,4.0,0.0,240.0,noroeste,Jardim Montanhês,12/08/18,None,None
3253323,230000.0,47.0,-19.9603833,-43.99070789999996,2,1,0,1.0,61.93,210.0,oeste,Betânia,12/08/18,None,None
3255629,230000.0,47.0,-19.8923725,-43.99876819999997,3,1,0,1.0,68.21,286.32,pampulha,Manacás,12/08/18,None,None
343609,233000.0,42.0,-19.9615585,-43.994480599999974,2,1,0,1.0,90.0,200.0,oeste,Palmeiras,12/08/18,None,None
46949,234000.0,45.0,-19.9885232,-44.01931669999999,2,1,0,1.0,64.0,280.0,barreiro,Diamante(barreiro),12/08/18,None,None
46973,234000.0,51.0,-19.9885232,-44.01931669999999,2,1,0,1.0,64.0,280.0,barreiro,Diamante(barreiro),12/08/18,None,None
335451,234000.0,50.0,-19.8226604,-43.99039240000002,2,1,0,1.0,34.0,120.0,venda-nova,Parque Leblon,12/08/18,None,None
343595,234000.0,56.61,-19.9613951,-43.9944165,2,1,0,1.0,90.0,200.0,oeste,Palmeiras,12/08/18,None,None
3258243,234000.0,45.0,-19.9888443,-44.01943299999999,2,1,0,1.0,64.0,280.0,barreiro,Diamante(barreiro),12/08/18,None,None
62699,235000.0,65.0,-19.809151,-43.93535829999996,2,1,0,1.0,50.0,228.0,norte,Juliana,12/08/18,None,None
65800,235000.0,50.0,-19.9388664,-43.98149319999999,3,1,0,1.0,58.0,170.0,oeste,Nova Suíssa,12/08/18,None,None
156629,235000.0,50.0,-19.8687471,-43.9968189,3,1,0,1.0,70.0,190.0,pampulha,Ouro Preto,12/08/18,None,None
183609,235000.0,79.0,-19.927943600000003,-44.00224589999999,2,1,0,1.0,26.59,200.0,noroeste,João Pinheiro,12/08/18,None,None
242867,235000.0,79.0,-19.961795199999997,-43.98052610000002,3,1,1,1.0,68.33,229.0,oeste,Betânia,12/08/18,None,None
339188,235000.0,70.0,-19.864309,-43.95439740000001,2,1,0,1.0,55.4,200.0,pampulha,Jaraguá,12/08/18,None,None
350735,235000.0,70.0,-19.9870096,-44.0321596,2,2,0,1.0,70.0,210.0,barreiro,Diamante(barreiro),12/08/18,None,None
351129,235000.0,66.85,-19.8279533,-43.939916400000016,2,1,1,1.0,62.5,200.0,norte,Jardim Guanabara,12/08/18,None,None
357192,235000.0,60.0,-19.96678,-43.96700799999997,2,1,0,1.0,72.0,230.0,oeste,Buritis,12/08/18,None,None
358440,235000.0,56.0,-19.9318815,-43.91547600000001,3,2,0,1.0,53.18,110.0,leste,São Lucas,12/08/18,None,None
364690,235000.0,102.67,-19.8835138,-43.99502489999998,2,1,0,1.0,40.0,200.0,pampulha,Castelo,12/08/18,None,None
395953,235000.0,53.0,-19.8279533,-43.939916400000016,2,1,1,1.0,75.64,187.0,norte,Jardim Guanabara,12/08/18,None,None
633547,235000.0,64.0,-19.8903483,-43.99646559999997,2,1,0,1.0,87.55,191.8,pampulha,Castelo,12/08/18,None,None
1754307,235000.0,40.0,-19.8947339,-43.99693909999996,2,1,0,1.0,89.54,482.69,pampulha,Manacás,12/08/18,None,None
2544410,235000.0,120.0,-19.909427800000003,-43.98058839999999,3,1,1,1.0,70.91,200.0,noroeste,Monsenhor Messias,12/08/18,None,None
3211450,235000.0,66.61,-19.933473,-43.97456299999999,2,2,0,1.0,0.0,206.0,oeste,Nova Suíssa,12/08/18,None,None
3236458,235000.0,28.0,-19.9572003,-43.98361740000002,2,1,0,1.0,70.0,236.0,oeste,Palmeiras,12/08/18,None,None
3241291,235000.0,100.0,-19.966325,-43.98063500000001,2,1,0,1.0,60.0,200.0,oeste,Palmeiras,12/08/18,None,None
3244840,235000.0,105.0,-19.8587783,-43.93722200000002,2,1,0,1.0,55.0,258.0,pampulha,Dona Clara,12/08/18,None,None
3252251,235000.0,113.0,-19.969680899999997,-43.96901509999998,3,2,1,1.0,91.83,290.0,oeste,Buritis,12/08/18,None,None
3257821,235000.0,75.0,-19.9396025,-43.97887450000002,3,1,0,1.0,52.04,270.0,oeste,Salgado Filho,12/08/18,None,None
46954,237000.0,120.0,-19.9885232,-44.01931669999999,2,1,0,2.0,64.0,280.0,barreiro,Diamante(barreiro),12/08/18,None,None
2385287,237000.0,68.0,-19.866782999999998,-43.95256540000002,3,1,0,2.0,744.0,270.0,pampulha,Indaiá,12/08/18,None,None
191656,238000.0,105.0,-19.906006899999998,-43.93225919999998,2,1,0,2.0,68.0,431.5,leste,Sagrada Família,12/08/18,None,None
339562,238000.0,65.0,-20.005700199999996,-44.0076565,3,1,0,1.0,0.0,100.0,barreiro,Cardoso,12/08/18,None,None
48193,239000.0,65.0,-19.8297702,-43.99011780000001,3,2,1,1.0,72.0,140.0,venda-nova,Jardim Leblon,12/08/18,None,None
55069,239000.0,58.0,-19.917442899999998,-43.93423740000003,3,1,0,2.0,65.0,220.0,noroeste,Padre Eustáquio,12/08/18,None,None
126385,239000.0,121.59,-19.9345068,-43.97641329999999,2,2,0,1.0,70.87,290.0,oeste,Nova Suíssa,12/08/18,None,None
335447,239000.0,110.0,-19.8226604,-43.99039240000002,2,1,0,2.0,34.0,120.0,venda-nova,Parque Leblon,12/08/18,None,None
336332,239000.0,80.0,-19.810372,-43.97593699999999,3,1,1,4.0,715.0,105.0,venda-nova,Candelária,12/08/18,None,None
343601,239000.0,90.0,-19.9614862,-43.99426949999997,2,1,0,1.0,90.0,200.0,oeste,Palmeiras,12/08/18,None,None
343618,239000.0,98.0,-19.961505499999998,-43.994307600000006,2,1,0,2.0,900.0,200.0,oeste,Palmeiras,12/08/18,None,None
343861,239000.0,98.0,-19.9842725,-44.03410289999999,3,1,1,2.0,56.11,160.0,barreiro,Tirol,12/08/18,None,None
3206250,239000.0,110.0,-19.963327399999997,-43.96854829999995,3,2,1,2.0,69.1,250.0,oeste,Havaí,12/08/18,None,None
3232698,239000.0,78.21,-19.829176,-43.96415070000001,3,1,1,2.0,101.89,536.0,pampulha,Santa Branca,12/08/18,None,None
3234743,239000.0,98.0,-19.9427625,-43.96906609999997,3,2,0,2.0,78.96,240.0,oeste,Nova Granada,12/08/18,None,None
1600011,239900.0,110.0,-19.9051395,-43.92231870000001,2,1,0,2.0,60.09,200.0,leste,Sagrada Família,12/08/18,None,None
10588,240000.0,120.0,-19.936047,-43.97959709999998,2,1,0,2.0,146.72,150.0,oeste,Nova Suíssa,12/08/18,None,None
20568,240000.0,116.0,-19.935067,-43.922947300000025,1,1,1,2.0,145.28,1400.0,centro-sul,Serra,12/08/18,None,None
54359,240000.0,74.0,-19.8709801,-43.990466,2,1,1,2.0,100.0,90.0,pampulha,Paquetá,12/08/18,None,None
61176,240000.0,160.0,-19.8777792,-43.93249090000001,2,1,0,2.0,57.0,400.0,nordeste,Ipiranga,12/08/18,None,None
62366,240000.0,95.18,-19.928952600000002,-43.930903,1,1,0,2.0,50.03,397.0,centro-sul,Santo Agostinho,12/08/18,None,None
124134,240000.0,88.5,-19.9166756,-43.93451519999997,2,1,0,1.0,144.0,200.0,pampulha,Manacás,12/08/18,None,None
129548,240000.0,88.5,-19.879118,-43.93092390000004,2,1,0,1.0,62.25,337.0,nordeste,Ipiranga,12/08/18,None,None
133166,240000.0,132.0,-19.9252701,-43.9132664,2,2,0,1.0,61.0,200.0,centro-sul,Santa Efigênia,12/08/18,None,None
145800,240000.0,86.0,-19.916576100000004,-43.93467989999999,2,1,0,3.0,87.0,300.0,pampulha,Serrano,12/08/18,None,None
152747,240000.0,140.0,-19.883339399999997,-44.00307989999999,2,0,1,2.0,73.47,390.0,pampulha,Castelo,12/08/18,None,None
158095,240000.0,138.0,-19.9191562,-43.93570729999999,2,1,0,2.0,0.0,420.0,centro-sul,Centro,12/08/18,None,None
159325,240000.0,180.0,-20.0146908,-44.03235580000001,2,1,0,2.0,62.5,196.0,barreiro,Petrópolis (vale do Jatobá),12/08/18,None,None
165968,240000.0,117.0,-19.922933,-43.93719440000001,1,1,0,3.0,53.0,250.0,centro-sul,Lourdes,12/08/18,None,None
180410,240000.0,132.97,-19.883339399999997,-44.00307989999999,2,2,1,3.0,75.0,320.0,pampulha,Castelo,12/08/18,None,None
200895,240000.0,79.81,-19.9175324,-43.96664390000001,3,2,0,2.0,75.0,150.0,noroeste,Carlos Prates,12/08/18,None,None
221835,240000.0,86.0,-19.943704999999998,-43.965915,3,2,0,2.0,0.0,300.0,oeste,Nova Granada,12/08/18,None,None
336390,240000.0,200.0,-19.963910300000002,-43.9715941,2,1,0,3.0,0.0,190.0,oeste,Havaí,12/08/18,None,None
351387,240000.0,100.0,-19.8633655,-43.95408739999999,2,1,0,1.0,60.61,280.0,pampulha,Liberdade,12/08/18,None,None
352582,240000.0,124.0,-19.881062300000004,-43.99394630000001,2,1,0,3.0,95.0,200.0,pampulha,Castelo,12/08/18,None,None
358121,240000.0,209.0,-19.9334938,-43.97468300000003,3,1,0,3.0,0.0,200.0,oeste,Nova Suíssa,12/08/18,None,None
358340,240000.0,124.1,-19.8012976,-43.99329180000001,3,1,1,3.0,1.0,0.01,venda-nova,Lagoinha (venda Nova),12/08/18,None,None
358343,240000.0,124.1,-19.8012976,-43.99329180000001,3,1,1,3.0,1.0,0.01,venda-nova,Lagoinha (venda Nova),12/08/18,None,None
394354,240000.0,145.0,-19.859336,-43.9425,2,1,0,3.0,70.0,175.0,pampulha,Dona Clara,12/08/18,None,None
1528722,240000.0,205.0,-19.9570583,-43.98361420000003,2,1,0,2.0,129.68,280.0,oeste,Betânia,12/08/18,None,None
1614214,240000.0,64.0,-19.9190649,-43.94334349999997,2,2,0,2.0,0.0,339.0,centro-sul,Centro,12/08/18,None,None
1674418,240000.0,64.0,-19.9207685,-43.97872230000002,2,2,1,2.0,63.51,300.0,noroeste,Padre Eustáquio,12/08/18,None,None
1691917,240000.0,220.11,-19.9401141,-43.9794761,2,2,1,2.0,80.0,160.0,oeste,Salgado Filho,12/08/18,None,None
1835014,240000.0,246.0,-19.9105981,-43.97748379999996,3,2,0,4.0,0.0,210.0,noroeste,Monsenhor Messias,12/08/18,None,None
1837653,240000.0,140.0,-19.955954300000002,-43.98124150000001,2,1,0,2.0,61.0,150.0,oeste,Cinquentenário,12/08/18,None,None
1852051,240000.0,305.57,-19.9798103,-43.96829750000001,2,1,0,4.0,71.8,350.0,oeste,Buritis,12/08/18,None,None
2069127,240000.0,356.0,-19.9658191,-43.97153960000003,2,1,0,5.0,26.0,200.0,oeste,Estrela Dalva,12/08/18,None,None
2537339,240000.0,197.0,-19.932374,-43.9724536,2,1,0,4.0,0.0,150.0,oeste,Nova Suíssa,12/08/18,None,None
3234337,240000.0,217.0,-19.8292143,-43.93867940000001,2,2,1,4.0,78.15,188.36,norte,Jardim Guanabara,12/08/18,None,None
3235180,240000.0,217.0,-19.894063,-43.98374309999997,2,1,0,4.0,50.0,250.0,pampulha,Ouro Preto,12/08/18,None,None
3235278,240000.0,217.0,-19.935269199999997,-43.99976190000001,3,1,0,4.0,42.0,250.0,noroeste,Alto dos Pinheiros,12/08/18,None,None
3236348,240000.0,371.79,-19.911931,-43.991495999999984,3,1,0,4.0,68.0,230.0,noroeste,Padre Eustáquio,12/08/18,None,None
3239601,240000.0,250.0,-19.9397332,-43.98369790000004,2,1,0,2.0,83.0,200.0,oeste,Salgado Filho,12/08/18,None,None
3239783,240000.0,135.2,-19.9583206,-43.9823786,2,2,0,1.0,64.9,230.0,oeste,Marajó,12/08/18,None,None
3243317,240000.0,28.0,-19.9154944,-43.96717560000002,2,1,0,1.0,75.0,230.0,noroeste,Padre Eustáquio,12/08/18,None,None
3246155,240000.0,69.0,-19.8516534,-43.93168029999998,2,1,0,1.0,67.6,320.0,norte,Minaslândia (P Maio),12/08/18,None,None
3248956,240000.0,47.0,-19.903799399999997,-43.95561729999997,3,1,0,2.0,58.23,220.0,noroeste,Santo André,12/08/18,None,None
3249514,240000.0,160.0,-19.962715399999997,-43.988607600000016,2,1,0,2.0,78.0,250.0,oeste,Estrela do Oriente,12/08/18,None,None
3249804,240000.0,95.0,-19.9423912,-43.97915410000002,3,2,0,2.0,27.0,200.0,oeste,Salgado Filho,12/08/18,None,None
3251140,240000.0,95.0,-19.920127800000003,-43.940304800000035,1,1,0,2.0,55.0,256.72,centro-sul,Centro,12/08/18,None,None
3251157,240000.0,50.0,-19.9239384,-43.93706420000001,2,1,0,1.0,54.95,430.0,centro-sul,Centro,12/08/18,None,None
3253154,240000.0,126.0,-19.976005899999997,-43.964478199999974,2,1,0,3.0,72.45,303.0,oeste,Buritis,12/08/18,None,None
3253215,240000.0,221.82,-19.9091615,-43.9226607,2,1,0,4.0,92.91,150.0,leste,Sagrada Família,12/08/18,None,None
3254163,240000.0,50.0,-19.9521976,-43.98409190000001,3,2,1,1.0,85.23,230.0,oeste,Betânia,12/08/18,None,None
3256002,240000.0,70.0,-19.9572328,-43.9833731,2,1,0,1.0,38.75,250.0,oeste,Palmeiras,12/08/18,None,None
3256334,240000.0,86.0,-19.9596056,-43.98167169999999,2,1,0,1.0,45.0,260.0,oeste,Betânia,12/08/18,None,None
366845,240500.0,50.0,-19.9216893,-43.94602580000003,1,0,1,1.0,55.0,340.0,centro-sul,Barro Preto,12/08/18,None,None
3238811,243000.0,68.77,-19.8999688,-43.91807699999998,2,1,1,1.0,66.51,280.0,leste,Sagrada Família,12/08/18,None,None
5889,245000.0,76.0,-19.9575799,-43.97587299999998,3,2,0,2.0,52.0,300.0,oeste,Havaí,12/08/18,None,None
20231,245000.0,95.0,-19.96043,-43.96878700000002,2,2,1,3.0,71.8,130.0,oeste,Havaí,12/08/18,None,None
42485,245000.0,170.0,-19.9952845,-44.01622780000002,2,2,1,2.0,120.0,150.0,barreiro,Diamante,12/08/18,None,None
52670,245000.0,188.0,-19.8901517,-43.9815314,2,1,0,2.0,67.0,140.0,pampulha,Engenho Nogueira,12/08/18,None,None
53805,245000.0,64.0,-19.8759159,-43.9807174,2,1,1,2.0,70.0,140.0,pampulha,Ouro Preto,12/08/18,None,None
58233,245000.0,219.85,-19.8172803,-43.939235,2,1,0,3.0,60.0,100.0,norte,Juliana,12/08/18,None,None
156425,245000.0,73.0,-19.9801751,-43.968359100000036,2,1,0,2.0,71.0,180.0,oeste,Buritis,12/08/18,None,None
166133,245000.0,73.0,-19.9994063,-44.010974299999994,2,1,0,2.0,77.91,170.0,barreiro,Brasil Industrial (Barreiro),12/08/18,None,None
342814,245000.0,73.0,-19.919032,-43.94766400000003,3,2,0,2.0,39.0,700.0,centro-sul,Barro Preto,12/08/18,None,None
349165,245000.0,73.0,-19.8632477,-43.91964630000001,2,1,0,2.0,30.0,250.0,nordeste,Pirajá,12/08/18,None,None
352229,245000.0,73.0,-19.9343366,-43.97750580000002,2,2,0,2.0,80.0,140.0,oeste,Nova Suíssa,12/08/18,None,None
353391,245000.0,120.0,-20.0061343,-44.01213189999999,2,2,1,2.0,120.0,200.0,barreiro,Urucuia,12/08/18,None,None
353405,245000.0,150.0,-20.0060268,-44.01209080000001,2,2,1,3.0,120.0,200.0,barreiro,Urucuia,12/08/18,None,None
353435,245000.0,210.0,-20.0059855,-44.0116784,2,2,1,4.0,120.0,200.0,barreiro,Urucuia,12/08/18,None,None
353438,245000.0,76.89,-20.0061069,-44.01182499999999,2,2,1,1.0,120.0,200.0,barreiro,Urucuia,12/08/18,None,None
3252620,245000.0,76.89,-19.933055,-43.97353799999996,2,1,0,1.0,0.0,60.0,oeste,Nova Suíssa,12/08/18,None,None
3254091,245000.0,76.89,-19.9045871,-43.91746009999997,2,1,0,1.0,66.99,270.0,leste,Sagrada Família,12/08/18,None,None
3256604,245000.0,76.89,-19.962647,-43.96933839999997,2,1,0,1.0,27.85,140.0,oeste,Havaí,12/08/18,None,None
3256861,245000.0,76.89,-19.8949533,-44.00011430000001,3,1,0,1.0,57.9,150.0,noroeste,Alípio de Melo,12/08/18,None,None
138631,245500.0,76.89,-19.8611782,-43.94276769999999,1,1,0,1.0,1.0,1.0,pampulha,Dona Clara,12/08/18,None,None
362892,248000.0,76.89,-20.0043215,-44.04485579999999,2,1,0,2.0,80.0,150.0,barreiro,Vale do Jatobá,12/08/18,None,None
362893,248000.0,76.89,-20.0042372,-44.04449269999998,2,1,0,2.0,80.0,150.0,barreiro,Vale do Jatobá,12/08/18,None,None
362900,248000.0,76.89,-20.004648800000002,-44.044794799999984,2,1,0,2.0,80.0,150.0,barreiro,Vale do Jatobá,12/08/18,None,None
3234575,248000.0,76.89,-19.864148999999998,-43.99819500000001,2,1,1,2.0,75.32,380.0,pampulha,Bandeirantes (pampulha),12/08/18,None,None
3234651,248000.0,76.89,-19.941140899999997,-43.97605599999997,2,1,0,2.0,87.29,220.0,oeste,Jardim América,12/08/18,None,None
3247326,248000.0,76.89,-19.839205,-43.941007000000006,2,1,1,2.0,71.89,225.0,norte,Heliópolis,12/08/18,None,None
346874,249000.0,76.89,-19.916744088473767,-43.988741737573264,2,2,0,2.0,90.25,230.0,noroeste,Padre Eustáquio,12/08/18,None,None
359284,249000.0,76.89,-19.933063399999998,-43.9162925,3,3,1,2.0,98.0,250.0,leste,São Lucas,12/08/18,None,None
363526,249000.0,76.89,-19.990292,-44.0294169,3,1,1,2.0,75.0,262.19,barreiro,Diamante,12/08/18,None,None
363986,249000.0,76.89,-20.0051497,-44.00789639999999,2,1,1,2.0,80.0,150.0,barreiro,Cardoso,12/08/18,None,None
365515,249000.0,76.89,-19.827945800000002,-43.97550849999999,2,2,1,2.0,1.0,1.0,pampulha,Santa Mônica,12/08/18,None,None
3244645,249000.0,76.89,-19.843379199999998,-43.95690730000001,3,1,0,2.0,0.0,190.0,pampulha,Itapoã,12/08/18,None,None
3251112,249000.0,162.36,-19.913187,-43.979679000000026,2,1,0,3.0,85.0,180.0,noroeste,Padre Eustáquio,12/08/18,None,None
63034,250000.0,162.36,-19.8851875,-43.95724719999998,3,2,1,3.0,74.16,256.7,noroeste,Nova Cachoeirinha,12/08/18,None,None
128203,250000.0,162.36,-19.896782,-43.92302000000001,2,1,0,3.0,86.63,180.0,leste,Sagrada Família,12/08/18,None,None
149100,250000.0,162.36,-19.8922693,-44.00558230000002,3,2,0,3.0,96.0,220.0,noroeste,Alípio de Melo,12/08/18,None,None
149472,250000.0,162.36,-19.8099109,-43.95355710000001,3,2,1,3.0,86.0,79.0,venda-nova,São Pedro (venda Nova),12/08/18,None,None
149664,250000.0,162.36,-19.9166313,-43.9355195,2,1,0,3.0,110.0,405000.0,nordeste,Ipiranga,12/08/18,None,None
149883,250000.0,64.15,-19.895386399999996,-43.9975546,2,1,1,2.0,76.0,630.0,pampulha,Manacás,12/08/18,None,None
151406,250000.0,133.91,-19.930086199999998,-44.00076439999998,2,1,0,2.0,85.78,220.0,noroeste,João Pinheiro,12/08/18,None,None
158924,250000.0,69.0,-19.9119238,-43.99146389999999,3,1,0,2.0,50.71,225.0,noroeste,Padre Eustáquio,12/08/18,None,None
162696,250000.0,69.0,-20.0129157,-44.03995150000003,2,1,0,2.0,52.0,198.0,barreiro,Petrópolis (vale do Jatobá),12/08/18,None,None
224991,250000.0,69.0,-19.9169475,-43.931275899999996,2,2,0,2.0,86.5,450.0,leste,Floresta,12/08/18,None,None
246305,250000.0,170.0,-19.9431811,-43.96542540000002,3,1,1,2.0,82.39,350.0,oeste,Nova Granada,12/08/18,None,None
332571,250000.0,79.57,-19.9156445,-43.9677069,3,1,0,3.0,63.04,250.0,noroeste,Padre Eustáquio,12/08/18,None,None
336408,250000.0,200.0,-19.9623502,-43.972992100000006,2,1,0,3.0,0.0,190.0,oeste,Havaí,12/08/18,None,None
341472,250000.0,60.0,-19.9929738,-44.04719269999998,3,1,1,1.0,60.57,395.0,barreiro,Tirol,12/08/18,None,None
343856,250000.0,70.0,-19.988073,-44.03679,3,1,1,2.0,0.0,0.0,barreiro,Tirol,12/08/18,None,None
346146,250000.0,62.0,-19.9088198,-43.9488791,2,1,0,1.0,82.78,273.0,noroeste,Pedro II,12/08/18,None,None
348905,250000.0,49.0,-19.9747508,-43.96487450000001,3,2,1,1.0,84.0,197.0,oeste,Estoril,12/08/18,None,None
352278,250000.0,47.0,-19.939262300000003,-44.01751530000002,3,1,0,1.0,90.0,160.0,noroeste,Camargos,12/08/18,None,None
352472,250000.0,50.0,-19.9418807,-43.97596950000002,2,2,0,1.0,85.89,300.0,oeste,Jardim América,12/08/18,None,None
353454,250000.0,50.0,-19.912806,-43.96404110000003,3,2,0,1.0,88.71,300.0,noroeste,Carlos Prates,12/08/18,None,None
362057,250000.0,47.83,-19.9441171,-43.96414440000001,3,2,1,1.0,82.39,350.0,oeste,Nova Granada,12/08/18,None,None
364194,250000.0,48.49,-19.937911800000002,-43.98127010000002,2,1,0,1.0,71.0,200.0,oeste,Salgado Filho,12/08/18,None,None
364963,250000.0,48.49,-19.986985,-44.04462939999996,3,1,1,1.0,724.33,574.74,barreiro,Tirol,12/08/18,None,None
367228,250000.0,47.83,-20.012949300000002,-44.03732939999998,2,1,0,1.0,284.68,196.0,barreiro,Vale do Jatobá,12/08/18,None,None
819472,250000.0,48.49,-19.933018399999998,-43.98079680000001,2,1,0,1.0,78.0,300.0,oeste,Nova Suíssa,12/08/18,None,None
1534255,250000.0,48.49,-19.8767625,-44.00212909999999,2,1,1,1.0,100.0,150.0,pampulha,Castelo,12/08/18,None,None
1624741,250000.0,48.47,-19.934715,-43.97485799999998,2,1,0,1.0,74.0,150.0,oeste,Nova Suíssa,12/08/18,None,None
1671892,250000.0,47.79,-19.8947435,-43.99694569999997,2,1,0,1.0,114.0,450.0,pampulha,Manacás,12/08/18,None,None
1686712,250000.0,47.79,-19.933472000000002,-44.01953939999999,3,1,1,1.0,82.39,240.0,noroeste,Camargos,12/08/18,None,None
1798263,250000.0,48.49,-19.9137274,-43.96391700000004,3,2,0,1.0,92.0,350.0,noroeste,Carlos Prates,12/08/18,None,None
1831696,250000.0,48.49,-19.9303463,-44.0011371,3,1,0,1.0,74.21,220.0,noroeste,João Pinheiro,12/08/18,None,None
1832003,250000.0,47.83,-19.898104500000002,-43.919448200000026,2,1,0,1.0,52.4,400.0,leste,Sagrada Família,12/08/18,None,None
1837235,250000.0,48.47,-19.892861,-43.99754000000002,3,1,0,1.0,70.0,300.0,pampulha,Manacás,12/08/18,None,None
1908468,250000.0,48.47,-19.8960481,-43.99886249999997,2,1,1,1.0,100.0,150.0,pampulha,Manacás,12/08/18,None,None
1952836,250000.0,47.83,-19.913745000000002,-43.97375499999998,3,1,0,1.0,70.0,200.0,noroeste,Padre Eustáquio,12/08/18,None,None
2070702,250000.0,47.79,-19.903801899999998,-43.93028370000002,2,1,0,1.0,76.81,180.0,leste,Sagrada Família,12/08/18,None,None
2224649,250000.0,47.79,-19.820191,-44.001743000000026,2,1,1,1.0,0.01,250.0,pampulha,Céu Azul,12/08/18,None,None
2226258,250000.0,48.0,-19.897955,-43.91199900000004,2,1,0,1.0,0.0,200.0,leste,Horto,12/08/18,None,None
2524713,250000.0,48.49,-19.8776287,-43.99626520000004,2,2,1,1.0,78.05,300.0,pampulha,Castelo,12/08/18,None,None
2791179,250000.0,48.49,-19.8934572,-43.99656060000001,2,1,0,1.0,57.0,160.0,pampulha,Castelo,12/08/18,None,None
3234612,250000.0,47.83,-19.94215728942676,-43.99038490740963,2,1,0,1.0,77.26,250.0,oeste,Nova Gameleira,12/08/18,None,None
3234850,250000.0,47.83,-19.9827276,-44.010909700000006,3,1,0,1.0,301.09,260.0,barreiro,Santa Helena (barreiro),12/08/18,None,None
3236374,250000.0,47.79,-19.9402751,-43.96712049999997,3,2,1,1.0,83.07,250.0,oeste,Nova Granada,12/08/18,None,None
3237937,250000.0,48.47,-19.878681,-43.93144699999999,2,1,0,1.0,95.0,440.0,nordeste,Ipiranga,12/08/18,None,None
3238717,250000.0,48.47,-19.831599399999998,-44.0121686,3,2,1,1.0,105.0,100.0,pampulha,Trevo,12/08/18,None,None
3238726,250000.0,47.79,-19.831599399999998,-44.0121686,3,2,1,1.0,105.0,100.0,pampulha,Trevo,12/08/18,None,None
3238727,250000.0,47.79,-19.831599399999998,-44.0121686,3,2,1,1.0,105.0,100.0,pampulha,Trevo,12/08/18,None,None
3238729,250000.0,47.83,-19.831599399999998,-44.0121686,3,2,1,1.0,105.0,100.0,pampulha,Trevo,12/08/18,None,None
3240880,250000.0,47.83,-19.972550899999998,-43.96628780000003,3,2,1,1.0,83.75,250.0,oeste,Buritis,12/08/18,None,None
3241403,250000.0,48.49,-19.918602,-43.96665100000001,3,1,0,1.0,0.0,200.0,oeste,Prado,12/08/18,None,None
3248279,250000.0,48.49,-19.9447659,-43.965848799999996,3,1,0,1.0,0.0,230.0,oeste,Nova Granada,12/08/18,None,None
3248383,250000.0,47.79,-19.8877081,-43.99969970000001,3,1,1,1.0,65.0,280.0,pampulha,Castelo,12/08/18,None,None
3249773,250000.0,47.79,-19.9366695,-44.02219739999998,2,2,0,1.0,87.06,450.0,noroeste,Camargos,12/08/18,None,None
3250004,250000.0,48.47,-19.9422941,-43.97103429999999,3,2,1,1.0,89.0,250.0,oeste,Jardim América,12/08/18,None,None
3250739,250000.0,47.79,-19.8868877,-43.9985102,2,2,1,1.0,65.0,210.0,pampulha,Manacás,12/08/18,None,None
3250782,250000.0,47.79,-19.9194967,-43.9810276,2,1,0,1.0,70.0,350.0,noroeste,Padre Eustáquio,12/08/18,None,None
3251169,250000.0,48.49,-19.9579129,-43.9827474,2,1,0,1.0,68.24,260.0,oeste,Betânia,12/08/18,None,None
3251425,250000.0,48.49,-19.88614,-43.898981899999974,3,1,1,1.0,1574.61,200.0,leste,Nova Vista,12/08/18,None,None
3251563,250000.0,47.83,-19.938676899999997,-43.98144500000001,2,2,0,1.0,0.0,250.0,oeste,Salgado Filho,12/08/18,None,None
3251807,250000.0,48.47,-19.891104300000002,-43.9942289,2,1,1,1.0,77.0,200.0,pampulha,Manacás,12/08/18,None,None
3257185,250000.0,48.49,-19.892542300000002,-43.96637900000002,2,1,0,1.0,69.4,330.0,noroeste,Caiçaras,12/08/18,None,None
366556,251000.0,48.47,-19.910844100000002,-44.00407740000003,2,2,1,1.0,86.0,200.0,noroeste,Glória,12/08/18,None,None
144158,253000.0,48.47,-20.006100699999998,-44.01829340000001,3,1,0,1.0,69.33,362.0,barreiro,Cardoso,12/08/18,None,None
354257,253000.0,47.83,-19.910844100000002,-44.00407740000003,2,2,1,1.0,86.0,200.0,noroeste,Glória,12/08/18,None,None
354330,253000.0,47.79,-19.910844100000002,-44.00407740000003,2,2,1,1.0,86.0,200.0,noroeste,Glória,12/08/18,None,None
3246164,253000.0,48.49,-19.930791,-43.9154972,2,2,0,1.0,69.97,314.0,leste,São Lucas,12/08/18,None,None
130584,255000.0,48.47,-19.9618547,-43.982384799999984,4,1,1,1.0,71.96,340.0,oeste,Palmeiras,12/08/18,None,None
130668,255000.0,47.83,-19.9561025,-43.97315190000001,3,2,1,1.0,96.71,150.0,oeste,Havaí,12/08/18,None,None
150532,255000.0,47.83,-19.9288644,-44.01205170000003,2,1,1,1.0,10.0,100.0,noroeste,João Pinheiro,12/08/18,None,None
150537,255000.0,47.79,-19.9288644,-44.01205170000003,2,1,1,1.0,10.0,100.0,noroeste,João Pinheiro,12/08/18,None,None
335758,255000.0,47.83,-19.9977266,-44.0193544,3,2,1,1.0,79.71,200.0,barreiro,Diamante,12/08/18,None,None
470725,255000.0,47.83,-19.930424399999996,-43.91634829999998,2,2,0,1.0,99.04,400.0,leste,São Lucas,12/08/18,None,None
2488981,255000.0,48.49,-19.930504100000004,-43.9176349,2,1,0,1.0,960.7,398.0,leste,São Lucas,12/08/18,None,None
2702629,255000.0,48.49,-19.9285884,-43.91294959999999,2,1,0,1.0,0.0,160.0,centro-sul,Santa Efigênia,12/08/18,None,None
3235008,255000.0,47.83,-19.868376899999998,-43.91798699999998,2,1,0,1.0,78.0,220.0,nordeste,Fernão Dias,12/08/18,None,None
3244541,255000.0,47.83,-19.8765208,-43.992309799999994,2,2,1,1.0,120.0,390.0,pampulha,Castelo,12/08/18,None,None
3248568,255000.0,48.47,-19.920950199999996,-43.951680700000004,2,2,0,1.0,0.0,395.0,centro-sul,Barro Preto,12/08/18,None,None
3249434,255000.0,48.47,-20.0051337,-44.00591639999999,3,1,0,1.0,76.07,387.0,barreiro,Cardoso,12/08/18,None,None
3258208,255000.0,47.79,-19.902516000000002,-43.92960879999998,2,1,0,1.0,111.8,226.0,leste,Graça,12/08/18,None,None
2492409,256000.0,47.79,-19.962951,-43.98020729999996,2,2,1,1.0,63.0,197.0,oeste,Betânia,12/08/18,None,None
1581898,258163.5,47.83,-19.881807300000002,-43.927020899999995,1,1,0,1.0,1.0,1.0,nordeste,União,12/08/18,None,None
54414,259000.0,47.83,-19.880693,-43.99545000000001,2,2,1,1.0,87.0,258.0,pampulha,Paquetá,12/08/18,None,None
366890,259000.0,48.49,-19.9261408,-43.94104849999997,2,1,0,1.0,96.9,550.0,centro-sul,Santo Agostinho,12/08/18,None,None
3258079,259000.0,47.79,-19.9059994,-43.94180699999998,3,1,0,1.0,0.0,180.0,nordeste,Lagoinha,12/08/18,None,None
6637,260000.0,47.79,-19.9366293,-43.968956799999994,2,1,1,1.0,68.73,200.0,oeste,Salgado Filho,12/08/18,None,None
38269,260000.0,47.83,-19.879791100000002,-43.99937769999997,2,1,1,1.0,75.0,250.0,pampulha,Castelo,12/08/18,None,None
40503,260000.0,47.83,-19.913237600000002,-43.9632416,3,2,1,1.0,63.0,251.0,noroeste,Carlos Prates,12/08/18,None,None
48309,260000.0,48.47,-19.901525,-43.98155889999998,3,1,0,1.0,51.0,230.0,noroeste,Jardim Montanhês,12/08/18,None,None
136298,260000.0,47.79,-19.934334200000002,-43.96629469999999,3,1,0,1.0,0.0,200.0,oeste,Barroca,12/08/18,None,None
140016,260000.0,45.0,-19.916549,-43.9377374,2,1,0,2.0,86.64,298.0,centro-sul,Centro,12/08/18,None,None
143524,260000.0,45.0,-19.8922893,-43.99904240000001,3,1,0,2.0,50.0,230.0,pampulha,Manacás,12/08/18,None,None
146221,260000.0,55.0,-19.9395865,-43.990364,3,1,1,1.0,58.0,380.0,oeste,Nova Gameleira,12/08/18,None,None
147740,260000.0,65.25,-19.8372631,-43.973752200000035,2,1,0,2.0,74.17,150.0,pampulha,Santa Amélia,12/08/18,None,None
149778,260000.0,65.25,-19.8234396,-43.9456141,2,1,0,2.0,40.27,150.0,norte,Vila Cloris,12/08/18,None,None
154510,260000.0,62.17,-19.8974542,-44.017767899999974,2,1,0,2.0,84.74,200.0,noroeste,Glória,12/08/18,None,None
160415,260000.0,71.84,-19.9192225,-43.94433779999997,2,1,0,1.0,40.0,285.0,centro-sul,Centro,12/08/18,None,None
178843,260000.0,69.31,-19.89925,-43.980169700000026,2,1,0,2.0,80.14,130.0,noroeste,Caiçaras,12/08/18,None,None
334147,260000.0,69.31,-19.939099300000002,-43.97287030000001,3,2,1,2.0,86.0,270.0,oeste,Jardim América,12/08/18,None,None
342289,260000.0,80.07,-19.8290593,-43.93436029999998,3,2,1,2.0,61.37,180.0,norte,Jardim Guanabara,12/08/18,None,None
342888,260000.0,56.0,-19.9035451,-43.9515553,2,1,0,2.0,86.45,250.0,noroeste,Santo André,12/08/18,None,None
348498,260000.0,111.0,-19.8140308,-43.9527736,3,1,0,2.0,72.0,340.0,venda-nova,Venda Nova,12/08/18,None,None
352686,260000.0,80.0,-19.930387,-44.00110899999999,3,1,0,2.0,604.36,250.0,noroeste,João Pinheiro,12/08/18,None,None
354384,260000.0,70.0,-19.968602,-43.96777420000001,3,2,1,1.0,87.0,260.0,oeste,Buritis,12/08/18,None,None
356078,260000.0,70.0,-19.878383300000003,-43.92988550000001,2,2,0,1.0,66.35,338.0,nordeste,Ipiranga,12/08/18,None,None
359854,260000.0,74.97,-19.870767,-43.99318679999999,2,1,0,2.0,95.0,250.0,pampulha,Paquetá,12/08/18,None,None
360492,260000.0,94.2,-19.9324763,-43.97128559999999,3,2,0,2.0,39.4,100.0,oeste,Calafate,12/08/18,None,None
364832,260000.0,36.51,-19.965590399999996,-43.97272599999997,3,2,0,1.0,70.0,250.0,oeste,Palmeiras,12/08/18,None,None
486326,260000.0,42.26,-19.8933227,-43.99679459999999,3,2,1,1.0,63.0,200.0,pampulha,Manacás,12/08/18,None,None
528019,260000.0,105.17,-19.8419557,-43.9387734,3,1,0,3.0,60.0,280.0,norte,Planalto,12/08/18,None,None
625895,260000.0,79.0,-19.9681264,-43.9708349,2,2,1,1.0,100.0,450.0,oeste,Buritis,12/08/18,None,None
1469889,260000.0,79.0,-19.9421362,-43.974972999999984,2,1,0,1.0,22.3,200.0,oeste,Jardim América,12/08/18,None,None
1526282,260000.0,79.0,-19.928690399999997,-43.94313190000002,1,1,0,1.0,0.0,1400.0,centro-sul,Lourdes,12/08/18,None,None
1696379,260000.0,79.0,-19.9553421,-43.9844943,3,2,1,1.0,160.0,230.0,oeste,Betânia,12/08/18,None,None
1752744,260000.0,79.0,-19.9247472,-43.94166059999998,1,1,0,1.0,83.18,290.0,centro-sul,Centro,12/08/18,None,None
1950250,260000.0,79.0,-19.8766002,-43.995342799999996,2,1,0,1.0,70.0,220.0,pampulha,Castelo,12/08/18,None,None
2225491,260000.0,79.0,-19.820191,-44.001743000000026,2,1,1,2.0,0.01,250.0,pampulha,Céu Azul,12/08/18,None,None
2885665,260000.0,111.5,-19.912166,-43.991919,3,2,0,1.0,85.0,230.0,noroeste,Padre Eustáquio,12/08/18,None,None
3234456,260000.0,70.0,-19.8413698,-43.958496200000006,3,1,1,1.0,900.0,150.0,pampulha,Itapoã,12/08/18,None,None
3235868,260000.0,70.0,-19.8785911,-43.99570929999999,3,1,0,1.0,71.4,270.0,pampulha,Castelo,12/08/18,None,None
3236593,260000.0,92.0,-19.8977721,-43.91966260000004,3,1,0,2.0,79.32,230.0,leste,Sagrada Família,12/08/18,None,None
3237651,260000.0,92.0,-19.917868300000002,-43.96743960000003,3,1,0,2.0,68.01,400.0,noroeste,Padre Eustáquio,12/08/18,None,None
3244405,260000.0,184.0,-19.940684899999997,-43.98145799999998,3,1,0,3.0,64.0,250.0,oeste,Salgado Filho,12/08/18,None,None
3245948,260000.0,70.0,-19.894332000000002,-43.950390999999975,3,2,1,1.0,96.0,230.0,noroeste,São Cristóvão,12/08/18,None,None
3245955,260000.0,80.0,-19.9695353,-43.97826359999999,2,2,1,2.0,0.0,180.0,oeste,Palmeiras,12/08/18,None,None
3248217,260000.0,80.0,-19.9290572,-43.94663030000004,1,1,0,2.0,95.0,350.0,centro-sul,Lourdes,12/08/18,None,None
3250527,260000.0,130.0,-19.78846,-43.948651900000016,2,1,0,2.0,89.14,258.12,nordeste,Silveira,12/08/18,None,None
3251138,260000.0,90.0,-19.872762899999998,-43.92203340000003,2,1,0,2.0,81.0,160.0,nordeste,Fernão Dias,12/08/18,None,None
3252002,260000.0,140.0,-19.8816815,-43.90653609999998,2,1,1,2.0,76.77,160.0,venda-nova,Ana Lúcia,12/08/18,None,None
3255215,260000.0,140.0,-19.914458399999997,-43.98677270000002,3,1,0,2.0,80.0,220.0,noroeste,Padre Eustáquio,12/08/18,None,None
3256074,260000.0,140.2,-19.9960558,-44.02391399999999,2,1,1,3.0,85.0,150.0,barreiro,Diamante,12/08/18,None,None
726750,262000.0,140.2,-19.8976668,-43.92081619999999,2,1,0,3.0,78.16,400.0,leste,Sagrada Família,12/08/18,None,None
2881219,262000.0,140.2,-19.9776395,-43.96311960000003,3,2,1,3.0,84.4,380.0,oeste,Buritis,12/08/18,None,None
3240695,262000.0,140.2,-19.9553421,-43.9844943,3,1,1,3.0,68.66,332.0,oeste,Betânia,12/08/18,None,None
13323,263000.0,140.2,-19.918081,-43.97769270000003,2,1,0,3.0,80.0,180.0,noroeste,Caiçaras,12/08/18,None,None
143773,263000.0,30.0,-20.0054139,-44.00887899999998,2,1,1,0.0,100.0,50.0,barreiro,Urucuia,12/08/18,None,None
171980,264000.0,48.0,-19.9007544,-43.98013689999999,2,2,0,1.0,70.56,250.0,noroeste,Caiçaras,12/08/18,None,None
39337,265000.0,50.0,-19.984582999999997,-43.9760814,2,1,0,1.0,0.0,0.0,barreiro,Milionários,12/08/18,None,None
55342,265000.0,50.0,-19.9771746,-43.96599670000001,2,2,1,1.0,74.21,327.0,oeste,Buritis,12/08/18,None,None
57077,265000.0,187.0,-19.985816699999997,-44.05333710000002,2,2,0,3.0,68.85,200.0,barreiro,Diamante(barreiro),12/08/18,None,None
127557,265000.0,187.0,-19.943704800000003,-43.941462,2,1,1,3.0,40.0,150.0,pampulha,Castelo,12/08/18,None,None
158719,265000.0,92.0,-19.914819899999998,-43.9839513,3,1,0,2.0,29.0,379.0,noroeste,Padre Eustáquio,12/08/18,None,None
172977,265000.0,63.84,-18.9227421,-48.295280299999995,2,1,0,1.0,62.0,365.0,nordeste,Lagoinha,12/08/18,None,None
338873,265000.0,63.84,-19.9387978,-43.97386180000001,2,0,0,1.0,118.0,678.0,oeste,Jardim América,12/08/18,None,None
339022,265000.0,56.0,-19.914538600000004,-43.991826400000036,3,2,0,1.0,65.0,260.0,noroeste,Padre Eustáquio,12/08/18,None,None
352492,265000.0,45.0,-19.843584600000003,-43.93875309999999,3,1,0,1.0,67.0,190.0,norte,Heliópolis,12/08/18,None,None
353795,265000.0,45.0,-19.930086199999998,-44.00076439999998,2,1,0,1.0,91.0,230.0,noroeste,João Pinheiro,12/08/18,None,None
360778,265000.0,45.0,-19.969876,-43.97792099999998,4,1,1,1.0,99.94,290.0,oeste,Buritis,12/08/18,None,None
406535,265000.0,48.0,-19.9861681,-44.03170349999999,2,2,0,1.0,81.41,269.0,barreiro,Diamante(barreiro),12/08/18,None,None
410512,265000.0,60.0,-19.935297,-43.98019020000004,3,2,1,1.0,88.0,230.0,oeste,Salgado Filho,12/08/18,None,None
482230,265000.0,50.25,-19.8948805,-43.99816450000003,2,1,1,1.0,66.79,210.0,pampulha,Manacás,12/08/18,None,None
633061,265000.0,45.0,-19.9696829,-43.96903370000001,2,1,0,1.0,129.16,330.0,oeste,Buritis,12/08/18,None,None
991002,265000.0,41.94,-19.8360861,-43.989029000000016,3,1,1,1.0,56.0,150.0,pampulha,Santa Amélia,12/08/18,None,None
1452286,265000.0,50.0,-19.933018399999998,-43.98079680000001,2,1,0,1.0,88.0,380.0,oeste,Nova Suíssa,12/08/18,None,None
1672204,265000.0,60.0,-19.8949374,-43.966603299999974,3,1,0,1.0,129.0,180.0,noroeste,Vila Amaral,12/08/18,None,None
1812539,265000.0,60.0,-19.936132999999998,-43.981382,2,1,0,1.0,66.0,200.0,oeste,Salgado Filho,12/08/18,None,None
2224650,265000.0,60.0,-19.820191,-44.001743000000026,2,1,1,1.0,0.01,250.0,pampulha,Céu Azul,12/08/18,None,None
3235467,265000.0,50.0,-19.877256,-43.99029450000001,2,1,1,1.0,56.0,380.0,pampulha,Castelo,12/08/18,None,None
3238713,265000.0,50.0,-19.831626699999997,-44.01216629999999,3,2,1,1.0,105.0,100.0,pampulha,Trevo,12/08/18,None,None
3240354,265000.0,60.0,-19.968981,-43.96787280000001,2,1,0,1.0,71.44,230.0,oeste,Buritis,12/08/18,None,None
3247458,265000.0,53.87,-19.9301,-44.00070800000003,2,1,0,1.0,83.3,230.0,noroeste,João Pinheiro,12/08/18,None,None
3247509,265000.0,55.0,-19.8718949,-43.998502299999984,2,1,1,1.0,80.0,330.0,pampulha,Paquetá,12/08/18,None,None
3254206,265000.0,51.03,-19.9623529,-43.965388099999984,3,3,1,1.0,89.44,409.0,oeste,Estoril,12/08/18,None,None
3255136,265000.0,60.0,-19.881924800000004,-44.00880589999997,2,1,1,1.0,100.0,360.0,pampulha,Serrano,12/08/18,None,None
3255418,265000.0,66.0,-19.883487600000002,-44.0028092,2,2,1,1.0,80.0,390.0,pampulha,Castelo,12/08/18,None,None
3256561,265000.0,86.0,-19.912305899999996,-43.97851040000001,3,2,1,1.0,62.1,300.0,noroeste,Padre Eustáquio,12/08/18,None,None
3256918,265000.0,52.81,-19.9323259,-43.98059390000003,2,1,0,1.0,75.0,400.0,oeste,Nova Suíssa,12/08/18,None,None
1581706,267517.5,70.0,-19.881807300000002,-43.927020899999995,1,1,0,2.0,1.0,1.0,nordeste,União,12/08/18,None,None
1834187,268000.0,65.0,-19.944845899999997,-43.96855399999998,2,1,0,1.0,68.0,120.0,oeste,Nova Granada,12/08/18,None,None
54415,269000.0,65.0,-19.880693,-43.99545000000001,2,2,1,1.0,87.0,258.0,pampulha,Paquetá,12/08/18,None,None
218403,269000.0,90.0,-20.005122600000004,-44.00844870000003,2,2,1,2.0,50.0,120.0,barreiro,Cardoso,12/08/18,None,None
2258489,269000.0,92.0,-19.930345000000003,-43.99980690000001,3,2,1,2.0,45.26,180.0,noroeste,João Pinheiro,12/08/18,None,None
151070,269500.0,60.0,-19.959477,-43.96990299999999,3,1,0,2.0,60.0,190.0,oeste,Havaí,12/08/18,None,None
8758,270000.0,85.0,-19.9292569,-43.93446180000001,1,1,1,2.0,49.8,400.0,centro-sul,Funcionários,12/08/18,None,None
25140,270000.0,80.0,-19.879704500000003,-43.99017040000001,2,2,1,2.0,90.0,200.0,pampulha,Paquetá,12/08/18,None,None
29368,270000.0,100.0,-19.920390899999997,-43.946829699999974,3,1,0,2.0,71.0,630.0,centro-sul,Barro Preto,12/08/18,None,None
35837,270000.0,129.0,-19.874524800000003,-43.991640200000006,2,2,1,2.0,83.0,350.0,pampulha,Ouro Preto,12/08/18,None,None
41515,270000.0,140.0,-19.9079412,-43.89893740000002,2,2,1,1.0,90.0,240.0,leste,Pompéia,12/08/18,None,None
55053,270000.0,170.0,-19.8406491,-43.98714200000001,2,2,0,3.0,52.0,250.0,pampulha,Jardim Atlântico,12/08/18,None,None
55509,270000.0,170.0,-19.830377600000002,-43.938991200000025,2,2,1,3.0,75.0,160.0,norte,Floramar,12/08/18,None,None
65813,270000.0,115.0,-19.8933646,-43.9092005,2,1,0,2.0,65.0,510.0,leste,Santa Inês,12/08/18,None,None
131642,270000.0,65.0,-19.878373800000002,-43.92989499999999,3,1,0,2.0,62.0,389.0,nordeste,Ipiranga,12/08/18,None,None
133471,270000.0,85.0,-19.9170542,-43.93593799999997,3,1,0,2.0,92.0,470.0,centro-sul,Centro,12/08/18,None,None
141161,270000.0,123.0,-19.9449114,-43.96459709999999,3,2,1,2.0,70.0,280.0,oeste,Nova Granada,12/08/18,None,None
144100,270000.0,100.0,-19.9211223,-43.97152389999997,2,1,1,3.0,74.0,150.0,noroeste,Padre Eustáquio,12/08/18,None,None
161134,270000.0,130.0,-19.8831706,-44.00298829999997,2,2,1,3.0,78.0,390.0,pampulha,Castelo,12/08/18,None,None
161268,270000.0,215.0,-19.935191399999997,-43.980147200000026,3,2,0,4.0,77.0,250.0,oeste,Salgado Filho,12/08/18,None,None
162329,270000.0,250.0,-19.8720604,-43.94505889999999,3,2,1,3.0,68.75,337.0,nordeste,Palmares,12/08/18,None,None
162347,270000.0,133.0,-19.9057965,-43.92076950000001,3,2,1,3.0,79.1,255.0,leste,Sagrada Família,12/08/18,None,None
162688,270000.0,91.0,-19.900803399999997,-43.91757519999999,3,1,0,2.0,97.21,160.0,leste,Sagrada Família,12/08/18,None,None
171751,270000.0,132.5,-19.8699797,-44.00980340000001,2,2,0,2.0,24.38,150.0,pampulha,Santa Terezinha,12/08/18,None,None
195337,270000.0,132.5,-19.9036803,-43.92792670000001,2,1,0,2.0,66.0,200.0,leste,Sagrada Família,12/08/18,None,None
336543,270000.0,46.0,-19.911996,-43.977566799999984,2,1,0,1.0,76.71,380.0,noroeste,Padre Eustáquio,12/08/18,None,None
337040,270000.0,60.0,-19.9804952,-44.00060930000001,2,1,0,2.0,100.0,150.0,barreiro,Milionários,12/08/18,None,None
346801,270000.0,60.0,-19.880134299999998,-43.99318729999999,2,2,1,2.0,110.0,150.0,pampulha,Paquetá,12/08/18,None,None
353533,270000.0,48.0,-19.9387783,-43.9738696,2,1,0,1.0,121.0,605.0,oeste,Nova Suíssa,12/08/18,None,None
354338,270000.0,78.0,-19.910844100000002,-44.00407740000003,2,2,1,2.0,86.0,200.0,noroeste,Glória,12/08/18,None,None
358337,270000.0,78.0,-19.8012976,-43.99329180000001,3,1,1,2.0,1.0,0.01,venda-nova,Lagoinha (venda Nova),12/08/18,None,None
358341,270000.0,191.52,-19.8012976,-43.99329180000001,3,1,1,2.0,1.0,0.01,venda-nova,Lagoinha (venda Nova),12/08/18,None,None
358342,270000.0,140.0,-19.8012976,-43.99329180000001,3,1,1,2.0,1.0,0.01,venda-nova,Lagoinha (venda Nova),12/08/18,None,None
358357,270000.0,140.0,-19.8012976,-43.99329180000001,3,1,1,2.0,1.0,0.01,venda-nova,Lagoinha (venda Nova),12/08/18,None,None
358358,270000.0,65.0,-19.8012976,-43.99329180000001,3,1,1,1.0,1.0,0.01,venda-nova,Lagoinha (venda Nova),12/08/18,None,None
361639,270000.0,84.1,-19.8916014,-43.990760000000016,2,2,1,2.0,68.0,265.0,pampulha,Paquetá,12/08/18,None,None
364779,270000.0,100.0,-19.8216611,-43.97177299999999,2,1,0,2.0,1.0,1.0,pampulha,Santa Mônica,12/08/18,None,None
364781,270000.0,100.0,-19.8215873,-43.97173729999997,2,1,0,2.0,1.0,1.0,pampulha,Santa Mônica,12/08/18,None,None
366549,270000.0,75.0,-19.910844100000002,-44.00407740000003,2,2,1,1.0,86.0,200.0,noroeste,Glória,12/08/18,None,None
389213,270000.0,54.0,-19.8800009,-43.99188140000001,2,2,1,1.0,112.23,300.0,pampulha,Paquetá,12/08/18,None,None
1526128,270000.0,37.63,-19.874831600000004,-43.9994615,2,2,1,0.0,85.0,350.0,pampulha,Bandeirantes (pampulha),12/08/18,None,None
1527039,270000.0,175.0,-19.9443522,-43.967409100000005,3,2,1,0.0,87.3,160.0,oeste,Nova Granada,12/08/18,None,None
1574822,270000.0,175.0,-19.9309075,-43.98097669999999,2,2,0,0.0,0.0,230.0,oeste,Nova Suíssa,12/08/18,None,None
1617058,270000.0,133.0,-19.9421015,-43.98044749999997,3,2,1,1.0,68.0,200.0,oeste,Salgado Filho,12/08/18,None,None
1661252,270000.0,41.0,-19.868783399999998,-43.9174514,2,1,0,1.0,107.0,200.0,nordeste,Fernão Dias,12/08/18,None,None
1662791,270000.0,120.0,-19.901715399999997,-43.92105850000002,3,1,0,3.0,0.0,180.0,leste,Sagrada Família,12/08/18,None,None
1687285,270000.0,62.0,-19.9156656,-43.97854649999999,2,1,1,0.0,80.0,230.0,noroeste,Padre Eustáquio,12/08/18,None,None
1839298,270000.0,55.0,-19.917684,-44.00731200000001,2,2,1,1.0,104.0,150.0,noroeste,Glória,12/08/18,None,None
1840902,270000.0,45.0,-19.8967301,-43.92787420000002,2,1,0,1.0,99.88,550.0,nordeste,Silveira,12/08/18,None,None
1911249,270000.0,50.0,-19.8843925,-43.9567912,3,1,0,1.0,62.0,250.0,noroeste,Nova Cachoeirinha,12/08/18,None,None
1928422,270000.0,50.0,-19.874458999999998,-43.99920600000002,2,1,1,1.0,110.0,280.0,pampulha,Bandeirantes (pampulha),12/08/18,None,None
1974783,270000.0,128.0,-19.935002899999997,-43.97774900000002,2,2,1,3.0,68.0,200.0,oeste,Nova Suíssa,12/08/18,None,None
2089433,270000.0,130.0,-19.917497,-43.98320669999998,3,2,1,3.0,86.32,200.0,noroeste,Padre Eustáquio,12/08/18,None,None
2135689,270000.0,105.0,-19.9017432,-43.97891219999997,2,1,0,1.0,61.54,370.0,noroeste,Caiçaras,12/08/18,None,None
2204235,270000.0,168.0,-19.920877800000003,-43.90439950000001,3,0,0,2.0,87.54,300.0,leste,Paraíso,12/08/18,None,None
2361516,270000.0,141.56,-19.831129999999998,-43.9324269,3,1,0,3.0,62.0,180.0,norte,Heliópolis,12/08/18,None,None
3212441,270000.0,47.0,-19.9653765,-43.95986470000002,1,1,1,1.0,90.0,446.0,oeste,Estoril,12/08/18,None,None
3213488,270000.0,67.0,-19.9569557,-43.96700329999999,3,2,0,1.0,71.29,180.0,oeste,Estoril,12/08/18,None,None
3239656,270000.0,50.0,-19.9366695,-44.02219739999998,2,2,0,1.0,30.0,400.0,noroeste,Camargos,12/08/18,None,None
3241078,270000.0,68.0,-19.9625944,-43.965633200000006,3,1,0,2.0,70.02,280.0,oeste,Estoril,12/08/18,None,None
3244845,270000.0,68.0,-19.9084102,-43.9211674,3,2,1,2.0,81.42,320.0,leste,Sagrada Família,12/08/18,None,None
3248380,270000.0,60.0,-19.908304,-43.92136299999999,3,1,1,1.0,83.49,200.0,leste,Sagrada Família,12/08/18,None,None
3249472,270000.0,60.0,-19.9193021,-43.93620880000003,3,1,1,1.0,55.22,400.0,centro-sul,Centro,12/08/18,None,None
3249586,270000.0,65.0,-19.917577899999998,-43.968627999999974,3,2,0,1.0,56.0,178.0,noroeste,Padre Eustáquio,12/08/18,None,None
3251014,270000.0,70.0,-19.923087300000002,-44.00676290000001,3,2,0,1.0,74.0,450.0,noroeste,Conjunto Califórnia,12/08/18,None,None
3254388,270000.0,75.0,-19.9303299,-43.93544940000004,1,1,0,2.0,115.29,609.24,centro-sul,Funcionários,12/08/18,None,None
3254460,270000.0,85.0,-19.809339,-43.93625099999997,2,0,0,2.0,87.55,290.0,norte,Jacqueline,12/08/18,None,None
3254580,270000.0,190.0,-19.937078200000002,-43.97858639999998,2,2,0,2.0,0.0,250.0,oeste,Nova Suíssa,12/08/18,None,None
3255740,270000.0,81.47,-19.8328753,-43.964318700000035,3,1,1,2.0,101.8,407.73,pampulha,Santa Branca,12/08/18,None,None
3256412,270000.0,65.0,-19.9692355,-43.96786659999998,3,2,1,2.0,90.0,260.0,oeste,Buritis,12/08/18,None,None
3257357,270000.0,175.0,-19.9310214,-43.97925509999999,3,2,0,3.0,0.0,250.0,oeste,Nova Suíssa,12/08/18,None,None
3258451,270000.0,143.0,-19.9237818,-44.00648580000001,3,2,0,2.0,68.0,450.0,noroeste,Conjunto Califórnia,12/08/18,None,None
1581903,274813.0,85.0,-19.881807300000002,-43.927020899999995,1,1,0,2.0,1.0,1.0,nordeste,União,12/08/18,None,None
33137,275000.0,130.0,-19.8319555,-43.93516279999999,3,2,1,3.0,71.52,150.0,norte,Jardim Guanabara,12/08/18,None,None
54522,275000.0,400.0,-19.903458399999998,-43.93237310000001,1,1,1,4.0,127.0,800.0,nordeste,Silveira,12/08/18,None,None
57471,275000.0,273.0,-19.824573899999997,-43.95479269999999,3,1,1,2.0,100.0,450.0,norte,Planalto,12/08/18,None,None
136738,275000.0,255.0,-19.905021100000003,-43.96675270000003,2,1,0,3.0,100.47,350.0,noroeste,Caiçaras,12/08/18,None,None
152596,275000.0,255.0,-19.8495931,-43.91643569999997,3,1,0,3.0,71.0,260.0,nordeste,São Gabriel,12/08/18,None,None
172043,275000.0,340.0,-19.970987899999997,-43.971768,2,2,1,3.0,118.15,260.0,oeste,Buritis,12/08/18,None,None
353299,275000.0,50.0,-19.916056,-43.9734613,3,1,1,1.0,58.0,330.0,noroeste,Padre Eustáquio,12/08/18,None,None
356316,275000.0,100.0,-19.9553421,-43.9844943,3,2,1,0.0,68.34,270.0,oeste,Betânia,12/08/18,None,None
503017,275000.0,70.0,-19.937553,-43.9792119,2,1,0,2.0,120.0,250.0,oeste,Salgado Filho,12/08/18,None,None
1468795,275000.0,140.0,-19.953697199999997,-43.98239419999999,3,2,1,2.0,75.53,250.0,oeste,Betânia,12/08/18,None,None
1672926,275000.0,46.0,-19.9449114,-43.96459709999999,3,2,1,1.0,82.0,200.0,oeste,Nova Granada,12/08/18,None,None
1694198,275000.0,125.0,-19.921326899999997,-43.91327100000001,3,2,1,0.0,60.0,300.0,centro-sul,Santa Efigênia,12/08/18,None,None
2824483,275000.0,82.14,-19.9299688,-43.915471200000006,3,1,0,2.0,48.0,220.0,leste,São Lucas,12/08/18,None,None
3254539,275000.0,82.14,-19.8990004,-43.97759940000003,3,3,1,2.0,65.0,200.0,noroeste,Caiçaras,12/08/18,None,None
1582323,276000.0,82.14,-19.9202313,-44.0077253,3,1,0,2.0,78.63,430.0,noroeste,Conjunto Califórnia,12/08/18,None,None
336236,278000.0,222.33,-19.8290997,-43.96398799999997,3,2,1,2.0,1028.0,412.0,pampulha,Santa Branca,12/08/18,None,None
128828,279000.0,59.0,-19.9492925,-44.002095800000006,3,1,0,1.0,0.0,200.0,oeste,Madre Gertrudes,12/08/18,None,None
404537,279000.0,,-19.9622645,-43.96559790000003,3,2,1,1.0,82.85,380.0,oeste,Estrela Dalva,12/08/18,None,None
1581502,279000.0,,-19.827740300000002,-43.96423809999999,3,1,1,2.0,39.45,75.0,venda-nova,São João Batista,12/08/18,None,None
1674758,279000.0,,-19.9622552,-43.96560940000001,3,2,0,0.0,27.37,400.0,oeste,Estoril,12/08/18,None,None
3215410,279000.0,,-19.8273648,-43.93922720000001,3,2,0,0.0,84.0,560.0,norte,Jardim Guanabara,12/08/18,None,None
3234398,279000.0,,-19.936135999999998,-43.95713999999998,2,2,0,2.0,0.0,280.0,oeste,Gutierrez,12/08/18,None,None
3255394,279000.0,,-19.8799488,-43.99154039999996,2,1,1,2.0,103.0,390.0,pampulha,Paquetá,12/08/18,None,None
56250,280000.0,,-19.875962,-43.91576650000002,2,1,0,2.0,85.0,293.0,nordeste,Fernão Dias,12/08/18,None,None
64091,280000.0,,-19.8292143,-43.93867940000001,3,2,0,1.0,67.0,560.0,norte,Jardim Guanabara,12/08/18,None,None
135703,280000.0,,-19.9379697,-43.97842730000002,3,1,1,1.0,65.92,280.0,oeste,Nova Suíssa,12/08/18,None,None
136282,280000.0,,-19.8798087,-43.99178840000002,2,2,1,1.0,90.0,250.0,pampulha,Paquetá,12/08/18,None,None
143392,280000.0,,-19.8967746,-43.931688099999974,2,2,0,1.0,95.17,350.0,leste,Graça,12/08/18,None,None
146413,280000.0,,-19.9009617,-43.91727760000003,2,2,0,1.0,0.0,200.0,leste,Sagrada Família,12/08/18,None,None
147064,280000.0,,-19.881645199999998,-43.93559809999999,2,1,1,1.0,470.0,82.5,nordeste,Ipiranga,12/08/18,None,None
158620,280000.0,,-19.9434195,-43.91052809999997,3,2,1,1.0,96.29,360.0,centro-sul,Serra,12/08/18,None,None
159494,280000.0,,-19.8287361,-43.99376810000001,3,1,1,1.0,70.0,100.0,pampulha,Copacabana,12/08/18,None,None
159513,280000.0,,-19.8287361,-43.99376810000001,3,1,1,0.0,90.0,120.0,venda-nova,Jardim Leblon,12/08/18,None,None
159514,280000.0,,-19.8286608,-43.99381549999998,3,1,1,1.0,90.0,120.0,pampulha,Copacabana,12/08/18,None,None
160328,280000.0,,-19.9121966,-43.96306449999997,3,1,1,1.0,70.36,230.0,noroeste,Carlos Prates,12/08/18,None,None
163743,280000.0,,-19.9623087,-43.891264200000016,3,1,0,1.0,66.66,250.0,oeste,Havaí,12/08/18,None,None
171460,280000.0,,-19.874658,-44.00035079999998,2,2,1,1.0,70.0,375.0,pampulha,Santa Terezinha,12/08/18,None,None
181494,280000.0,,-19.8942343,-43.93207799999999,3,1,0,2.0,0.01,250.0,nordeste,Silveira,12/08/18,None,None
343322,280000.0,,-19.8967301,-43.92787420000002,2,2,0,1.0,97.0,500.0,nordeste,Lagoinha,12/08/18,None,None
352088,280000.0,,-19.913588,-43.96555699999999,3,2,0,1.0,90.11,340.0,noroeste,Carlos Prates,12/08/18,None,None
352544,280000.0,,-19.887397,-43.89803599999999,2,1,1,1.0,31.0,320.0,leste,Boa Vista,12/08/18,None,None
356966,280000.0,,-19.9308428,-44.0013227,2,1,1,1.0,80.0,170.0,noroeste,João Pinheiro,12/08/18,None,None
360470,280000.0,,-19.9212495,-43.904511299999974,2,2,1,1.0,100.0,255.0,leste,Paraíso,12/08/18,None,None
361619,280000.0,,-19.9368822,-43.93116599999996,1,1,1,1.0,1.0,1.0,centro-sul,Funcionários,12/08/18,None,None
361632,280000.0,,-19.9368822,-43.93116599999996,1,1,1,3.0,1.0,1.0,centro-sul,Funcionários,12/08/18,None,None
361642,280000.0,,-19.9368822,-43.93116599999996,1,1,1,3.0,1.0,1.0,centro-sul,Funcionários,12/08/18,None,None
361643,280000.0,,-19.9368822,-43.93116599999996,1,1,1,2.0,1.0,1.0,centro-sul,Funcionários,12/08/18,None,None
361644,280000.0,,-19.9368822,-43.93116599999996,1,1,1,2.0,1.0,1.0,centro-sul,Funcionários,12/08/18,None,None
361645,280000.0,,-19.9368822,-43.93116599999996,1,1,1,2.0,1.0,1.0,centro-sul,Funcionários,12/08/18,None,None
361646,280000.0,,-19.9368822,-43.93116599999996,1,1,1,2.0,1.0,1.0,centro-sul,Funcionários,12/08/18,None,None
361647,280000.0,,-19.9368822,-43.93116599999996,1,1,1,2.0,1.0,1.0,centro-sul,Funcionários,12/08/18,None,None
361648,280000.0,,-19.9368822,-43.93116599999996,1,1,1,2.0,1.0,1.0,centro-sul,Funcionários,12/08/18,None,None
363405,280000.0,,-19.936301,-44.01964599999997,3,2,1,2.0,77.0,287.0,noroeste,Camargos,12/08/18,None,None
364790,280000.0,,-19.8216611,-43.97177299999999,2,1,0,2.0,1.0,1.0,pampulha,Santa Mônica,12/08/18,None,None
364791,280000.0,,-19.8216611,-43.97177299999999,2,1,0,2.0,1.0,1.0,pampulha,Santa Mônica,12/08/18,None,None
394866,280000.0,,-19.904343,-43.927464999999984,2,1,0,2.0,86.37,270.0,leste,Sagrada Família,12/08/18,None,None
425479,280000.0,,-19.918238199999998,-43.92260060000001,2,2,1,1.0,79.0,250.0,leste,Santa Tereza,12/08/18,None,None
495335,280000.0,,-19.8737979,-43.93898030000002,3,1,1,2.0,104.34,390.0,nordeste,Palmares,12/08/18,None,None
1527337,280000.0,,-19.9664297,-43.966613,3,2,0,2.0,90.36,250.0,oeste,Buritis,12/08/18,None,None
1634114,280000.0,,-19.912876500000003,-43.90098339999997,2,2,1,2.0,90.0,300.0,leste,Pompéia,12/08/18,None,None
1663009,280000.0,,-19.8180346,-43.977211700000005,3,1,0,2.0,840.0,195.0,venda-nova,São João Batista,12/08/18,None,None
1834283,280000.0,,-19.8439274,-43.98428739999997,3,1,1,2.0,70.0,150.0,pampulha,Santa Branca,12/08/18,None,None
1841042,280000.0,,-19.8803246,-43.9918467,3,1,1,2.0,128.67,374.0,pampulha,Paquetá,12/08/18,None,None
1857165,280000.0,,-19.831046,-43.95709499999998,2,1,0,3.0,27.39,260.0,norte,Planalto,12/08/18,None,None
2111173,280000.0,,-19.938796,-43.97387809999998,2,2,1,1.0,105.4,460.0,oeste,Jardim América,12/08/18,None,None
2234697,280000.0,,-19.914759,-43.89546300000001,2,2,0,2.0,27.79,200.0,leste,Vera Cruz,12/08/18,None,None
2428419,280000.0,,-19.8723909,-43.92276879999997,2,1,0,2.0,98.77,360.86,nordeste,Fernão Dias,12/08/18,None,None
2741886,280000.0,,-19.9622645,-43.96559790000003,3,1,0,2.0,70.0,280.0,oeste,Estoril,12/08/18,None,None
2888422,280000.0,,-19.921674,-43.948751000000016,1,1,1,2.0,54.74,380.0,centro-sul,Barro Preto,12/08/18,None,None
3212170,280000.0,,-19.8286696,-43.98037399999998,3,1,1,1.0,67.0,100.0,pampulha,Santa Mônica,12/08/18,None,None
3233914,280000.0,,-19.893716826526948,-43.996794808984355,3,2,0,3.0,96.89,276.35,pampulha,Manacás,12/08/18,None,None
3235283,280000.0,,-19.8754901,-43.91626589999999,2,1,0,3.0,98.82,360.0,nordeste,Fernão Dias,12/08/18,None,None
3235363,280000.0,,-19.8994282,-43.93257260000002,2,2,0,3.0,118.66,350.0,leste,Graça,12/08/18,None,None
3235382,280000.0,,-19.911655399999997,-43.93589589999999,2,2,0,3.0,80.0,630.0,leste,Horto,12/08/18,None,None
3237034,280000.0,,-19.9066575,-43.91774480000004,2,1,1,2.0,301.09,150.0,leste,Sagrada Família,12/08/18,None,None
3238227,280000.0,,-19.9303578,-43.91595130000002,2,1,0,2.0,101.5,450.0,leste,São Lucas,12/08/18,None,None
3238716,280000.0,,-19.831599399999998,-44.0121686,3,2,1,2.0,105.0,100.0,pampulha,Trevo,12/08/18,None,None
3240369,280000.0,,-19.8944668,-44.00850409999998,3,1,0,3.0,50.0,110.0,noroeste,Alípio de Melo,12/08/18,None,None
3241273,280000.0,,-19.8974564,-43.998246600000016,2,1,1,1.0,0.01,250.0,pampulha,Manacás,12/08/18,None,None
3241930,280000.0,,-19.935002899999997,-43.97774900000002,2,2,0,1.0,74.0,180.0,oeste,Nova Suíssa,12/08/18,None,None
3245171,280000.0,,-19.902516000000002,-43.92960879999998,2,2,1,1.0,89.0,280.0,leste,Floresta,12/08/18,None,None
3245231,280000.0,,-19.9067877,-43.93676770000002,3,1,1,1.0,69.54,250.0,leste,Floresta,12/08/18,None,None
3246965,280000.0,,-19.899956,-43.974531000000006,2,1,0,1.0,27.0,0.0,noroeste,Caiçaras,12/08/18,None,None
3247332,280000.0,,-19.839205,-43.941007000000006,2,1,1,1.0,76.54,225.0,norte,Heliópolis,12/08/18,None,None
3249857,280000.0,,-19.8718043,-44.012152600000036,2,1,0,1.0,54.55,290.0,pampulha,Serrano,12/08/18,None,None
3251177,280000.0,,-19.893331,-43.93332350000003,2,1,0,1.0,98.2,378.0,nordeste,Silveira,12/08/18,None,None
3251460,280000.0,,-19.8876035,-43.89305630000001,2,2,1,1.0,33.0,324.0,leste,Santa Inês,12/08/18,None,None
3254386,280000.0,,-19.8425453,-43.97180479999997,2,1,0,1.0,62.1,210.0,pampulha,Santa Amélia,12/08/18,None,None
3255442,280000.0,,-19.8814312,-44.00009169999998,2,1,1,1.0,100.0,220.0,pampulha,Pampulha,12/08/18,None,None
3255788,280000.0,,-19.9209152,-43.99460850000003,2,1,0,1.0,90.0,150.0,noroeste,Minas Brasil,12/08/18,None,None
40560,282000.0,,-19.941297,-43.979439000000006,2,2,1,1.0,120.0,180.0,oeste,Nova Suíssa,12/08/18,None,None
337052,282000.0,,-19.9790337,-44.00295199999999,2,2,0,1.0,150.0,150.0,barreiro,Milionários,12/08/18,None,None
27712,284900.0,,-19.885991699999998,-43.99492350000003,2,1,0,1.0,75.0,200.0,pampulha,Castelo,12/08/18,None,None
27718,284900.0,,-19.885991699999998,-43.99492350000003,2,1,0,1.0,85.0,200.0,pampulha,Castelo,12/08/18,None,None
1952915,284990.0,,-19.960079800000003,-43.99148020000001,3,1,1,1.0,0.0,314.0,oeste,Betânia,12/08/18,None,None
16924,285000.0,,-19.8915863,-43.99625270000002,2,1,1,1.0,103.0,154.0,pampulha,Manacás,12/08/18,None,None
16926,285000.0,,-19.891776899999996,-43.99651360000002,2,1,1,1.0,103.0,154.0,pampulha,Manacás,12/08/18,None,None
16929,285000.0,,-19.890773,-43.99799899999999,2,1,1,1.0,103.0,154.0,pampulha,Manacás,12/08/18,None,None
16930,285000.0,,-19.8909639,-43.9973359,2,1,1,1.0,110.0,154.0,pampulha,Manacás,12/08/18,None,None
140544,285000.0,,-19.8800625,-44.00860390000002,2,1,0,1.0,76.99,198.0,pampulha,Serrano,12/08/18,None,None
162845,285000.0,,-19.941105800000003,-43.97596009999995,3,2,1,1.0,150.0,280.0,oeste,Jardim América,12/08/18,None,None
164268,285000.0,,-19.9604787,-43.96550489999999,3,2,1,1.0,80.5,320.0,oeste,Estoril,12/08/18,None,None
338264,285000.0,,-19.8789081,-43.93398339999999,2,1,0,1.0,55.0,341.0,nordeste,Ipiranga,12/08/18,None,None
338626,285000.0,,-19.943525,-43.97308799999996,3,2,0,1.0,79.7,230.0,oeste,Nova Suíssa,12/08/18,None,None
356473,285000.0,,-19.9593296,-43.97010090000003,2,2,1,1.0,81.71,185.0,oeste,Havaí,12/08/18,None,None
359576,285000.0,,-19.9124233,-43.92033909999998,2,1,0,1.0,96.0,380.0,leste,Santa Tereza,12/08/18,None,None
1111375,285000.0,,-19.869961899999996,-43.92107120000003,3,1,1,1.0,78.8,300.0,nordeste,São Paulo,12/08/18,None,None
1854011,285000.0,,-19.874447500000002,-43.99255019999998,3,1,1,1.0,60.0,350.0,pampulha,Paquetá,12/08/18,None,None
1954439,285000.0,,-19.8549461,-43.95422239999999,3,2,1,1.0,74.28,285.0,pampulha,Aeroporto,12/08/18,None,None
2383238,285000.0,,-19.9005298,-43.91728910000001,3,1,1,1.0,63.0,200.0,leste,Sagrada Família,12/08/18,None,None
3234564,285000.0,,-19.888508854288425,-43.997941800000035,2,1,1,1.0,70.0,200.0,pampulha,Castelo,12/08/18,None,None
3244752,285000.0,,-19.9419486,-43.97603749999996,2,1,0,1.0,83.0,300.0,oeste,Jardim América,12/08/18,None,None
3245962,285000.0,,-19.89825348714665,-43.92326527619628,2,1,0,1.0,110.0,210.0,leste,Sagrada Família,12/08/18,None,None
3246742,285000.0,,-19.9124233,-43.92033909999998,2,1,0,1.0,95.96,396.0,leste,Santa Tereza,12/08/18,None,None
3248052,285000.0,,-19.973253,-43.96612500000003,3,2,1,1.0,84.16,278.0,oeste,Buritis,12/08/18,None,None
3257925,286000.0,,-19.914879100000004,-43.97645829999999,2,2,0,1.0,458.13,170.0,noroeste,Padre Eustáquio,12/08/18,None,None
45956,287000.0,,-19.9170168,-43.937444899999996,2,1,1,1.0,65.0,280.0,pampulha,Castelo,12/08/18,None,None
3253182,287000.0,,-19.9393716,-43.98206849999997,3,3,1,1.0,73.0,250.0,oeste,Salgado Filho,12/08/18,None,None
513229,288000.0,,-19.9596056,-43.98167169999999,3,1,1,1.0,77.66,397.84,oeste,Betânia,12/08/18,None,None
1752277,289000.0,,-19.960310699999997,-43.983092899999974,3,2,0,1.0,73.0,200.0,oeste,Palmeiras,12/08/18,None,None
60579,289900.0,,-19.8968954,-44.00850909999997,2,2,1,1.0,90.0,150.0,noroeste,Glória,12/08/18,None,None
9058,290000.0,,-19.9691513,-43.99155459999997,3,1,1,1.0,61.09,200.0,oeste,Palmeiras,12/08/18,None,None
9246,290000.0,,-19.866789,-43.91840300000001,2,1,0,1.0,91.0,220.0,nordeste,Fernão Dias,12/08/18,None,None
16211,290000.0,,-19.878468899999998,-43.9316493,3,1,0,1.0,88.0,450.0,nordeste,Palmares,12/08/18,None,None
16934,290000.0,,-19.891703699999997,-43.997860400000036,2,1,1,1.0,110.0,154.0,pampulha,Manacás,12/08/18,None,None
41130,290000.0,,-19.923609699999997,-44.00657050000001,3,1,0,1.0,60.0,350.0,noroeste,Conjunto Califórnia,12/08/18,None,None
51400,290000.0,,-19.9723842,-43.97174489999998,3,2,1,1.0,80.72,360.0,oeste,Buritis,12/08/18,None,None
53901,290000.0,,-19.8751395,-43.93590740000002,2,2,1,1.0,1028.61,270.0,nordeste,Palmares,12/08/18,None,None
54311,290000.0,,-19.91667620353481,-43.97654603914794,3,2,1,1.0,66.22,310.0,noroeste,Monsenhor Messias,12/08/18,None,None
61616,290000.0,,-19.901801000000003,-43.94205190000002,3,1,0,1.0,69.0,220.0,nordeste,Concórdia,12/08/18,None,None
115490,290000.0,,-19.8151426,-43.9740036,0,1,0,1.0,110.79,350.0,venda-nova,São João Batista,12/08/18,None,None
153985,290000.0,,-19.844707500000002,-43.93749980000001,2,2,1,1.0,0.01,0.01,norte,Heliópolis,12/08/18,None,None
154172,290000.0,,-19.8447259,-43.93751180000004,2,2,1,1.0,0.01,0.01,norte,Heliópolis,12/08/18,None,None
163660,290000.0,,-19.8888237,-43.92760099999998,2,1,0,1.0,109.0,460.0,leste,Cidade Nova,12/08/18,None,None
171818,290000.0,,-19.9089378,-43.948895100000016,2,2,0,1.0,78.0,273.0,noroeste,Bonfim,12/08/18,None,None
331203,290000.0,,-19.872332699999998,-43.95132130000002,3,2,1,1.0,97.86,480.0,pampulha,São Francisco,12/08/18,None,None
334530,290000.0,,-19.8890598,-43.999256,3,1,1,1.0,100.0,200.0,pampulha,Castelo,12/08/18,None,None
334984,290000.0,,-19.8351161,-43.968148600000006,2,1,0,0.0,34.0,150.0,pampulha,Santa Branca,12/08/18,None,None
338073,290000.0,,-19.9385878,-43.97459709999998,3,2,0,0.0,68.0,200.0,oeste,Jardim América,12/08/18,None,None
346754,290000.0,,-19.922065600000003,-43.94607580000002,3,2,0,1.0,95.0,700.0,centro-sul,Barro Preto,12/08/18,None,None
349498,290000.0,,-19.8948457,-43.99819100000002,2,1,0,1.0,70.0,250.0,pampulha,Manacás,12/08/18,None,None
352707,290000.0,,-19.921966100000002,-43.91146730000003,2,2,0,1.0,73.48,500.0,leste,São Lucas,12/08/18,None,None
357045,290000.0,,-19.946363,-43.96811200000002,3,1,0,2.0,60.0,240.0,oeste,Nova Granada,12/08/18,None,None
357102,290000.0,,-19.937423000000003,-43.97805590000002,3,3,1,3.0,61.52,550.0,oeste,Nova Suíssa,12/08/18,None,None
361827,290000.0,,-19.9050129,-43.97166720000001,2,2,0,3.0,105.45,350.0,noroeste,Caiçaras,12/08/18,None,None
365870,290000.0,,-19.866556,-43.99203779999999,2,1,1,2.0,95.0,250.0,pampulha,Paquetá,12/08/18,None,None
367061,290000.0,,-19.919636899999997,-43.98342200000002,2,2,1,3.0,85.2,140.0,noroeste,Padre Eustáquio,12/08/18,None,None
632034,290000.0,,-19.9874742,-44.03183480000001,3,3,1,3.0,99.69,200.0,barreiro,Diamante(barreiro),12/08/18,None,None
1580815,290000.0,,-19.921326899999997,-43.91327100000001,3,1,0,3.0,0.0,235.0,centro-sul,Santa Efigênia,12/08/18,None,None
1681892,290000.0,,-19.959564,-43.96860879999997,3,2,0,2.0,99.8,320.0,oeste,Havaí,12/08/18,None,None
1847646,290000.0,,-19.898104500000002,-43.919448200000026,2,1,0,1.0,78.16,400.0,leste,Sagrada Família,12/08/18,None,None
1932913,290000.0,,-19.8706158,-43.92101589999999,2,1,0,1.0,83.6,270.0,nordeste,São Paulo,12/08/18,None,None
2340205,290000.0,,-19.9364001,-43.9776425,2,2,0,2.0,80.37,250.0,oeste,Nova Suíssa,12/08/18,None,None
2818781,290000.0,,-19.9034347,-43.90305219999999,2,1,0,1.0,73.0,220.0,leste,Esplanada,12/08/18,None,None
3211383,290000.0,,-19.913648499999997,-43.97587250000004,3,2,0,1.0,1150.0,460.0,noroeste,Carlos Prates,12/08/18,None,None
3215103,290000.0,,-19.9267,-43.916258899999995,2,2,0,4.0,101.58,230.0,centro-sul,Santa Efigênia,12/08/18,None,None
3233792,290000.0,,-19.909160699999997,-43.92025890000002,3,2,1,1.0,97.0,210.0,leste,Santa Tereza,12/08/18,None,None
3239071,290000.0,,-19.898877,-43.91765399999997,3,1,0,1.0,214.11,245.0,leste,Sagrada Família,12/08/18,None,None
3240168,290000.0,,-19.989207999999998,-44.03664000000003,3,1,1,1.0,70.0,500.0,barreiro,Tirol,12/08/18,None,None
3249198,290000.0,,-19.828882999999998,-43.95165399999996,3,1,1,1.0,100.0,250.0,norte,Planalto,12/08/18,None,None
3249406,290000.0,,-19.9586747,-43.9664252,2,0,1,0.0,106.49,200.0,oeste,Estoril,12/08/18,None,None
3254092,290000.0,,-19.898782,-43.91762900000003,3,1,0,0.0,75.0,250.0,leste,Sagrada Família,12/08/18,None,None
3256426,290000.0,,-19.9607,-43.98282760000001,3,1,0,1.0,82.64,288.0,oeste,Palmeiras,12/08/18,None,None
3254114,293000.0,,-19.9048546,-43.96368369999999,2,1,0,1.0,69.73,265.0,noroeste,Santo André,12/08/18,None,None
1699928,294000.0,,-19.9050798,-43.92721619999998,2,1,0,1.0,83.3,280.0,leste,Sagrada Família,12/08/18,None,None
27715,294900.0,,-19.885991699999998,-43.99492350000003,2,1,1,1.0,75.0,200.0,pampulha,Castelo,12/08/18,None,None
27720,294900.0,,-19.885991699999998,-43.99492350000003,2,1,1,1.0,75.0,200.0,pampulha,Castelo,12/08/18,None,None
6046,295000.0,,-19.8895264,-43.99680939999996,2,1,1,1.0,82.9,200.0,pampulha,Castelo,12/08/18,None,None
24112,295000.0,,-19.8873415,-43.995600500000016,2,2,1,1.0,72.75,150.0,pampulha,Castelo,12/08/18,None,None
28920,295000.0,,-19.9001304,-43.93632059999999,3,2,1,1.0,96.0,290.0,leste,Graça,12/08/18,None,None
46511,295000.0,,-19.9588647,-43.982012,3,1,1,1.0,63.75,314.0,oeste,Betânia,12/08/18,None,None
118124,295000.0,,-19.9665309,-43.968269299999974,2,2,1,1.0,112.46,214.28,oeste,Buritis,12/08/18,None,None
140442,295000.0,,-19.9040997,-43.97035470000003,3,3,1,1.0,44.25,300.0,noroeste,Caiçaras,12/08/18,None,None
168673,295000.0,,-19.9493775,-43.96922819999998,2,2,0,1.0,93.08,270.0,oeste,Jardim América,12/08/18,None,None
168859,295000.0,,-19.879264199999998,-44.011744799999974,2,1,1,1.0,150.0,150.0,pampulha,Serrano,12/08/18,None,None
169828,295000.0,,-19.9057171,-43.932253499999995,3,2,0,1.0,97.0,180.0,leste,Floresta,12/08/18,None,None
193210,295000.0,,-19.900508,-43.933563899999974,3,2,0,1.0,100.0,308.0,nordeste,Nova Floresta,12/08/18,None,None
244728,295000.0,,-19.9246302,-43.91915619999998,2,0,0,1.0,84.7,340.0,centro-sul,Santa Efigênia,12/08/18,None,None
331670,295000.0,,-19.9359812,-43.969618200000006,3,2,0,1.0,70.0,250.0,oeste,Barroca,12/08/18,None,None
343580,295000.0,,-19.9615585,-43.994480599999974,2,1,0,1.0,90.0,200.0,oeste,Palmeiras,12/08/18,None,None
347191,295000.0,,-19.9359762,-43.98052300000001,3,3,1,1.0,51.0,270.0,oeste,Salgado Filho,12/08/18,None,None
351109,295000.0,,-19.9341389,-43.98029400000002,3,2,0,1.0,57.0,180.0,oeste,Nova Suíssa,12/08/18,None,None
351369,295000.0,,-19.9116634,-43.93482340000003,2,1,0,1.0,60.0,500.0,leste,Floresta,12/08/18,None,None
356121,295000.0,,-19.9309853,-43.97940069999999,3,2,0,1.0,0.0,250.0,oeste,Nova Suíssa,12/08/18,None,None
359687,295000.0,,-19.875113100000004,-43.98933999999997,2,1,1,1.0,100.0,290.0,pampulha,Paquetá,12/08/18,None,None
374906,295000.0,,-19.8727703,-43.99094760000003,2,1,1,1.0,85.0,280.0,pampulha,Ouro Preto,12/08/18,None,None
411608,295000.0,,-19.8772686,-44.00910799999997,3,2,1,1.0,96.53,223.0,pampulha,Serrano,12/08/18,None,None
496068,295000.0,,-19.8817232,-43.91050789999997,2,2,1,1.0,71.07,242.0,leste,Santa Inês,12/08/18,None,None
954733,295000.0,,-19.9335593,-43.96712530000002,3,3,1,1.0,0.0,150.0,oeste,Barroca,12/08/18,None,None
1673612,295000.0,,-19.9411702,-43.99073659999999,3,1,0,1.0,102.25,200.0,oeste,Nova Gameleira,12/08/18,None,None
1742786,295000.0,,-19.932216,-43.976382,2,2,0,1.0,70.0,220.0,oeste,Nova Suíssa,12/08/18,None,None
2516779,295000.0,,-19.9721617,-43.967934600000035,3,2,1,1.0,101.0,250.0,oeste,Buritis,12/08/18,None,None
2885599,295000.0,,-19.9720951,-43.96681590000003,1,1,0,1.0,72.1,515.59,oeste,Buritis,12/08/18,None,None
3239219,295000.0,,-19.8415513,-43.98252009999999,3,1,1,1.0,67.33,210.0,pampulha,Santa Amélia,12/08/18,None,None
3245237,295000.0,,-19.9078755,-43.928572900000006,3,1,0,2.0,70.0,240.0,leste,Sagrada Família,12/08/18,None,None
3251612,295000.0,,-19.9135572,-43.98790250000002,3,1,1,2.0,86.06,250.0,noroeste,Padre Eustáquio,12/08/18,None,None
3254448,295000.0,,-19.905813100000003,-43.96390359999998,2,2,0,2.0,0.0,220.0,noroeste,Pedro II,12/08/18,None,None
3257183,295000.0,,-19.953936600000002,-43.97507139999999,3,3,1,2.0,100.0,250.0,oeste,Havaí,12/08/18,None,None
3248926,296000.0,,-19.891334399999998,-44.0024626,2,1,1,2.0,78.33,320.0,pampulha,Castelo,12/08/18,None,None
3211413,297000.0,,-19.963831,-43.97572000000002,2,2,1,2.0,96.0,230.0,oeste,Havaí,12/08/18,None,None
45687,298000.0,,-19.9409704,-44.01668089999998,3,1,1,2.0,104.83,290.0,oeste,Salgado Filho,12/08/18,None,None
56763,298000.0,,-19.980486399999997,-44.01655260000001,3,1,1,2.0,110.47,200.0,barreiro,Santa Helena (barreiro),12/08/18,None,None
146132,298000.0,,-19.8944419,-43.93340460000002,3,1,0,1.0,89.0,360.0,nordeste,Nova Floresta,12/08/18,None,None
335706,298000.0,,-19.968335800000002,-43.9576758,1,1,1,2.0,71.0,400.0,oeste,Estoril,12/08/18,None,None
337190,298000.0,,-19.819296899999998,-43.98107099999999,3,2,1,2.0,10.0,10.0,venda-nova,Sinimbu,12/08/18,None,None
3254075,298000.0,,-19.9231387,-43.98953840000002,2,1,0,2.0,53.11,250.0,noroeste,Coração Eucarístico,12/08/18,None,None
3257730,298000.0,,-19.920845,-43.97265390000001,3,1,0,2.0,97.0,270.0,oeste,Calafate,12/08/18,None,None
38488,299000.0,,-19.8349991,-43.97335620000001,3,2,1,2.0,86.41,240.0,pampulha,Santa Amélia,12/08/18,None,None
57032,299000.0,,-19.890324600000003,-43.930858100000016,4,2,1,2.0,95.0,340.0,nordeste,Silveira,12/08/18,None,None
126672,299000.0,,-19.980128399999998,-43.96796410000002,3,2,1,2.0,90.37,400.0,oeste,Buritis,12/08/18,None,None
144281,299000.0,,-19.968884,-43.965845,3,2,1,2.0,63.17,300.0,oeste,Buritis,12/08/18,None,None
344350,299000.0,,-19.869946399999996,-43.92105000000004,3,2,1,2.0,76.32,230.0,nordeste,São Paulo,12/08/18,None,None
366742,299000.0,,-19.890736999999998,-43.930750999999994,4,2,1,2.0,85.86,390.0,nordeste,Silveira,12/08/18,None,None
1526216,299000.0,,-19.9049512,-43.9668251,2,1,0,2.0,109.0,312.19,noroeste,Caiçaras,12/08/18,None,None
1831712,299000.0,,-19.880564,-43.924759,3,2,1,1.0,129.24,310.0,nordeste,União,12/08/18,None,None
3247279,299000.0,,-19.9199347,-43.9469704,3,2,1,1.0,93.85,700.21,centro-sul,Barro Preto,12/08/18,None,None
3249538,299000.0,,-19.8718949,-43.998502299999984,2,1,1,1.0,70.0,375.0,pampulha,Paquetá,12/08/18,None,None
3250232,299000.0,,-19.912305899999996,-43.97851040000001,3,1,1,1.0,70.0,300.0,noroeste,Monsenhor Messias,12/08/18,None,None
3251680,299000.0,,-19.8889074,-43.99765070000001,2,1,0,1.0,100.0,300.0,pampulha,Castelo,12/08/18,None,None
146090,299500.0,,-19.953952899999997,-43.97316999999998,2,2,0,1.0,68.34,223.0,oeste,Salgado Filho,12/08/18,None,None
3211256,299900.0,,-19.8978359,-43.93329189999997,2,1,0,1.0,94.82,230.0,nordeste,Silveira,12/08/18,None,None
25420,300000.0,,-19.840704000000002,-43.944617,3,2,1,1.0,100.0,50.0,norte,Planalto,12/08/18,None,None
50168,300000.0,,-19.9447988,-44.01429999999999,3,2,0,1.0,60.0,180.0,noroeste,Camargos,12/08/18,None,None
50726,300000.0,,-19.913845499999997,-43.96316360000003,2,2,0,1.0,89.0,165.0,noroeste,Carlos Prates,12/08/18,None,None
52547,300000.0,,-19.9414066,-43.9509205,2,1,0,1.0,173.0,300.0,centro-sul,Cidade Jardim,12/08/18,None,None
126898,300000.0,,-19.913935600000002,-44.00490639999998,2,2,0,1.0,89.77,117.0,noroeste,Glória,12/08/18,None,None
130649,300000.0,,-19.8840068,-43.93697789999999,2,1,1,1.0,65.0,230.0,nordeste,Silveira,12/08/18,None,None
135351,300000.0,,-19.8776287,-43.99626520000004,3,2,1,1.0,110.0,300.0,pampulha,Ouro Preto,12/08/18,None,None
143984,300000.0,,-19.9495606,-43.98603730000002,2,2,0,1.0,90.0,237.0,oeste,Salgado Filho,12/08/18,None,None
148049,300000.0,,-19.952407,-43.9399694,3,2,1,1.0,116.0,850.0,centro-sul,São Pedro,12/08/18,None,None
153309,300000.0,,-19.937867100000002,-43.91619059999999,3,1,0,1.0,0.0,350.0,leste,São Lucas,12/08/18,None,None
153926,300000.0,,-19.9817812,-43.97415230000002,3,2,1,1.0,72.72,170.0,oeste,Buritis,12/08/18,None,None
159484,300000.0,,-19.8287361,-43.99376810000001,3,1,1,1.0,90.0,120.0,pampulha,Copacabana,12/08/18,None,None
161588,300000.0,,-19.9165404,-43.991508100000026,3,2,0,1.0,60.0,180.0,noroeste,Padre Eustáquio,12/08/18,None,None
164681,300000.0,,-19.8228634,-44.004156299999984,3,2,1,2.0,92.89,300.0,noroeste,Nova Esperança,12/08/18,None,None
177767,300000.0,,-19.9334738,-43.98130789999999,2,2,0,1.0,91.53,310.0,oeste,Nova Suíssa,12/08/18,None,None
189666,300000.0,,-19.8911406,-43.99697960000003,3,1,1,2.0,68.0,170.0,pampulha,Castelo,12/08/18,None,None
316133,300000.0,,-19.9179103,-43.967524499999975,3,1,0,2.0,62.0,409.0,noroeste,Padre Eustáquio,12/08/18,None,None
331634,300000.0,,-19.9258202,-43.94614960000001,1,1,1,2.0,165.77,1200.0,centro-sul,Santo Agostinho,12/08/18,None,None
334474,300000.0,,-19.8879713,-43.93550830000004,3,1,1,1.0,907.59,366.0,nordeste,Silveira,12/08/18,None,None
353412,300000.0,,-20.006106399999997,-44.01182949999998,3,2,1,2.0,150.0,200.0,barreiro,Urucuia,12/08/18,None,None
356955,300000.0,,-19.96806193200272,-43.968863838623065,4,2,1,2.0,95.0,280.0,oeste,Buritis,12/08/18,None,None
357115,300000.0,,-19.933064,-43.970590000000016,3,2,1,2.0,0.0,181.0,oeste,Barroca,12/08/18,None,None
358293,300000.0,,-19.9433311,-43.95045740000001,3,1,0,2.0,113.38,225.0,centro-sul,Cidade Jardim,12/08/18,None,None
358359,300000.0,,-19.8012976,-43.99329180000001,3,1,1,2.0,1.0,0.01,venda-nova,Lagoinha (venda Nova),12/08/18,None,None
358360,300000.0,,-19.8012976,-43.99329180000001,3,1,1,2.0,1.0,0.01,venda-nova,Lagoinha (venda Nova),12/08/18,None,None
358361,300000.0,,-19.8012976,-43.99329180000001,3,1,1,2.0,1.0,0.01,venda-nova,Lagoinha (venda Nova),12/08/18,None,None
358362,300000.0,,-19.8012976,-43.99329180000001,3,1,1,2.0,1.0,0.01,venda-nova,Lagoinha (venda Nova),12/08/18,None,None
358363,300000.0,,-19.8012976,-43.99329180000001,3,1,1,2.0,1.0,0.01,venda-nova,Lagoinha (venda Nova),12/08/18,None,None
359673,300000.0,,-19.894857100000003,-43.99694290000002,3,1,2,2.0,67.25,150.0,pampulha,Manacás,12/08/18,None,None
360779,300000.0,,-19.8291703,-43.9938386,3,1,1,2.0,695.0,200.0,venda-nova,Parque Leblon,12/08/18,None,None
361711,300000.0,,-19.9058757,-43.935027399999974,2,1,1,2.0,724.0,250.0,leste,Floresta,12/08/18,None,None
364087,300000.0,,-19.9326633,-43.972892,2,2,1,2.0,0.0,250.0,oeste,Nova Suíssa,12/08/18,None,None
366497,300000.0,,-19.9424669,-43.9134201,3,2,1,2.0,93.0,350.0,centro-sul,Serra,12/08/18,None,None
415955,300000.0,,-19.8337906,-43.95358720000002,3,2,1,2.0,82.0,295.0,norte,Planalto,12/08/18,None,None
729867,300000.0,,-19.9200568,-43.99031639999998,2,2,0,2.0,70.0,70.0,noroeste,Minas Brasil,12/08/18,None,None
803485,300000.0,,-19.9534333,-43.97589700000003,3,2,1,2.0,79.0,190.0,oeste,Havaí,12/08/18,None,None
844754,300000.0,,-19.930371,-43.99534700000004,3,2,1,2.0,58.47,250.0,noroeste,João Pinheiro,12/08/18,None,None
1529311,300000.0,,-19.996288500000002,-44.0110024,3,1,1,2.0,120.0,180.0,barreiro,Santa Cruz (barreiro),12/08/18,None,None
1632687,300000.0,,-19.910169,-43.93341600000002,2,1,0,2.0,75.85,200.0,leste,Floresta,12/08/18,None,None
1701413,300000.0,,-19.923473,-43.98916600000001,2,2,1,2.0,90.64,280.0,noroeste,Coração Eucarístico,12/08/18,None,None
1821141,300000.0,,-19.9231151,-43.9438692,2,1,0,1.0,60.1,599.5,centro-sul,Centro,12/08/18,None,None
1831635,300000.0,,-19.83792,-43.972155999999984,2,1,1,2.0,80.0,220.0,pampulha,Santa Amélia,12/08/18,None,None
1906080,300000.0,,-19.8944505,-43.936242799999995,3,2,1,2.0,114.0,320.0,nordeste,Renascença,12/08/18,None,None
1932070,300000.0,,-19.8645759,-43.95428979999997,2,2,1,2.0,85.0,220.0,pampulha,Liberdade,12/08/18,None,None
1932519,300000.0,,-19.8645759,-43.95428979999997,2,2,1,2.0,85.0,220.0,pampulha,Liberdade,12/08/18,None,None
2165364,300000.0,,-19.8807057,-43.998028600000005,2,2,1,2.0,91.09,150.0,pampulha,Castelo,12/08/18,None,None
3211763,300000.0,,-19.9312611,-43.94196139999997,1,1,0,2.0,54.74,550.0,centro-sul,Lourdes,12/08/18,None,None
3216297,300000.0,,-19.8702422,-43.939167,3,1,1,2.0,104.16,250.0,nordeste,Palmares,12/08/18,None,None
3234858,300000.0,,-19.871331299999998,-43.9926261,3,3,1,2.0,107.13,320.0,pampulha,Paquetá,12/08/18,None,None
3238681,300000.0,,-19.9150797,-43.934450999999974,3,2,1,2.0,102.0,350.0,leste,Floresta,12/08/18,None,None
3241675,300000.0,,-19.9310427,-43.97926889999997,3,1,0,2.0,27.37,200.0,oeste,Nova Suíssa,12/08/18,None,None
3242282,300000.0,,-19.896659,-43.93363999999997,2,2,1,2.0,119.91,400.0,leste,Graça,12/08/18,None,None
3243562,300000.0,,-19.8895867,-43.995597100000005,2,1,1,0.0,0.01,280.0,pampulha,Castelo,12/08/18,None,None
3245235,300000.0,,-19.883908399999996,-43.92131489999997,2,1,0,2.0,100.71,320.0,nordeste,União,12/08/18,None,None
3245740,300000.0,,-19.9388707,-43.95964609999999,3,2,0,2.0,0.0,290.0,oeste,Gutierrez,12/08/18,None,None
3245771,300000.0,,-19.94259,-43.96690790000002,3,2,1,2.0,129.0,300.0,oeste,Nova Granada,12/08/18,None,None
3246190,300000.0,,-19.945379,-43.92486099999997,1,1,1,2.0,1.0,800.0,centro-sul,Serra,12/08/18,None,None
3246652,300000.0,,-19.922080800000003,-43.94720050000001,2,3,0,2.0,0.0,436.63,centro-sul,Barro Preto,12/08/18,None,None
3246922,300000.0,,-19.9280319,-43.9819081,3,2,0,2.0,55.0,250.0,oeste,Calafate,12/08/18,None,None
3247537,300000.0,,-19.930582,-43.96973000000003,2,2,0,1.0,81.77,170.0,oeste,Barroca,12/08/18,None,None
3247839,300000.0,,-19.946497100000002,-43.940694399999984,3,1,1,1.0,123.99,250.0,centro-sul,Santo Antônio,12/08/18,None,None
3254346,300000.0,,-19.9388707,-43.95964609999999,3,2,0,3.0,0.0,290.0,oeste,Gutierrez,12/08/18,None,None
3256268,300000.0,,-19.9297712,-43.94291709999999,2,2,0,2.0,106.96,530.0,centro-sul,Lourdes,12/08/18,None,None
337247,301600.0,,-19.821828200000002,-43.98083159999999,3,2,1,2.0,10.0,10.0,venda-nova,Sinimbu,12/08/18,None,None
3237035,302000.0,,-19.8447071,-43.980573299999996,1,1,0,2.0,80.0,250.0,pampulha,Santa Amélia,12/08/18,None,None
337206,303200.0,,-19.820415,-43.98021489999997,3,2,1,2.0,10.0,10.0,venda-nova,Sinimbu,12/08/18,None,None
337456,303200.0,,-19.820415,-43.98021489999997,3,2,1,2.0,10.0,10.0,venda-nova,Sinimbu,12/08/18,None,None
343306,304000.0,,-19.975386999999998,-43.96811700000001,3,2,1,2.0,79.94,350.0,oeste,Buritis,12/08/18,None,None
63331,305000.0,,-19.976789399999998,-44.01972920000003,2,1,1,2.0,100.0,50.0,barreiro,Urucuia,12/08/18,None,None
162808,305000.0,,-19.9706615,-43.97005790000003,2,2,1,2.0,106.94,310.0,oeste,Buritis,12/08/18,None,None
168819,305000.0,,-19.874578500000002,-43.91926269999999,3,2,1,2.0,121.6,330.0,nordeste,Fernão Dias,12/08/18,None,None
331585,305000.0,,-19.974316199999997,-43.96343330000002,2,2,1,2.0,102.0,250.0,oeste,Buritis,12/08/18,None,None
343582,305000.0,,-19.9615431,-43.994394700000036,2,1,0,2.0,90.0,200.0,oeste,Palmeiras,12/08/18,None,None
353142,305000.0,,-19.9948191,-44.01206100000002,3,2,1,2.0,120.0,200.0,barreiro,Santa Cruz (barreiro),12/08/18,None,None
1681780,305000.0,,-19.8905729,-43.99793349999999,2,2,1,2.0,59.0,240.0,pampulha,Castelo,12/08/18,None,None
1807292,305000.0,,-19.899126000000003,-43.91610689999999,2,1,0,2.0,61.36,160.0,leste,Sagrada Família,12/08/18,None,None
2205901,305000.0,,-19.8800007,-43.99188129999999,3,2,1,2.0,125.29,320.0,pampulha,Paquetá,12/08/18,None,None
3240056,305000.0,,-19.8871794,-43.99541579999999,2,1,1,2.0,955.0,340.0,pampulha,Castelo,12/08/18,None,None
3249443,305000.0,,-19.9187711,-43.97859199999999,3,3,1,3.0,89.8,283.0,noroeste,Padre Eustáquio,12/08/18,None,None
3257055,305000.0,,-19.9596014,-43.9816027,2,1,0,2.0,69.7,280.0,oeste,Betânia,12/08/18,None,None
364581,305000.01,,-19.9434675,-43.97743709999998,3,3,1,2.0,98.0,350.0,oeste,Jardim América,12/08/18,None,None
337515,306100.0,,-19.8221272,-43.98094230000004,3,2,1,2.0,10.0,10.0,venda-nova,Sinimbu,12/08/18,None,None
337216,306200.0,,-19.8202133,-43.98105820000001,3,3,1,2.0,10.0,10.0,venda-nova,Sinimbu,12/08/18,None,None
337473,307600.0,,-19.8220302,-43.98094100000003,3,2,1,3.0,10.0,10.0,venda-nova,Sinimbu,12/08/18,None,None
364890,308000.0,,-19.9570583,-43.98361420000003,3,1,1,2.0,77.42,350.0,oeste,Betânia,12/08/18,None,None
246573,309000.0,,-19.9467801,-43.93688470000001,2,1,0,2.0,109.46,200.0,centro-sul,Sion,12/08/18,None,None
337433,309200.0,,-19.821703699999997,-43.98065659999998,3,2,1,2.0,10.0,10.0,venda-nova,Sinimbu,12/08/18,None,None
356935,309500.0,,-19.9349848,-43.96808149999998,2,2,0,2.0,107.29,450.0,oeste,Grajaú,12/08/18,None,None
1582006,309700.0,,-19.881807300000002,-43.927020899999995,1,1,0,2.0,1.0,1.0,nordeste,União,12/08/18,None,None
31322,310000.0,,-19.8286391,-43.96481770000002,3,1,0,2.0,88.17,250.0,pampulha,Santa Branca,12/08/18,None,None
39921,310000.0,,-19.9292451,-43.97535310000001,3,3,1,2.0,82.61,260.0,oeste,Nova Suíssa,12/08/18,None,None
43012,310000.0,,-19.8463408,-43.93836350000004,2,2,1,2.0,95.25,165.0,norte,Heliópolis,12/08/18,None,None
46121,310000.0,,-19.909412699999997,-43.97985940000001,2,2,0,2.0,54.75,200.0,noroeste,Monsenhor Messias,12/08/18,None,None
56113,310000.0,,-19.936509899999997,-43.92071599999997,2,1,0,1.0,0.0,200.0,centro-sul,Serra,12/08/18,None,None
129837,310000.0,,-19.9632979,-43.96458300000001,2,2,1,3.0,75.9,147.0,oeste,Estoril,12/08/18,None,None
146606,310000.0,,-19.9247781,-43.94167099999999,2,1,0,4.0,102.3,670.6,centro-sul,Centro,12/08/18,None,None
149173,310000.0,,-19.9598639,-43.97062469999997,3,1,1,4.0,78.87,315.0,oeste,Betânia,12/08/18,None,None
171653,310000.0,,-19.8868147,-44.0022133,3,1,1,3.0,107.0,260.0,pampulha,Castelo,12/08/18,None,None
203089,310000.0,,-19.8915651,-43.97222160000001,2,1,1,3.0,90.56,250.0,noroeste,Caiçaras,12/08/18,None,None
204938,310000.0,,-19.9268863,-43.98867949999999,3,3,1,3.0,95.46,250.0,noroeste,Coração Eucarístico,12/08/18,None,None
334742,310000.0,,-19.826972,-43.939065899999996,3,2,1,4.0,130.0,450.0,norte,Jardim Guanabara,12/08/18,None,None
340249,310000.0,,-19.9148954,-43.98961500000002,2,1,0,3.0,94.23,230.0,noroeste,Padre Eustáquio,12/08/18,None,None
344870,310000.0,,-19.927034699999997,-43.91503280000001,2,2,0,2.0,103.54,300.0,leste,São Lucas,12/08/18,None,None
349140,310000.0,,-19.9680366,-43.970762000000036,3,2,1,2.0,78.18,450.0,oeste,Buritis,12/08/18,None,None
353409,310000.0,,-20.006106399999997,-44.01182949999998,3,2,1,2.0,150.0,200.0,barreiro,Urucuia,12/08/18,None,None
353448,310000.0,,-20.0065926,-44.01243790000001,3,2,1,3.0,150.0,200.0,barreiro,Urucuia,12/08/18,None,None
353470,310000.0,,-20.005945800000003,-44.01185320000002,3,2,1,3.0,150.0,200.0,barreiro,Urucuia,12/08/18,None,None
353790,310000.0,,-19.8710067,-43.982227800000025,3,1,1,2.0,87.85,285.0,pampulha,Ouro Preto,12/08/18,None,None
364919,310000.0,,-19.885763,-43.932927800000016,3,2,0,3.0,118.18,300.0,nordeste,Ipiranga,12/08/18,None,None
365200,310000.0,,-19.902928,-43.96166949999997,2,2,1,4.0,80.0,250.0,noroeste,Nova Esperança,12/08/18,None,None
367155,310000.0,,-19.9012581,-43.93628239999998,2,1,0,3.0,93.65,250.0,nordeste,Concórdia,12/08/18,None,None
419900,310000.0,,-19.9440014,-43.97352050000001,2,2,0,3.0,81.92,275.0,oeste,Jardim América,12/08/18,None,None
949578,310000.0,,-19.885145,-43.91900900000002,3,3,1,3.0,93.7,180.0,nordeste,União,12/08/18,None,None
977594,310000.0,,-19.8998686,-43.93015550000001,2,2,1,3.0,98.27,435.0,leste,Graça,12/08/18,None,None
1526750,310000.0,,-19.844596399999997,-43.98122810000001,3,1,1,3.0,72.0,260.0,pampulha,Jardim Atlântico,12/08/18,None,None
1584619,310000.0,,-19.889484,-44.00928199999999,2,2,1,3.0,75.0,280.0,pampulha,Serrano,12/08/18,None,None
1690144,310000.0,,-19.888147,-43.99476200000004,3,1,1,3.0,1083.49,530.0,pampulha,Castelo,12/08/18,None,None
1836333,310000.0,,-19.916998800000002,-43.98563939999997,2,2,1,3.0,99.35,180.0,noroeste,Padre Eustáquio,12/08/18,None,None
1975492,310000.0,,-19.9342648,-43.9802378,2,2,0,4.0,0.0,300.0,oeste,Nova Suíssa,12/08/18,None,None
2876941,310000.0,,-19.892152199999998,-43.92070189999998,3,2,0,4.0,87.03,310.0,leste,Sagrada Família,12/08/18,None,None
3236330,310000.0,,-19.9332643,-43.969708399999995,3,1,0,4.0,59.0,220.0,oeste,Barroca,12/08/18,None,None
3245873,310000.0,,-19.881186,-43.916382,3,2,1,4.0,112.51,322.54,nordeste,União,12/08/18,None,None
3248275,310000.0,,-19.8726843,-43.920967099999984,3,1,0,4.0,102.0,170.0,nordeste,Fernão Dias,12/08/18,None,None
3251719,310000.0,,-19.8679462,-43.950719299999996,2,1,1,4.0,70.0,210.0,pampulha,Jaraguá,12/08/18,None,None
3252223,310000.0,,-19.8516534,-43.93168029999998,2,2,0,4.0,84.62,380.0,norte,Minaslândia (P Maio),12/08/18,None,None
3256835,310000.0,,-19.8301863,-43.98819950000001,2,1,0,4.0,67.37,164.46,venda-nova,Jardim Leblon,12/08/18,None,None
3257474,310000.0,,-19.8861599,-43.925442100000005,2,1,0,4.0,130.0,250.0,leste,Cidade Nova,12/08/18,None,None
337175,311950.0,,-19.820415,-43.98021489999997,3,2,1,4.0,10.0,10.0,venda-nova,Sinimbu,12/08/18,None,None
338154,312000.0,,-19.903570000000002,-43.97147480000001,3,0,0,4.0,56.0,190.0,noroeste,Caiçaras,12/08/18,None,None
337458,312200.0,,-19.8234268,-43.98148079999999,3,2,1,4.0,10.0,10.0,venda-nova,Sinimbu,12/08/18,None,None
3253172,313000.0,,-19.945332999999998,-43.977443,2,2,1,4.0,112.15,200.0,oeste,Salgado Filho,12/08/18,None,None
1582107,313500.0,,-19.881807300000002,-43.927020899999995,1,1,0,3.0,1.0,1.0,nordeste,União,12/08/18,None,None
2334353,314000.0,,-19.8130201,-43.95850029999997,3,1,1,3.0,0.0,350.0,venda-nova,Venda Nova,12/08/18,None,None
6242,315000.0,,-19.8915815,-43.904967899999974,3,1,0,2.0,162.31,185.0,leste,Santa Inês,12/08/18,None,None
54939,315000.0,,-19.9186567,-43.93584120000003,1,1,1,2.0,98.0,614.0,centro-sul,Centro,12/08/18,None,None
338147,315000.0,,-19.889635000000002,-43.90716170000002,2,2,1,2.0,108.27,250.0,leste,Santa Inês,12/08/18,None,None
361955,315000.0,,-19.9462452,-43.9869908,3,2,1,1.0,1.0,1.0,oeste,Salgado Filho,12/08/18,None,None
415519,315000.0,,-19.8765208,-43.992309799999994,3,2,1,2.0,70.0,330.0,pampulha,Castelo,12/08/18,None,None
1535919,315000.0,,-19.925264399999996,-43.91007200000002,2,2,0,2.0,87.0,300.0,centro-sul,Santa Efigênia,12/08/18,None,None
1888993,315000.0,,-19.8436935,-43.97246239999998,3,1,1,2.0,0.0,212.0,pampulha,Santa Amélia,12/08/18,None,None
1897854,315000.0,,-19.9237172,-43.91210490000003,2,1,0,2.0,75.79,280.0,centro-sul,Santa Efigênia,12/08/18,None,None
3234339,315000.0,,-19.8395923,-43.98820230000001,3,2,1,1.0,78.83,300.0,pampulha,Santa Amélia,12/08/18,None,None
3247508,315000.0,,-19.891819,-43.99090569999999,2,1,0,1.0,60.0,150.0,pampulha,Paquetá,12/08/18,None,None
3249926,315000.0,,-19.888747,-43.99606499999999,2,2,1,1.0,101.0,200.0,pampulha,Castelo,12/08/18,None,None
3250318,315000.0,,-19.890433899999998,-43.93079799999998,4,2,1,0.0,113.0,410.0,nordeste,Silveira,12/08/18,None,None
3253287,315000.0,,-19.97426,-43.977735300000006,2,1,0,1.0,75.0,450.0,oeste,Buritis,12/08/18,None,None
3253534,315000.0,,-19.840059,-43.94661880000001,3,1,0,1.0,71.33,270.0,norte,Planalto,12/08/18,None,None
7028,318000.0,,-19.899007,-43.92849100000001,3,1,0,1.0,86.82,180.0,leste,Graça,12/08/18,None,None
47625,318000.0,,-19.8952373,-43.92524639999999,2,1,0,1.0,171.0,290.0,leste,Sagrada Família,12/08/18,None,None
129317,318000.0,,-19.895386399999996,-43.9975546,3,1,1,2.0,137.24,650.0,pampulha,Manacás,12/08/18,None,None
157541,318000.0,,-19.9938978,-44.01560960000001,3,2,1,1.0,150.0,200.0,barreiro,Diamante,12/08/18,None,None
163954,318000.0,,-19.9403988,-43.91372330000002,2,1,0,1.0,94.2,220.0,centro-sul,Serra,12/08/18,None,None
341599,318000.0,,-19.941836,-43.91474900000003,2,1,0,2.0,53.18,290.0,centro-sul,Serra,12/08/18,None,None
348648,318000.0,,-19.8982983,-43.93218460000003,2,1,0,2.0,106.07,300.0,leste,Graça,12/08/18,None,None
1582003,318715.5,,-19.881807300000002,-43.927020899999995,1,1,0,2.0,1.0,1.0,nordeste,União,12/08/18,None,None
17851,319000.0,,-19.929671799999998,-43.97158460000003,3,1,0,2.0,53.93,280.0,oeste,Prado,12/08/18,None,None
129276,319000.0,,-19.856313600000004,-43.91312689999995,2,2,0,3.0,71.18,180.0,nordeste,São Gabriel,12/08/18,None,None
3257899,319000.0,,-19.9666828,-43.98133519999999,3,1,1,2.0,82.37,170.0,oeste,Palmeiras,12/08/18,None,None
3112736,319200.0,,-19.881807300000002,-43.927020899999995,1,1,0,2.0,1.0,1.0,nordeste,União,12/08/18,None,None
7324,320000.0,,-19.9723842,-43.97174489999998,3,2,1,2.0,75.0,360.0,oeste,Buritis,12/08/18,None,None
12781,320000.0,,-19.9091372,-44.00108449999999,3,2,0,3.0,40.12,200.0,noroeste,Ipanema,12/08/18,None,None
13758,320000.0,,-19.9175003,-43.90432999999996,3,2,0,3.0,42.23,300.0,centro-sul,Santa Efigênia,12/08/18,None,None
22442,320000.0,,-19.826912399999998,-43.945456199999974,3,2,1,3.0,60.0,240.0,norte,Planalto,12/08/18,None,None
32319,320000.0,,-19.8942212,-43.95074299999999,3,1,1,1.0,80.0,380.0,noroeste,São Cristóvão,12/08/18,None,None
36780,320000.0,,-19.92529,-43.98914000000002,2,1,0,1.0,75.36,260.0,noroeste,Coração Eucarístico,12/08/18,None,None
38373,320000.0,,-19.930915600000002,-44.0012026,2,1,0,2.0,64.15,250.0,noroeste,João Pinheiro,12/08/18,None,None
40050,320000.0,,-19.8845878,-43.98283659999999,2,1,1,3.0,76.0,280.0,pampulha,Ouro Preto,12/08/18,None,None
40224,320000.0,,-19.8301642,-43.96656469999999,3,2,1,1.0,127.0,250.0,venda-nova,São João Batista,12/08/18,None,None
40225,320000.0,,-19.8301642,-43.96656469999999,3,2,1,0.0,127.0,250.0,venda-nova,São João Batista,12/08/18,None,None
49590,320000.0,,-19.850463,-43.94092699999999,3,3,1,2.0,90.0,100.0,norte,São Bernardo,12/08/18,None,None
54758,320000.0,,-19.8831299,-44.00563390000002,2,2,1,3.0,73.47,436.0,pampulha,Castelo,12/08/18,None,None
63321,320000.0,,-19.9027067,-43.93051850000001,3,2,1,2.0,133.15,335.0,leste,Graça,12/08/18,None,None
134877,320000.0,,-19.906626199999998,-43.94263669999998,3,2,0,0.0,78.29,175.0,nordeste,Lagoinha,12/08/18,None,None
135188,320000.0,,-19.9209417,-43.97869539999999,3,2,0,1.0,72.0,180.0,noroeste,Padre Eustáquio,12/08/18,None,None
147879,320000.0,,-19.946313500000002,-43.97756659999999,2,1,0,1.0,68.34,223.0,oeste,Salgado Filho,12/08/18,None,None
148039,320000.0,,-19.940465399999997,-43.95657540000002,3,1,0,1.0,79.5,330.0,oeste,Jardim América,12/08/18,None,None
148257,320000.0,,-19.951274100000003,-43.93768109999996,2,2,1,1.0,190.0,550.0,centro-sul,Sion,12/08/18,None,None
158091,320000.0,,-19.879869600000003,-44.01431880000001,3,1,1,1.0,97.0,250.0,pampulha,Serrano,12/08/18,None,None
159515,320000.0,,-19.8286608,-43.99381549999998,3,1,1,1.0,90.0,120.0,pampulha,Copacabana,12/08/18,None,None
161393,320000.0,,-19.87131,-43.922312000000026,3,2,1,0.0,99.76,350.0,nordeste,Fernão Dias,12/08/18,None,None
164830,320000.0,,-19.8966453,-43.933628000000006,2,2,1,1.0,230.25,350.0,leste,Graça,12/08/18,None,None
165506,320000.0,,-19.9356538,-43.96784589999999,3,2,0,1.0,64.75,196.0,oeste,Gutierrez,12/08/18,None,None
167414,320000.0,,-19.906660443552102,-43.93496667678221,3,1,0,1.0,335000.0,280.0,leste,Floresta,12/08/18,None,None
168883,320000.0,,-19.8929218,-43.91224339999997,3,1,0,1.0,63.12,230.0,leste,Santa Inês,12/08/18,None,None
218870,320000.0,,-19.934209399999997,-43.97185519999999,2,1,0,1.0,81.95,150.0,oeste,Grajaú,12/08/18,None,None
244821,320000.0,,-19.9207546,-43.9724119,3,1,0,1.0,111.83,250.0,noroeste,Padre Eustáquio,12/08/18,None,None
306267,320000.0,,-19.929323999999998,-43.98156399999999,3,2,0,1.0,71.23,250.0,oeste,Nova Suíssa,12/08/18,None,None
325500,320000.0,,-19.823731,-43.96672000000001,3,2,1,1.0,82.91,30.0,venda-nova,São João Batista,12/08/18,None,None
338862,320000.0,,-19.927644,-43.96117589999999,3,2,1,1.0,73.98,90.0,oeste,Prado,12/08/18,None,None
340088,320000.0,,-19.877053600000004,-43.99405899999999,3,1,1,1.0,85.0,335.0,pampulha,Castelo,12/08/18,None,None
342453,320000.0,,-19.9389816,-43.92618579999999,1,1,1,0.0,215.0,800.0,centro-sul,Serra,12/08/18,None,None
343411,320000.0,,-19.8461978,-43.93547749999999,3,2,1,0.0,103.0,450.0,norte,Heliópolis,12/08/18,None,None
344103,320000.0,,-19.926306399999998,-43.94118029999999,2,2,1,1.0,0.0,536.0,centro-sul,Santo Agostinho,12/08/18,None,None
345771,320000.0,,-19.893245800000003,-43.97125749999998,3,2,0,1.0,105.0,250.0,noroeste,Caiçaras,12/08/18,None,None
347815,320000.0,,-19.9261119,-43.98975889999997,2,1,0,1.0,95.0,300.0,noroeste,Coração Eucarístico,12/08/18,None,None
350876,320000.0,,-19.8279533,-43.939916400000016,3,2,1,1.0,96.01,317.0,norte,Jardim Guanabara,12/08/18,None,None
354233,320000.0,,-19.8987758,-44.00992930000001,3,2,1,1.0,97.0,1.0,noroeste,Nossa Senhora da Glória,12/08/18,None,None
354411,320000.0,,-19.9341389,-43.98029400000002,2,2,1,1.0,75.56,350.0,oeste,Nova Suíssa,12/08/18,None,None
357014,320000.0,,-19.9423746,-43.96469460000003,3,3,1,1.0,68.69,220.0,oeste,Nova Granada,12/08/18,None,None
360843,320000.0,,-19.933865,-43.970373,3,1,0,1.0,40.0,100.0,oeste,Grajaú,12/08/18,None,None
362156,320000.0,,-19.9058414,-43.95935969999999,3,1,0,0.0,83.37,250.0,noroeste,Santo André,12/08/18,None,None
366373,320000.0,,-19.930751899999997,-43.91359439999997,3,3,1,0.0,101.84,264.0,leste,São Lucas,12/08/18,None,None
366641,320000.0,,-19.928743,-43.91673800000001,3,1,0,2.0,0.0,350.0,leste,São Lucas,12/08/18,None,None
367896,320000.0,,-19.9570583,-43.98361420000003,3,1,1,1.0,84.04,350.0,oeste,Betânia,12/08/18,None,None
396826,320000.0,,-19.9898241,-43.989371300000016,3,1,0,1.0,76.5,107.0,barreiro,Milionários,12/08/18,None,None
518280,320000.0,,-19.881449,-43.9219549,3,2,1,2.0,110.0,300.0,nordeste,União,12/08/18,None,None
1307731,320000.0,,-19.9128579,-43.93268449999999,3,2,1,2.0,58.33,325.0,leste,Floresta,12/08/18,None,None
1574530,320000.0,,-19.925195600000002,-43.91671229999997,3,1,0,2.0,87.0,300.0,centro-sul,Santa Efigênia,12/08/18,None,None
1623952,320000.0,,-19.875779100000003,-43.99368870000001,3,1,1,2.0,120.0,475.0,pampulha,Castelo,12/08/18,None,None
1667357,320000.0,,-19.8934592,-43.9982205,3,2,1,1.0,0.0,250.0,pampulha,Manacás,12/08/18,None,None
1701817,320000.0,,-19.9124233,-43.92033909999998,2,1,0,1.0,99.0,390.0,leste,Santa Tereza,12/08/18,None,None
1825768,320000.0,,-19.8989936,-43.99627650000002,3,1,1,1.0,93.03,240.0,pampulha,Manacás,12/08/18,None,None
1837367,320000.0,,-19.925608800000003,-43.907456300000035,3,2,1,1.0,87.66,280.0,leste,Paraíso,12/08/18,None,None
1924913,320000.0,,-19.8382771,-43.95492009999998,2,2,0,1.0,64.81,70.0,pampulha,Itapoã,12/08/18,None,None
2111257,320000.0,,-19.9277163,-43.91165160000003,2,1,0,1.0,115.0,330.0,leste,São Lucas,12/08/18,None,None
2231351,320000.0,,-19.8976085,-43.91647369999998,3,1,1,1.0,97.0,264.0,leste,Sagrada Família,12/08/18,None,None
2495755,320000.0,,-19.894444,-44.00005120000003,3,2,1,1.0,75.0,195.0,pampulha,Manacás,12/08/18,None,None
2702634,320000.0,,-19.931525652016486,-43.918600916918926,2,2,0,1.0,95.08,220.0,leste,São Lucas,12/08/18,None,None
2879802,320000.0,,-19.915860000000002,-43.97660399999995,3,1,0,1.0,85.0,280.0,noroeste,Padre Eustáquio,12/08/18,None,None
3213129,320000.0,,-19.9696829,-43.96903370000001,4,2,1,1.0,105.31,300.0,oeste,Estoril,12/08/18,None,None
3229149,320000.0,,-19.9333609,-43.919649799999995,2,1,1,2.0,104.46,400.0,leste,São Lucas,12/08/18,None,None
3233858,320000.0,,-19.932649100000003,-43.98081769999999,2,2,1,1.0,67.0,280.0,oeste,Nova Suíssa,12/08/18,None,None
3234892,320000.0,,-19.877497,-43.981550999999975,3,1,1,1.0,953.0,380.0,pampulha,Ouro Preto,12/08/18,None,None
3236977,320000.0,,-19.922999,-43.98981500000002,2,2,1,1.0,79.0,230.0,noroeste,Coração Eucarístico,12/08/18,None,None
3240936,320000.0,,-19.872785600000004,-43.92202910000003,3,1,1,1.0,110.0,400.0,nordeste,Fernão Dias,12/08/18,None,None
3243430,320000.0,,-19.909412,-43.92481699999996,3,2,1,1.0,107.49,293.93,leste,Sagrada Família,12/08/18,None,None
3244257,320000.0,,-19.8676335,-43.94963469999999,2,1,1,1.0,75.0,130.0,pampulha,Universitário,12/08/18,None,None
3246923,320000.0,,-19.891210100000002,-43.99856820000002,2,1,1,1.0,0.01,392.0,pampulha,Manacás,12/08/18,None,None
3247484,320000.0,,-19.951055899999997,-43.9776708,3,3,1,0.0,99.89,30.0,oeste,Havaí,12/08/18,None,None
3255213,320000.0,,-19.9952822,-44.020628200000026,3,1,1,0.0,102.37,250.0,barreiro,Diamante,12/08/18,None,None
3255694,320000.0,,-19.951178,-43.93765300000001,2,1,0,1.0,188.0,450.0,centro-sul,Sion,12/08/18,None,None
3256452,320000.0,,-19.9233877,-43.93720300000001,3,2,0,2.0,55.22,400.0,centro-sul,Centro,12/08/18,None,None
3235041,321000.0,,-19.888220899999997,-43.89988600000004,2,2,1,2.0,104.0,110.0,leste,Boa Vista,12/08/18,None,None
3112735,322724.5,,-19.881807300000002,-43.927020899999995,1,1,0,1.0,1.0,1.0,nordeste,União,12/08/18,None,None
17821,325000.0,,-19.900851,-43.97215,3,1,1,2.0,91.38,200.0,noroeste,Caiçaras,12/08/18,None,None
127327,325000.0,,-19.845322600000003,-43.938973000000026,2,2,1,1.0,80.0,240.0,norte,Heliópolis,12/08/18,None,None
148964,325000.0,,-19.9249479,-43.90491559999998,3,2,1,1.0,75.49,200.0,leste,Paraíso,12/08/18,None,None
339374,325000.0,,-19.8802949,-44.01062089999999,3,1,0,2.0,70.0,150.0,pampulha,Serrano,12/08/18,None,None
341304,325000.0,,-19.896536800000003,-43.9278094,2,2,1,1.0,111.15,330.0,leste,Cidade Nova,12/08/18,None,None
353489,325000.0,,-19.8917523,-43.9243634,3,2,0,1.0,116.65,305.0,leste,Cidade Nova,12/08/18,None,None
362306,325000.0,,-19.9028579,-43.92694560000001,3,2,1,1.0,118.0,260.0,leste,Sagrada Família,12/08/18,None,None
363528,325000.0,,-19.896504699999998,-43.9983044,3,2,1,2.0,93.88,350.0,pampulha,Manacás,12/08/18,None,None
364933,325000.0,,-19.9371556,-43.97855319999997,3,3,1,2.0,69.49,600.0,oeste,Nova Suíssa,12/08/18,None,None
3247466,325000.0,,-19.892725600000002,-43.99608940000002,2,2,1,1.0,118.27,180.0,pampulha,Manacás,12/08/18,None,None
60666,326550.0,,-19.8115136,-43.97526040000002,3,1,1,2.0,40.0,287.0,venda-nova,Candelária,12/08/18,None,None
157407,327000.0,,-19.8137464,-43.9751794,3,1,1,1.0,86.0,290.0,venda-nova,Candelária,12/08/18,None,None
3234383,328000.0,,-19.892916,-43.93117440000003,3,1,0,2.0,120.46,370.0,nordeste,Silveira,12/08/18,None,None
39210,329000.0,,-19.9824104,-43.97996999999998,3,1,1,2.0,65.0,350.0,oeste,Buritis,12/08/18,None,None
357123,329000.0,,-19.926865399999997,-43.968996,3,1,0,2.0,59.84,200.0,oeste,Prado,12/08/18,None,None
721781,329900.0,,-19.8749449,-43.991935600000026,3,2,1,2.0,110.0,230.0,pampulha,Paquetá,12/08/18,None,None
51102,330000.0,,-19.8621622,-43.93848000000003,2,1,2,1.0,30.0,120.0,pampulha,Dona Clara,12/08/18,None,None
56568,330000.0,,-19.9354485,-44.02076620000002,2,1,1,1.0,50.0,340.0,noroeste,Camargos,12/08/18,None,None
62850,330000.0,,-19.889623699999998,-44.00011110000003,3,1,1,2.0,88.68,340.0,pampulha,Castelo,12/08/18,None,None
143226,330000.0,,-19.9198345,-43.940002700000036,3,1,0,1.0,0.0,535.0,centro-sul,Centro,12/08/18,None,None
151150,330000.0,,-19.904719699999998,-43.94019420000001,3,1,0,1.0,65.0,180.0,nordeste,Lagoinha,12/08/18,None,None
151783,330000.0,,-19.876640300000002,-44.00770090000003,3,1,1,1.0,50.0,110.0,pampulha,Serrano,12/08/18,None,None
158779,330000.0,,-19.909009,-44.00208500000002,3,1,0,1.0,78.0,200.0,noroeste,Ipanema,12/08/18,None,None
161527,330000.0,,-19.872023100000003,-43.9204006,3,2,1,2.0,90.0,320.0,nordeste,Fernão Dias,12/08/18,None,None
163123,330000.0,,-19.9900119,-44.019024899999984,2,1,0,2.0,64.0,280.0,barreiro,Teixeira Dias,12/08/18,None,None
168186,330000.0,,-19.935762399999998,-43.92770259999998,3,1,1,2.0,124.0,260.0,leste,São Lucas,12/08/18,None,None
337271,330000.0,,-19.845093600000002,-43.976085600000026,3,1,1,2.0,65.0,240.0,pampulha,Santa Branca,12/08/18,None,None
339656,330000.0,,-19.921966100000002,-43.91146730000003,2,2,0,2.0,77.27,500.0,centro-sul,Santa Efigênia,12/08/18,None,None
343620,330000.0,,-19.961627,-43.99458090000002,2,2,0,2.0,150.0,200.0,oeste,Palmeiras,12/08/18,None,None
352196,330000.0,,-19.9224763,-44.00545360000001,2,2,1,2.0,100.0,150.0,noroeste,Dom Bosco,12/08/18,None,None
352197,330000.0,,-19.9225742,-44.00544179999997,2,2,1,2.0,100.0,150.0,noroeste,Dom Bosco,12/08/18,None,None
359857,330000.0,,-19.9423302,-43.98109290000002,2,2,1,2.0,130.0,150.0,oeste,Salgado Filho,12/08/18,None,None
363321,330000.0,,-19.9207422,-43.98527969999998,3,2,1,2.0,96.36,300.0,noroeste,Padre Eustáquio,12/08/18,None,None
365153,330000.0,,-19.8619926,-43.95567870000002,2,1,1,1.0,85.0,450.0,pampulha,Liberdade,12/08/18,None,None
514817,330000.0,,-19.9825933,-44.01779870000002,3,2,1,1.0,136.36,200.0,barreiro,Barreiro,12/08/18,None,None
753617,330000.0,,-19.916663,-43.99249639999999,2,2,1,2.0,103.73,320.0,noroeste,Minas Brasil,12/08/18,None,None
1696757,330000.0,,-19.9708277,-43.94220869999998,3,1,1,2.0,97.0,280.0,noroeste,Ipanema,12/08/18,None,None
1743231,330000.0,,-19.925905,-43.9462307,1,1,1,1.0,180.31,1200.0,centro-sul,Santo Agostinho,12/08/18,None,None
1863255,330000.0,,-19.966781,-43.973374000000035,3,2,1,1.0,0.0,300.0,oeste,Havaí,12/08/18,None,None
1977891,330000.0,,-19.8898379,-44.0009857,2,1,0,2.0,849.0,100.0,pampulha,Castelo,12/08/18,None,None
2092147,330000.0,,-19.886036999999998,-44.00399190000002,3,1,1,2.0,80.0,240.0,pampulha,Manacás,12/08/18,None,None
2737918,330000.0,,-19.8987461,-43.92899560000001,2,2,0,1.0,131.0,448.0,leste,Graça,12/08/18,None,None
2814781,330000.0,,-19.9209536,-43.940647300000016,3,1,1,1.0,127.41,650.0,centro-sul,Centro,12/08/18,None,None
2985523,330000.0,,-19.9006257,-43.98036969999998,3,2,1,2.0,106.81,270.0,noroeste,Caiçaras,12/08/18,None,None
3215116,330000.0,,-19.9004841,-44.00682660000001,2,1,1,2.0,90.0,250.0,noroeste,Primavera,12/08/18,None,None
3215119,330000.0,,-19.9004841,-44.00682660000001,2,1,1,3.0,90.0,250.0,noroeste,Primavera,12/08/18,None,None
3215123,330000.0,,-19.9004841,-44.00682660000001,2,1,1,2.0,80.0,250.0,noroeste,Primavera,12/08/18,None,None
3233640,330000.0,,-19.936991,-43.9746457,3,3,1,2.0,99.0,300.0,oeste,Nova Suíssa,12/08/18,None,None
3234602,330000.0,,-19.895978699999997,-43.92266280000001,2,2,0,2.0,114.72,480.0,leste,Sagrada Família,12/08/18,None,None
3235999,330000.0,,-19.912391,-43.93264429999999,3,2,1,2.0,94.99,230.0,leste,Floresta,12/08/18,None,None
3239339,330000.0,,-19.923357,-43.96682629999998,3,3,1,2.0,123.6,350.0,oeste,Prado,12/08/18,None,None
3242001,330000.0,,-19.938204000000002,-43.974329099999984,2,2,1,2.0,104.81,486.0,oeste,Nova Suíssa,12/08/18,None,None
3243978,330000.0,,-19.8690218,-43.918449700000004,4,3,1,2.0,94.06,150.0,nordeste,Fernão Dias,12/08/18,None,None
3244121,330000.0,,-19.8968949,-43.92152140000002,3,2,1,2.0,100.0,200.0,leste,Sagrada Família,12/08/18,None,None
3244808,330000.0,,-19.8721345,-43.92034319999999,3,1,1,2.0,110.0,362.0,nordeste,Fernão Dias,12/08/18,None,None
3245222,330000.0,,-19.8858972,-43.939950700000004,3,1,1,2.0,826.77,358.43,nordeste,Renascença,12/08/18,None,None
3248784,330000.0,,-19.8557242,-43.95706310000003,2,2,1,2.0,90.82,285.57,pampulha,Pampulha,12/08/18,None,None
3248935,330000.0,,-19.876635500000003,-43.995114100000016,3,1,1,1.0,80.0,300.0,pampulha,Castelo,12/08/18,None,None
3253887,330000.0,,-19.9468476,-43.97302239999999,3,2,1,1.0,80.0,250.0,oeste,Jardim América,12/08/18,None,None
3255342,330000.0,,-19.920650600000002,-43.94058660000002,3,1,0,2.0,138.0,330.0,centro-sul,Centro,12/08/18,None,None
3255899,330000.0,,-19.916998800000002,-43.98563939999997,2,2,1,2.0,83.0,340.0,noroeste,Padre Eustáquio,12/08/18,None,None
3256372,330000.0,,-19.963956,-43.97738979999997,3,1,1,2.0,75.0,280.0,oeste,Palmeiras,12/08/18,None,None
3257017,330000.0,,-19.903238,-43.90412400000002,2,1,0,2.0,69.63,200.0,leste,Esplanada,12/08/18,None,None
3257096,330000.0,,-19.9338701,-43.9702504,3,1,1,2.0,89.4,300.0,oeste,Barroca,12/08/18,None,None
3258246,330000.0,,-19.9900119,-44.019024899999984,2,1,0,2.0,64.0,280.0,barreiro,Teixeira Dias,12/08/18,None,None
3258247,330000.0,,-19.9900119,-44.019024899999984,2,1,0,3.0,64.0,280.0,barreiro,Teixeira Dias,12/08/18,None,None
3258445,330000.0,,-19.9151703,-43.98723200000001,2,3,1,3.0,95.71,303.43,noroeste,Padre Eustáquio,12/08/18,None,None
3246785,333000.0,,-19.872345199999998,-43.9513346,3,2,1,2.0,96.0,470.0,pampulha,São Francisco,12/08/18,None,None
363091,334440.0,,-19.935547,-43.929664,1,1,1,1.0,115.0,250.0,centro-sul,Funcionários,12/08/18,None,None
337148,334800.0,,-19.820415,-43.98021489999997,3,2,1,2.0,10.0,10.0,venda-nova,Sinimbu,12/08/18,None,None
124651,335000.0,,-19.9778242,-43.96765389999996,2,2,1,2.0,94.13,350.0,oeste,Buritis,12/08/18,None,None
137731,335000.0,,-19.911740899999998,-43.99019529999998,3,2,1,2.0,100.0,160.0,noroeste,Padre Eustáquio,12/08/18,None,None
142885,335000.0,,-19.8979209,-43.932008,2,2,1,3.0,104.76,300.0,leste,Graça,12/08/18,None,None
157228,335000.0,,-19.981235100000003,-43.9783314,3,2,1,2.0,80.38,320.0,oeste,Buritis,12/08/18,None,None
325982,335000.0,,-19.9449114,-43.96459709999999,3,1,1,3.0,77.83,250.0,oeste,Nova Granada,12/08/18,None,None
347685,335000.0,,-19.906931,-43.93706980000002,3,2,1,2.0,76.71,300.0,leste,Floresta,12/08/18,None,None
352348,335000.0,,-19.838434799999998,-43.9805945,3,2,1,3.0,0.01,200.0,pampulha,Santa Amélia,12/08/18,None,None
354084,335000.0,,-19.922302399999996,-44.010234200000006,3,2,1,2.0,150.0,315.0,noroeste,Conjunto Califórnia,12/08/18,None,None
3249729,335000.0,,-19.8342076,-43.92810939999998,3,1,1,2.0,73.06,50.0,norte,Tupi,12/08/18,None,None
363092,335760.0,,-19.935547,-43.929664,1,1,1,2.0,115.0,250.0,centro-sul,Funcionários,12/08/18,None,None
163130,336000.0,,-19.9900119,-44.019024899999984,2,1,0,2.0,64.0,280.0,barreiro,Teixeira Dias,12/08/18,None,None
1588426,339000.0,,-19.927425399999997,-43.96596940000001,3,2,0,2.0,61.39,350.0,oeste,Prado,12/08/18,None,None
39046,339900.0,,-19.8869114,-43.99853329999996,2,1,0,2.0,90.0,200.0,pampulha,Castelo,12/08/18,None,None
348915,339900.0,,-19.8774849,-43.99624540000002,3,1,1,3.0,110.0,300.0,pampulha,Castelo,12/08/18,None,None
7166,340000.0,,-19.942874,-43.947823200000016,1,1,1,2.0,59.48,496.73,centro-sul,Santo Antônio,12/08/18,None,None
46319,340000.0,,-19.8306475,-43.9714535,3,2,1,2.0,1.0,250.0,pampulha,Santa Mônica,12/08/18,None,None
63293,340000.0,,-19.9027797,-43.961139,2,2,1,2.0,87.49,270.0,noroeste,Santo André,12/08/18,None,None
66853,340000.0,,-19.8934572,-43.99656060000001,2,2,0,2.0,88.0,230.0,pampulha,Manacás,12/08/18,None,None
132568,340000.0,,-19.86761,-43.98520020000001,3,1,1,2.0,90.0,300.0,pampulha,Ouro Preto,12/08/18,None,None
141307,340000.0,,-19.873622199999996,-43.98599330000002,3,1,1,3.0,170.0,775.0,pampulha,Ouro Preto,12/08/18,None,None
151603,340000.0,,-19.8861283,-44.004224300000025,3,1,1,3.0,100.0,280.0,pampulha,Castelo,12/08/18,None,None
158410,340000.0,,-19.892903699999998,-43.9311672,4,2,1,2.0,100.13,260.0,nordeste,Silveira,12/08/18,None,None
160998,340000.0,,-19.875672899999998,-43.93348679999997,3,1,0,3.0,75.02,245.0,nordeste,Palmares,12/08/18,None,None
171854,340000.0,,-19.8372288,-43.9802345,3,2,1,3.0,91.81,180.0,pampulha,Santa Amélia,12/08/18,None,None
276230,340000.0,,-19.9342269,-43.96635730000003,3,1,0,0.0,0.0,200.0,oeste,Barroca,12/08/18,None,None
306719,340000.0,,-19.912789899999996,-43.9982445,3,2,1,2.0,99.46,270.0,noroeste,Ipanema,12/08/18,None,None
340057,340000.0,,-19.9243578,-43.941574599999974,1,1,0,2.0,60.18,411.75,centro-sul,Lourdes,12/08/18,None,None
344986,340000.0,,-19.927218399999997,-43.97686090000002,3,1,1,4.0,96.53,220.0,oeste,Nova Suíssa,12/08/18,None,None
347812,340000.0,,-19.900378,-43.92979969999999,3,1,0,5.0,66.23,250.0,leste,Graça,12/08/18,None,None
350239,340000.0,,-19.8301146,-43.99461150000002,3,1,1,3.0,70.0,100.0,venda-nova,Jardim Leblon,12/08/18,None,None
354663,340000.0,,-19.9342913,-43.934671400000006,1,1,1,2.0,280.0,1440.0,centro-sul,Funcionários,12/08/18,None,None
357542,340000.0,,-19.9752658,-43.9745542,3,2,1,3.0,100.75,300.0,oeste,Buritis,12/08/18,None,None
360297,340000.0,,-19.9606497,-43.99391789999999,2,1,0,2.0,150.0,200.0,oeste,Palmeiras,12/08/18,None,None
363342,340000.0,,-19.9413904,-43.97919109999998,3,2,0,3.0,75.0,250.0,oeste,Salgado Filho,12/08/18,None,None
365247,340000.0,,-19.894545,-43.99702400000001,3,2,1,3.0,80.71,300.0,pampulha,Manacás,12/08/18,None,None
365852,340000.0,,-19.9382375,-43.98150440000001,3,1,0,3.0,84.0,250.0,oeste,Nova Suíssa,12/08/18,None,None
722402,340000.0,,-19.8987442,-43.92580399999997,2,2,1,1.0,112.49,150.0,leste,Sagrada Família,12/08/18,None,None
834866,340000.0,,-19.8868878,-43.99851049999995,2,1,1,1.0,110.0,250.0,pampulha,Castelo,12/08/18,None,None
1464444,340000.0,,-19.896857,-43.922536000000036,3,2,1,1.0,121.0,610.0,leste,Sagrada Família,12/08/18,None,None
1582310,340000.0,,-19.9696829,-43.96903370000001,3,2,1,1.0,119.21,440.41,oeste,Buritis,12/08/18,None,None
1616166,340000.0,,-19.9936962,-43.97382340000002,3,2,0,1.0,50.0,0.01,barreiro,Milionários,12/08/18,None,None
1624913,340000.0,,-19.972986,-43.97143399999999,2,2,1,1.0,1.0,1.0,oeste,Buritis,12/08/18,None,None
1674518,340000.0,,-19.8827931,-43.998259099999984,3,1,1,1.0,98.0,250.0,pampulha,Castelo,12/08/18,None,None
1839055,340000.0,,-19.881604199999998,-44.007881,3,1,1,1.0,120.0,400.0,pampulha,Serrano,12/08/18,None,None
1843897,340000.0,,-19.8693776,-43.97990720000002,3,1,1,1.0,95.0,190.0,pampulha,Ouro Preto,12/08/18,None,None
2537424,340000.0,,-19.862329199999998,-43.9452427,3,1,1,1.0,918.54,200.0,pampulha,Santa Rosa,12/08/18,None,None
2855355,340000.0,,-19.958987399999998,-43.982351799999996,3,0,0,0.0,84.0,315.0,oeste,Cinquentenário,12/08/18,None,None
3196297,340000.0,,-19.896659,-43.93363999999997,2,1,0,1.0,103.0,230.0,nordeste,Silveira,12/08/18,None,None
3216883,340000.0,,-19.985752800000004,-44.03051319999997,3,2,1,0.0,0.0,200.0,barreiro,Diamante,12/08/18,None,None
3233643,340000.0,,-19.9112423,-43.93557550000003,3,1,0,0.0,76.14,270.0,leste,Floresta,12/08/18,None,None
3235433,340000.0,,-19.938187399999997,-43.9719025,2,1,1,1.0,69.03,235.0,oeste,Nova Granada,12/08/18,None,None
3236411,340000.0,,-19.927551,-43.995145999999984,3,2,0,1.0,80.36,400.0,noroeste,Dom Cabral,12/08/18,None,None
3240611,340000.0,,-19.8609288,-43.94275600000003,2,1,1,0.0,83.81,270.0,pampulha,Dona Clara,12/08/18,None,None
3241001,340000.0,,-19.9634668,-43.95386669999999,2,1,1,0.0,170.75,250.0,centro-sul,São Bento,12/08/18,None,None
3244078,340000.0,,-19.913554100000002,-43.98792100000003,3,3,1,0.0,90.0,270.0,noroeste,Padre Eustáquio,12/08/18,None,None
3244628,340000.0,,-19.916922,-43.96067099999999,2,2,0,1.0,80.0,200.0,noroeste,Padre Eustáquio,12/08/18,None,None
3247299,340000.0,,-19.8752685,-43.933448,3,2,1,1.0,100.62,310.0,nordeste,Palmares,12/08/18,None,None
3248743,340000.0,,-19.9304065,-43.97196539999999,3,1,1,1.0,840.0,300.0,oeste,Prado,12/08/18,None,None
3249386,340000.0,,-19.978585100000004,-43.973408000000006,3,2,1,1.0,100.0,290.0,oeste,Buritis,12/08/18,None,None
3251261,340000.0,,-19.903019600000004,-43.96669989999998,2,1,0,1.0,82.0,288.0,leste,Sagrada Família,12/08/18,None,None
3251270,340000.0,,-19.897872,-43.92010399999998,3,3,1,1.0,120.88,250.0,leste,Sagrada Família,12/08/18,None,None
3251882,340000.0,,-19.842540300000003,-43.96498600000001,3,3,1,1.0,91.0,330.0,pampulha,Itapoã,12/08/18,None,None
1889045,340450.0,,-19.8787582,-43.9957278,2,1,1,1.0,120.0,200.0,pampulha,Castelo,12/08/18,None,None
340695,343000.0,,-19.9204927,-43.98525519999998,3,3,1,1.0,114.69,200.0,noroeste,Padre Eustáquio,12/08/18,None,None
338920,344000.0,,-19.891206399999998,-43.930999499999984,3,2,1,1.0,123.25,370.0,nordeste,Silveira,12/08/18,None,None
1134394,344500.0,,-19.8782389,-43.9955349,2,1,1,1.0,100.0,180.0,pampulha,Manacás,12/08/18,None,None
16643,345000.0,,-19.935973100000002,-43.91883280000002,3,1,0,1.0,90.0,290.0,centro-sul,Serra,12/08/18,None,None
63036,345000.0,,-19.883056699999997,-44.00623100000002,3,1,1,1.0,137.0,428.81,pampulha,Serrano,12/08/18,None,None
158670,345000.0,,-19.8797536,-43.92794749999996,3,3,1,1.0,106.72,250.0,nordeste,União,12/08/18,None,None
160390,345000.0,,-19.900729600000002,-43.97537829999999,3,3,1,1.0,70.0,235.0,noroeste,Caiçaras,12/08/18,None,None
202195,345000.0,,-19.9430521,-43.95514109999999,3,2,1,1.0,210.0,400.0,centro-sul,Luxemburgo,12/08/18,None,None
348359,345000.0,,-19.8752438,-43.98006580000003,3,2,1,1.0,102.0,200.0,pampulha,Ouro Preto,12/08/18,None,None
364533,345000.0,,-19.9570583,-43.98361420000003,3,1,1,1.0,84.08,350.0,oeste,Palmeiras,12/08/18,None,None
365516,345000.0,,-19.8275495,-43.97531279999998,2,2,1,1.0,1.0,1.0,pampulha,Santa Mônica,12/08/18,None,None
375288,345000.0,,-19.9652848,-43.983351899999995,3,2,1,2.0,0.0,150.0,oeste,Palmeiras,12/08/18,None,None
1787173,345000.0,,-19.9307456,-43.91261500000002,3,3,1,2.0,99.93,382.86,leste,São Lucas,12/08/18,None,None
3248938,345000.0,,-19.89043,-44.00016040000003,2,2,1,2.0,127.0,240.0,pampulha,Manacás,12/08/18,None,None
3249220,345000.0,,-19.887963100000004,-43.89430730000004,3,2,1,2.0,92.85,250.0,leste,Santa Inês,12/08/18,None,None
157555,348000.0,,-19.9971572,-44.01730789999999,3,2,1,1.0,150.0,200.0,barreiro,Diamante,12/08/18,None,None
29171,349000.0,,-19.8773448,-43.98312060000001,3,2,1,2.0,0.01,300.0,pampulha,Ouro Preto,12/08/18,None,None
351041,349000.0,,-19.941041600000002,-43.96881300000001,3,3,1,2.0,103.54,200.0,oeste,Nova Granada,12/08/18,None,None
351344,349000.0,,-19.8748134,-43.99157779999996,3,2,1,2.0,70.0,450.0,pampulha,Ouro Preto,12/08/18,None,None
412044,349000.0,,-19.86761,-43.98520020000001,3,1,1,1.0,780.0,350.0,pampulha,Ouro Preto,12/08/18,None,None
1113361,349000.0,,-19.936260600000004,-43.96768900000001,3,2,0,2.0,83.0,481.51,oeste,Barroca,12/08/18,None,None
1617255,349000.0,,-19.879658399999997,-43.99109220000002,3,2,0,2.0,100.0,250.0,pampulha,Paquetá,12/08/18,None,None
2705201,349000.0,,-19.969077300000002,-43.96887500000002,3,1,1,2.0,113.65,440.0,oeste,Buritis,12/08/18,None,None
3239748,349000.0,,-19.9792365,-43.96582380000001,3,1,1,2.0,148.32,380.0,oeste,Buritis,12/08/18,None,None
3237998,349900.0,,-19.8924245,-43.99904340000001,2,2,0,2.0,1175.0,220.0,pampulha,Manacás,12/08/18,None,None
5749,350000.0,,-19.891649899999997,-43.92700589999998,3,1,0,2.0,113.0,240.0,leste,Cidade Nova,12/08/18,None,None
6699,350000.0,,-19.9287179,-43.91150429999999,3,3,1,1.0,48.75,250.0,leste,São Lucas,12/08/18,None,None
7520,350000.0,,-19.8840548,-43.91802569999999,2,2,1,1.0,149.0,600.0,nordeste,União,12/08/18,None,None
20229,350000.0,,-19.9152654,-43.94412249999999,3,1,0,2.0,7511.0,430.0,centro-sul,Centro,12/08/18,None,None
38202,350000.0,,-19.9358527,-43.9746399,3,3,1,2.0,95.52,350.0,oeste,Nova Suíssa,12/08/18,None,None
41434,350000.0,,-19.9892591,-43.99661149999997,3,2,0,2.0,67.16,19800809.12,barreiro,Diamante,12/08/18,None,None
49027,350000.0,,-19.9486234,-43.9427718,3,2,1,2.0,99.35,550.0,centro-sul,Santo Antônio,12/08/18,None,None
49696,350000.0,,-19.950518399999996,-43.94414340000003,2,2,1,2.0,122.4,56.0,centro-sul,Santo Antônio,12/08/18,None,None
57098,350000.0,,-19.8397287,-43.98297630000002,4,2,1,2.0,60.0,190.0,pampulha,Santa Amélia,12/08/18,None,None
57288,350000.0,,-19.9870853,-44.00716260000002,3,1,1,2.0,46.0,120.0,barreiro,Milionários,12/08/18,None,None
57306,350000.0,,-19.987095999999998,-44.00718799999999,3,1,1,2.0,46.0,120.0,barreiro,Milionários,12/08/18,None,None
67100,350000.0,,-19.947246,-43.92090129999997,1,0,1,2.0,106.67,700.0,centro-sul,Serra,12/08/18,None,None
128936,350000.0,,-19.9029495,-43.9795239,3,1,1,2.0,77.44,340.0,norte,Adelaide,12/08/18,None,None
129692,350000.0,,-19.8727703,-43.99094760000003,3,1,1,2.0,70.0,400.0,pampulha,Ouro Preto,12/08/18,None,None
134734,350000.0,,-19.828554999999998,-43.94013799999999,3,2,1,2.0,106.0,400.0,norte,Jardim Guanabara,12/08/18,None,None
139628,350000.0,,-19.897478600000003,-43.95096849999999,4,1,2,2.0,64.2,250.0,noroeste,São Cristóvão,12/08/18,None,None
148885,350000.0,,-19.912251100000002,-43.9299431,3,1,0,2.0,51.0,250.0,leste,Floresta,12/08/18,None,None
160675,350000.0,,-19.9548354,-43.97613079999997,3,1,1,2.0,100.0,280.0,oeste,Havaí,12/08/18,None,None
164064,350000.0,,-19.8881128,-43.99456120000002,3,1,1,2.0,92.23,440.0,pampulha,Castelo,12/08/18,None,None
172934,350000.0,,-19.856815,-43.950266,2,2,0,2.0,70.0,410.0,pampulha,Liberdade,12/08/18,None,None
207788,350000.0,,-19.9493997,-43.93881820000002,2,2,1,2.0,0.01,220.0,centro-sul,São Pedro,12/08/18,None,None
310883,350000.0,,-19.9352549,-43.9798836,3,3,1,2.0,59.82,200.0,oeste,Nova Suíssa,12/08/18,None,None
332250,350000.0,,-19.9515107,-43.92445370000002,2,1,0,2.0,95.85,320.0,centro-sul,Anchieta,12/08/18,None,None
336073,350000.0,,-19.989507,-44.01686699999999,2,1,0,2.0,0.0,10.0,barreiro,Teixeira Dias,12/08/18,None,None
336415,350000.0,,-19.9623502,-43.972992100000006,2,1,0,2.0,0.0,190.0,oeste,Havaí,12/08/18,None,None
336680,350000.0,,-19.8693715,-43.9194407,3,2,1,2.0,97.5,180.0,nordeste,Fernão Dias,12/08/18,None,None
343657,350000.0,,-19.919274800000004,-43.94306619999998,2,2,0,2.0,0.0,339.0,centro-sul,Centro,12/08/18,None,None
344562,350000.0,,-19.857283300000002,-43.95922669999999,3,2,1,2.0,80.0,350.0,pampulha,Aeroporto,12/08/18,None,None
346243,350000.0,,-19.945817899999998,-43.94631709999999,1,1,1,2.0,59.48,496.73,centro-sul,Santo Antônio,12/08/18,None,None
349753,350000.0,,-19.9202375,-43.91105949999997,3,2,1,2.0,120.39,325.0,centro-sul,Santa Efigênia,12/08/18,None,None
350718,350000.0,,-19.920510999999998,-44.00653199999999,3,2,0,2.0,72.0,450.0,noroeste,Conjunto Califórnia,12/08/18,None,None
354283,350000.0,,-19.898138,-44.01013180000001,3,2,1,2.0,97.0,1.0,noroeste,Nossa Senhora da Glória,12/08/18,None,None
358339,350000.0,,-19.8012976,-43.99329180000001,3,1,1,2.0,1.0,0.01,venda-nova,Lagoinha (venda Nova),12/08/18,None,None
361296,350000.0,,-19.941105899999997,-43.97636249999999,3,2,1,3.0,93.41,196.0,oeste,Jardim América,12/08/18,None,None
362820,350000.0,,-19.8894542,-43.92094559999998,3,1,1,3.0,1598.57,550.0,nordeste,União,12/08/18,None,None
364198,350000.0,,-19.888139300000002,-43.99629370000002,3,1,1,2.0,95.0,250.0,pampulha,Castelo,12/08/18,None,None
411405,350000.0,,-19.897923199999997,-43.93202659999997,2,1,0,2.0,1095.74,300.0,nordeste,Nova Floresta,12/08/18,None,None
496069,350000.0,,-19.8833623,-43.99621189999999,3,1,1,2.0,140.0,250.0,pampulha,Castelo,12/08/18,None,None
624360,350000.0,,-19.889434299999998,-43.9413447,3,1,1,2.0,452.96,250.0,nordeste,Renascença,12/08/18,None,None
974005,350000.0,,-19.939125,-43.961615,4,2,1,1.0,129.64,350.0,oeste,Gutierrez,12/08/18,None,None
1601207,350000.0,,-19.941043399999998,-43.96974969999997,2,2,0,1.0,141.65,247.0,oeste,Nova Granada,12/08/18,None,None
1602243,350000.0,,-19.9411098,-43.91891190000001,3,2,0,2.0,102.0,350.0,centro-sul,Serra,12/08/18,None,None
1613681,350000.0,,-19.895386399999996,-43.9975546,3,1,1,2.0,160.0,630.0,pampulha,Manacás,12/08/18,None,None
1615970,350000.0,,-19.889059699999997,-43.99925200000001,3,1,1,3.0,110.0,320.0,pampulha,Castelo,12/08/18,None,None
1743214,350000.0,,-19.883734,-44.00166100000001,3,1,1,2.0,110.0,250.0,pampulha,Castelo,12/08/18,None,None
1783692,350000.0,,-19.926835699999998,-43.91725359999998,3,3,1,2.0,150.0,400.0,centro-sul,Santa Efigênia,12/08/18,None,None
1797976,350000.0,,-19.9411862,-43.9170097,2,1,0,2.0,115.65,308.68,centro-sul,Serra,12/08/18,None,None
1819323,350000.0,,-19.876717000000003,-43.98106799999999,3,2,1,2.0,93.52,370.0,pampulha,Ouro Preto,12/08/18,None,None
1844587,350000.0,,-19.9228367,-43.9797936,2,2,0,2.0,63.0,250.0,noroeste,Padre Eustáquio,12/08/18,None,None
2093155,350000.0,,-19.8791717,-44.00478829999997,3,2,1,2.0,100.0,300.0,pampulha,Castelo,12/08/18,None,None
2097583,350000.0,,-19.8889094,-43.99612819999999,3,3,1,2.0,111.44,250.0,pampulha,Castelo,12/08/18,None,None
2109373,350000.0,,-19.9032103,-43.92454499999997,3,1,0,2.0,87.0,335.0,leste,Sagrada Família,12/08/18,None,None
2802362,350000.0,,-19.9008675,-43.97740759999999,3,1,0,2.0,89.55,308.0,noroeste,Caiçaras,12/08/18,None,None
3213203,350000.0,,-19.870983600000002,-43.93353769999999,3,3,1,2.0,146.83,300.0,nordeste,Palmares,12/08/18,None,None
3236329,350000.0,,-19.993989000000003,-44.022880999999984,4,3,1,3.0,113.0,200.0,barreiro,Diamante,12/08/18,None,None
3238503,350000.0,,-19.905169,-43.90339230000001,3,1,1,2.0,93.54,195.0,leste,Pompéia,12/08/18,None,None
3238812,350000.0,,-19.934101199999997,-43.956907900000026,3,3,2,2.0,116.0,250.0,oeste,Gutierrez,12/08/18,None,None
3240214,350000.0,,-19.921047199999997,-43.91410180000002,3,1,0,2.0,103.88,260.0,centro-sul,Santa Efigênia,12/08/18,None,None
3241215,350000.0,,-19.8782913,-44.01063820000002,3,1,1,3.0,10.0,200.0,pampulha,Serrano,12/08/18,None,None
3241223,350000.0,,-19.8782913,-44.01063820000002,3,1,1,3.0,10.0,200.0,pampulha,Serrano,12/08/18,None,None
3244542,350000.0,,-19.936991,-43.9746457,3,3,1,4.0,120.0,300.0,oeste,Nova Suíssa,12/08/18,None,None
3244686,350000.0,,-19.9218285,-43.94822239999996,2,1,0,2.0,0.0,700.0,centro-sul,Barro Preto,12/08/18,None,None
3245554,350000.0,,-19.8748134,-43.99157779999996,3,1,1,2.0,70.0,450.0,pampulha,Ouro Preto,12/08/18,None,None
3249648,350000.0,,-19.8744755,-43.99394580000001,3,1,1,2.0,70.0,450.0,pampulha,Ouro Preto,12/08/18,None,None
3250050,350000.0,,-19.901234699999996,-43.9282235,3,1,0,2.0,77.0,505.0,nordeste,Silveira,12/08/18,None,None
3251603,350000.0,,-19.9283789,-43.91796269999998,3,3,1,2.0,95.0,300.0,leste,São Lucas,12/08/18,None,None
3253442,350000.0,,-19.833021,-43.967247999999984,3,1,1,3.0,108.28,400.0,pampulha,Santa Branca,12/08/18,None,None
3253724,350000.0,,-19.921268899999998,-43.968074099999974,2,2,1,4.0,91.17,260.0,oeste,Prado,12/08/18,None,None
3253796,350000.0,,-19.983618300000003,-44.01091750000001,3,2,1,4.0,170.0,200.0,barreiro,Santa Helena (barreiro),12/08/18,None,None
3255134,350000.0,,-19.8858972,-43.939950700000004,3,2,1,3.0,87.0,310.0,nordeste,Renascença,12/08/18,None,None
3255157,350000.0,,-19.8973118,-43.99817630000001,2,1,1,2.0,100.0,250.0,pampulha,Manacás,12/08/18,None,None
3255830,350000.0,,-19.9181458,-43.9674531,3,1,0,4.0,60.0,450.0,noroeste,Padre Eustáquio,12/08/18,None,None
3256877,350000.0,,-19.944180300000003,-43.95170930000001,3,1,0,2.0,131.76,303.73,centro-sul,Luxemburgo,12/08/18,None,None
3256879,350000.0,,-19.8279533,-43.939916400000016,3,2,1,2.0,86.0,263.0,norte,Jardim Guanabara,12/08/18,None,None
3258264,350000.0,,-19.9149796,-43.92966309999997,3,2,0,3.0,114.0,250.0,leste,Floresta,12/08/18,None,None
3249947,353000.0,,-19.9374396,-43.97797309999999,3,2,1,1.0,84.1,340.0,oeste,Nova Suíssa,12/08/18,None,None
3250871,353000.0,,-19.952844,-43.97664700000002,3,1,0,1.0,120.0,250.0,oeste,Havaí,12/08/18,None,None
31401,355000.0,,-19.903433399999997,-43.97034710000002,3,3,1,1.0,72.61,350.0,noroeste,Caiçaras,12/08/18,None,None
54237,355000.0,,-19.9484466,-43.94621119999999,2,2,1,1.0,106.59,430.0,centro-sul,Santo Antônio,12/08/18,None,None
129237,355000.0,,-19.906626199999998,-43.94263669999998,3,1,1,1.0,72.0,180.0,nordeste,Lagoinha,12/08/18,None,None
154461,355000.0,,-19.8447259,-43.93751180000004,2,1,1,1.0,0.01,0.01,norte,Heliópolis,12/08/18,None,None
338871,355000.0,,-19.8943712,-43.9295123,2,2,0,1.0,104.0,338.0,nordeste,Silveira,12/08/18,None,None
353313,355000.0,,-20.0054236,-44.01178329999999,2,2,1,1.0,1.5,200.0,barreiro,Urucuia,12/08/18,None,None
2760288,355000.0,,-19.9498973,-43.95552550000002,2,2,1,1.0,230.25,867.5,centro-sul,Luxemburgo,12/08/18,None,None
3236441,355000.0,,-19.8742517,-43.90284450000002,3,2,0,1.0,165.56,150.0,nordeste,Goiânia,12/08/18,None,None
3238521,355000.0,,-19.9392128,-43.98127090000003,3,3,1,2.0,58.5,250.0,oeste,Salgado Filho,12/08/18,None,None
3256817,355000.0,,-19.933055,-43.97353799999996,3,3,1,2.0,98.0,350.0,oeste,Nova Suíssa,12/08/18,None,None
2089525,356000.0,,-19.9124638,-43.92467210000001,2,2,1,2.0,128.9,495.0,leste,Santa Tereza,12/08/18,None,None
363093,357192.0,,-19.935547,-43.929664,1,1,1,2.0,115.0,250.0,centro-sul,Funcionários,12/08/18,None,None
363090,358620.0,,-19.935547,-43.929664,1,1,1,2.0,115.0,250.0,centro-sul,Funcionários,12/08/18,None,None
36183,359000.0,,-19.804699600000003,-43.98149699999999,3,2,1,2.0,1.0,1.0,venda-nova,Venda Nova,12/08/18,None,None
55208,359000.0,,-19.8760098,-43.93221619999997,3,2,1,2.0,77.05,267.0,nordeste,Palmares,12/08/18,None,None
209004,359000.0,,-19.935554,-43.9685791,3,2,1,3.0,118.78,212.0,oeste,Grajaú,12/08/18,None,None
331411,359000.0,,-19.8741391,-43.955943100000006,3,2,1,3.0,104.43,160.0,pampulha,São Francisco,12/08/18,None,None
3211325,359000.0,,-19.980502100000002,-44.02450620000002,3,1,1,3.0,99.28,220.0,barreiro,Barreiro,12/08/18,None,None
3216970,359000.0,,-19.862384261746488,-43.9401361481323,3,2,1,2.0,78.13,293.03,pampulha,Dona Clara,12/08/18,None,None
3247446,359000.0,,-19.8963224,-43.9316068,3,2,1,2.0,73.0,200.0,nordeste,Nova Floresta,12/08/18,None,None
3209580,359900.0,,-19.9426118,-43.97370999999998,3,3,2,2.0,75.59,260.0,oeste,Jardim América,12/08/18,None,None
9250,360000.0,,-19.901345499999998,-43.9714803,3,3,1,3.0,58.73,300.0,noroeste,Caiçaras,12/08/18,None,None
13475,360000.0,,-19.8854352,-43.99460550000003,3,1,1,2.0,98.0,250.0,pampulha,Castelo,12/08/18,None,None
23357,360000.0,,-19.882755,-43.927276000000006,2,1,0,1.0,99.86,285.0,nordeste,União,12/08/18,None,None
41963,360000.0,,-19.922723,-43.936861799999996,3,1,0,1.0,89.0,384.0,centro-sul,Centro,12/08/18,None,None
42294,360000.0,,-19.9582032,-43.94485829999997,3,2,1,1.0,163.83,240.0,centro-sul,Santa Lúcia,12/08/18,None,None
63671,360000.0,,-19.9367359,-43.977644,3,3,1,1.0,92.0,280.0,oeste,Nova Suíssa,12/08/18,None,None
64556,360000.0,,-19.9310969,-43.9152651,2,1,0,1.0,60.68,300.0,leste,São Lucas,12/08/18,None,None
129583,360000.0,,-19.8993443,-43.89330459999997,2,2,0,1.0,100.0,225.0,leste,São Geraldo,12/08/18,None,None
138626,360000.0,,-19.857877600000002,-43.9592346,3,1,1,1.0,80.95,250.0,pampulha,São Luiz (pampulha),12/08/18,None,None
141320,360000.0,,-19.873622199999996,-43.98599330000002,3,1,1,0.0,170.0,775.0,pampulha,Ouro Preto,12/08/18,None,None
148112,360000.0,,-19.857681600000003,-43.9592427,3,1,1,1.0,80.95,250.0,pampulha,São Luiz,12/08/18,None,None
158192,360000.0,,-19.894852800000002,-43.998177500000004,3,2,1,2.0,146.27,580.0,pampulha,Manacás,12/08/18,None,None
161651,360000.0,,-19.8738247,-43.91571149999999,3,2,1,2.0,99.09,260.0,nordeste,Fernão Dias,12/08/18,None,None
164518,360000.0,,-19.8700072,-43.997569,3,1,1,2.0,104.0,380.0,pampulha,Paquetá,12/08/18,None,None
172698,360000.0,,-19.919174899999998,-43.98183349999999,3,2,0,2.0,83.35,300.0,noroeste,Padre Eustáquio,12/08/18,None,None
175062,360000.0,,-19.922314800000002,-43.946081700000036,3,2,0,2.0,100.0,400.0,centro-sul,Barro Preto,12/08/18,None,None
192441,360000.0,,-19.8728883,-43.99259900000004,3,2,1,2.0,100.87,250.0,pampulha,Paquetá,12/08/18,None,None
336515,360000.0,,-19.8918997,-43.93095640000002,3,2,1,1.0,140.0,300.0,nordeste,Silveira,12/08/18,None,None
338104,360000.0,,-19.8819633,-43.932542600000026,2,2,1,1.0,78.0,400.0,nordeste,Renascença,12/08/18,None,None
338327,360000.0,,-19.9751893,-44.017542899999974,3,1,1,1.0,1138.56,300.0,barreiro,Barreiro,12/08/18,None,None
344903,360000.0,,-19.9409621,-43.95900670000003,3,2,0,0.0,112.0,600.0,oeste,Grajaú,12/08/18,None,None
355889,360000.0,,-19.9335516,-43.96712460000003,3,3,1,0.0,0.0,300.0,oeste,Barroca,12/08/18,None,None
363952,360000.0,,-19.9273152,-43.9257978,3,2,0,0.0,130.49,150.0,centro-sul,Santa Efigênia,12/08/18,None,None
365670,360000.0,,-19.990811100000002,-44.0425027,3,1,1,1.0,101.32,120.0,barreiro,Tirol,12/08/18,None,None
367426,360000.0,,-19.9480005,-43.92169490000003,3,1,0,2.0,108.0,400.0,centro-sul,Cruzeiro,12/08/18,None,None
373920,360000.0,,-19.8818242,-43.98238730000003,3,3,1,2.0,107.0,300.0,pampulha,Ouro Preto,12/08/18,None,None
634578,360000.0,,-19.922462600000003,-43.91537649999998,3,1,0,2.0,102.9,421.0,centro-sul,Santa Efigênia,12/08/18,None,None
1617607,360000.0,,-19.9252242,-43.940304800000035,3,2,0,1.0,94.58,460.0,centro-sul,Centro,12/08/18,None,None
1746891,360000.0,,-19.930817899999997,-43.9138706,4,2,1,3.0,117.21,365.0,leste,São Lucas,12/08/18,None,None
1796046,360000.0,,-19.9554659,-43.968461299999994,3,2,1,2.0,113.51,500.0,oeste,Estoril,12/08/18,None,None
1831857,360000.0,,-19.901975699999998,-43.97936659999999,3,2,1,1.0,112.0,460.0,noroeste,Caiçaras,12/08/18,None,None
2190777,360000.0,,-19.9261615,-43.99167560000001,3,2,1,1.0,108.38,350.0,noroeste,Coração Eucarístico,12/08/18,None,None
2223719,360000.0,,-19.9201253,-43.97604760000002,3,2,1,1.0,110.0,470.0,noroeste,Padre Eustáquio,12/08/18,None,None
3234119,360000.0,,-19.8398665,-43.98891449999997,3,1,1,1.0,50.0,50.0,pampulha,Jardim Atlântico,12/08/18,None,None
3234478,360000.0,,-19.8867342,-44.00213229999997,3,3,1,1.0,103.22,300.0,pampulha,Castelo,12/08/18,None,None
3235159,360000.0,,-19.870788600000004,-43.99310839999998,2,1,0,1.0,95.0,250.0,pampulha,Paquetá,12/08/18,None,None
3235201,360000.0,,-19.926429000000002,-43.990163,3,3,1,1.0,125.0,400.0,noroeste,Coração Eucarístico,12/08/18,None,None
3235223,360000.0,,-19.8292648,-43.939471399999995,3,2,1,1.0,100.0,350.0,norte,Jardim Guanabara,12/08/18,None,None
3235758,360000.0,,-19.9286056,-43.9388859,1,1,1,1.0,99.81,484.34,centro-sul,Lourdes,12/08/18,None,None
3246839,360000.0,,-19.88908,-43.998062,3,1,1,1.0,97.9,320.0,pampulha,Castelo,12/08/18,None,None
3246883,360000.0,,-19.881521,-44.01011590000002,3,1,1,1.0,115.0,280.0,pampulha,Serrano,12/08/18,None,None
3248363,360000.0,,-19.898239999999998,-43.92287999999997,3,1,0,1.0,121.48,460.0,leste,Sagrada Família,12/08/18,None,None
3248462,360000.0,,-19.9082773,-43.97962510000002,3,3,1,1.0,170.87,330.0,noroeste,Padre Eustáquio,12/08/18,None,None
3250644,360000.0,,-19.843376899999996,-43.97974720000002,3,1,0,0.0,97.0,120.0,pampulha,Jardim Atlântico,12/08/18,None,None
3253502,360000.0,,-19.944221399999996,-43.97544949999997,3,2,1,1.0,86.4,270.0,oeste,Jardim América,12/08/18,None,None
3253539,360000.0,,-19.924727100000002,-43.995921700000004,3,2,1,1.0,74.64,600.0,noroeste,Dom Cabral,12/08/18,None,None
3255328,360000.0,,-19.976585600000003,-43.97472019999998,3,2,1,1.0,215.21,1271.0,oeste,Buritis,12/08/18,None,None
3257940,360000.0,,-19.9493547,-43.957051200000016,2,2,1,1.0,260.0,650.0,centro-sul,Luxemburgo,12/08/18,None,None
124924,361702.13,,-19.9381026,-43.97553419999997,3,1,1,1.0,522.18,415.0,oeste,Nova Suíssa,12/08/18,None,None
1631909,362000.0,,-19.8951111,-43.9328673,3,3,1,1.0,178.47,480.0,nordeste,Silveira,12/08/18,None,None
1581397,362700.0,,-19.827740300000002,-43.96423809999999,3,1,1,1.0,39.45,75.0,venda-nova,São João Batista,12/08/18,None,None
1581704,362700.0,,-19.827740300000002,-43.96423809999999,2,1,1,1.0,39.45,75.0,venda-nova,São João Batista,12/08/18,None,None
36074,365000.0,,-19.8468302,-43.8631863,2,2,1,1.0,90.0,256.0,leste,Floresta,12/08/18,None,None
167252,365000.0,,-19.925948,-43.99103200000002,3,2,1,1.0,111.04,693.0,noroeste,Coração Eucarístico,12/08/18,None,None
172851,365000.0,,-19.9714697,-43.97334309999997,2,1,1,1.0,76.52,150.0,oeste,Buritis,12/08/18,None,None
343783,365000.0,,-19.9811262,-44.01772870000002,3,1,1,1.0,180.0,200.0,barreiro,Barreiro de Baixo,12/08/18,None,None
356928,365000.0,,-19.940987300000003,-43.96449849999999,3,3,1,1.0,169.0,450.0,oeste,Gutierrez,12/08/18,None,None
363831,365000.0,,-19.932579,-43.966819999999984,3,3,1,1.0,80.0,350.0,oeste,Gutierrez,12/08/18,None,None
366552,365000.0,,-19.8230309,-43.99516879999999,3,3,1,1.0,70.0,150.0,venda-nova,Parque Leblon,12/08/18,None,None
1526232,365000.0,,-19.889592,-44.000006600000006,2,1,1,1.0,1300.0,220.0,pampulha,Castelo,12/08/18,None,None
1624527,365000.0,,-19.889060999999998,-43.92320000000001,3,2,1,1.0,131.06,300.0,leste,Cidade Nova,12/08/18,None,None
3235519,365000.0,,-19.868436399999997,-44.00348650000001,2,2,1,1.0,90.0,180.0,pampulha,Santa Terezinha,12/08/18,None,None
3237106,365000.0,,-19.9136169,-43.92201069999999,3,2,1,1.0,109.35,220.0,leste,Santa Tereza,12/08/18,None,None
3237692,365000.0,,-19.871670899999998,-43.93315110000003,2,1,1,1.0,1200.0,300.0,nordeste,Palmares,12/08/18,None,None
3257890,365000.0,,-19.924997899999997,-43.940009100000005,2,2,0,1.0,115.0,506.0,centro-sul,Centro,12/08/18,None,None
3240998,365819.0,,-19.8736421,-43.98998890000002,3,2,1,1.0,0.01,346.0,pampulha,Ouro Preto,12/08/18,None,None
344553,367000.0,,-19.907166600000004,-43.929564899999995,2,1,1,1.0,98.37,240.0,leste,Floresta,12/08/18,None,None
2739147,369000.0,,-19.9008675,-43.97740759999999,3,1,0,1.0,89.0,308.0,noroeste,Caiçaras,12/08/18,None,None
3237968,369000.0,,-19.940098499999998,-43.96794690000002,3,3,1,1.0,68.0,320.0,oeste,Gutierrez,12/08/18,None,None
15593,370000.0,,-19.890999,-43.997188,2,1,1,1.0,138.0,154.0,pampulha,Manacás,12/08/18,None,None
27515,370000.0,,-19.939296,-43.960422,3,3,1,1.0,117.0,280.0,oeste,Gutierrez,12/08/18,None,None
56022,370000.0,,-19.9405371,-43.93214469999998,3,1,0,1.0,78.0,350.0,centro-sul,Carmo,12/08/18,None,None
67478,370000.0,,-19.915018,-43.98567460000004,3,3,1,1.0,77.52,350.0,noroeste,Padre Eustáquio,12/08/18,None,None
133629,370000.0,,-19.923517699999998,-43.937328500000035,3,2,0,1.0,84.05,390.0,centro-sul,Centro,12/08/18,None,None
140694,370000.0,,-19.925904,-43.97800940000002,3,2,1,0.0,118.58,450.0,oeste,Nova Suíssa,12/08/18,None,None
206671,370000.0,,-19.8979209,-43.932008,2,2,1,1.0,102.73,322.0,nordeste,Silveira,12/08/18,None,None
246405,370000.0,,-19.8910652,-43.997181899999994,3,1,1,0.0,88.03,300.0,pampulha,Castelo,12/08/18,None,None
298682,370000.0,,-19.966666399999998,-43.97326099999998,3,2,1,1.0,116.0,350.0,oeste,Buritis,12/08/18,None,None
339260,370000.0,,-19.923471600000003,-43.91638710000001,3,1,1,1.0,84.64,220.0,centro-sul,Santa Efigênia,12/08/18,None,None
352185,370000.0,,-19.947392999999998,-43.93874599999998,3,2,1,1.0,100.69,350.0,centro-sul,São Pedro,12/08/18,None,None
353100,370000.0,,-19.9083164,-43.96053410000002,3,2,0,1.0,97.0,284.0,noroeste,Carlos Prates,12/08/18,None,None
355843,370000.0,,-19.939846499999998,-43.93023340000002,1,1,0,1.0,126.0,380.0,centro-sul,Cruzeiro,12/08/18,None,None
361783,370000.0,,-19.9640392,-43.97171049999997,3,2,1,1.0,130.95,250.0,oeste,Havaí,12/08/18,None,None
365560,370000.0,,-19.829217899999996,-43.9815132,3,1,1,1.0,1.0,1.0,pampulha,Santa Mônica,12/08/18,None,None
365622,370000.0,,-19.926277,-43.98884799999996,3,2,1,1.0,114.66,380.0,noroeste,Coração Eucarístico,12/08/18,None,None
729249,370000.0,,-19.905700699999997,-43.9020261,3,2,1,1.0,1.0,1.0,leste,Esplanada,12/08/18,None,None
729250,370000.0,,-19.905700699999997,-43.9020261,3,2,1,1.0,1.0,1.0,leste,Esplanada,12/08/18,None,None
729882,370000.0,,-19.905700699999997,-43.9020261,3,2,1,1.0,1.0,1.0,leste,Esplanada,12/08/18,None,None
836301,370000.0,,-19.8639062,-43.95676349999997,3,2,1,1.0,84.68,300.0,pampulha,Liberdade,12/08/18,None,None
855411,370000.0,,-19.894426899999996,-43.95046170000001,3,1,1,1.0,93.78,350.0,noroeste,São Cristóvão,12/08/18,None,None
990101,370000.0,,-19.9123552,-43.926345899999994,2,2,1,1.0,141.01,410.0,leste,Santa Tereza,12/08/18,None,None
1657390,370000.0,,-19.874025699999997,-44.00695710000002,4,2,2,1.0,110.0,250.0,pampulha,Serrano,12/08/18,None,None
1794946,370000.0,,-19.980826,-44.01837899999998,3,1,1,1.0,121.0,140.0,barreiro,Barreiro,12/08/18,None,None
1831662,370000.0,,-19.875192600000002,-43.93490800000001,3,2,1,1.0,111.46,250.0,nordeste,Palmares,12/08/18,None,None
1944490,370000.0,,-19.969203600000004,-43.95778610000002,3,2,1,1.0,87.0,450.0,oeste,Buritis,12/08/18,None,None
2237280,370000.0,,-19.908439,-43.92028699999997,3,2,1,1.0,130.35,350.0,leste,Sagrada Família,12/08/18,None,None
3213607,370000.0,,-19.888644699999997,-43.994917699999974,2,1,1,1.0,115.0,250.0,pampulha,Manacás,12/08/18,None,None
3236561,370000.0,,-19.970697,-43.97254909999998,3,3,1,1.0,126.49,340.0,oeste,Buritis,12/08/18,None,None
3239881,370000.0,,-19.972986,-43.97143399999999,3,3,1,1.0,127.62,350.0,oeste,Buritis,12/08/18,None,None
3241346,370000.0,,-19.8974564,-43.998246600000016,2,1,0,1.0,0.01,250.0,pampulha,Manacás,12/08/18,None,None
3242056,370000.0,,-19.884552,-43.92750000000001,3,3,1,0.0,1200.0,250.0,leste,Santa Inês,12/08/18,None,None
3244659,370000.0,,-19.86873354895765,-43.929556390182476,3,1,1,0.0,1057.0,436.01,nordeste,Palmares,12/08/18,None,None
3248435,370000.0,,-19.9390824,-43.96205299999997,3,2,1,1.0,91.42,250.0,oeste,Grajaú,12/08/18,None,None
3248873,370000.0,,-19.9003327,-43.92318420000004,3,2,1,1.0,103.54,350.0,leste,Sagrada Família,12/08/18,None,None
3249831,370000.0,,-19.948335999999998,-43.922484000000004,2,1,0,1.0,119.0,400.0,centro-sul,Cruzeiro,12/08/18,None,None
3250297,370000.0,,-19.951480899999996,-43.92938700000002,3,2,0,1.0,128.0,430.0,centro-sul,Sion,12/08/18,None,None
3250671,370000.0,,-19.933688600000004,-43.9802186,2,1,0,1.0,71.6,520.0,oeste,Nova Suíssa,12/08/18,None,None
3251238,370000.0,,-19.9388807,-43.983307500000016,2,2,1,2.0,170.15,300.0,oeste,Salgado Filho,12/08/18,None,None
3252871,370000.0,,-19.947068100000003,-43.93578939999998,3,1,0,1.0,125.54,400.0,centro-sul,Sion,12/08/18,None,None
3253314,370000.0,,-19.857747,-43.93930499999999,3,2,1,1.0,111.0,250.0,pampulha,Jaraguá,12/08/18,None,None
3253915,370000.0,,-19.88813,-43.924627999999984,3,1,1,1.0,133.12,295.0,leste,Cidade Nova,12/08/18,None,None
3254280,370000.0,,-19.978770899999997,-44.01562799999999,3,2,1,1.0,140.0,330.0,barreiro,Barreiro,12/08/18,None,None
3255358,370000.0,,-19.927537899999997,-43.967802000000006,2,2,0,1.0,92.61,370.0,oeste,Prado,12/08/18,None,None
359741,374000.0,,-19.94389,-43.94133,3,1,1,1.0,112.17,180.0,centro-sul,Santo Antônio,12/08/18,None,None
20322,375000.0,,-19935.0,-43.96340499999997,3,2,0,1.0,153.0,300.0,oeste,Grajaú,12/08/18,None,None
50014,375000.0,,-19.8994282,-43.93257260000002,2,2,1,1.0,99.0,290.0,nordeste,Silveira,12/08/18,None,None
141134,375000.0,,-19.9496692,-43.94273020000003,3,2,1,1.0,134.1,740.0,centro-sul,Vila Paris,12/08/18,None,None
148341,375000.0,,-19.930723,-43.91344700000002,3,2,1,1.0,102.89,480.0,leste,São Lucas,12/08/18,None,None
167304,375000.0,,-19.9353368,-44.00086679999998,3,2,1,1.0,99.0,190.0,noroeste,João Pinheiro,12/08/18,None,None
170697,375000.0,,-19.8617067,-43.93732080000001,3,2,1,1.0,100.71,200.0,pampulha,Dona Clara,12/08/18,None,None
337690,375000.0,,-19.9078755,-43.928572900000006,2,1,0,1.0,92.0,200.0,leste,Floresta,12/08/18,None,None
340870,375000.0,,-19.944306136655875,-43.97216875819703,3,3,1,1.0,112.87,200.0,oeste,Jardim América,12/08/18,None,None
343724,375000.0,,-19.9353522,-43.96104379999997,3,2,0,1.0,85.66,280.0,oeste,Gutierrez,12/08/18,None,None
343785,375000.0,,-19.980199399999997,-44.01625130000002,3,1,1,1.0,180.0,200.0,barreiro,Barreiro de Baixo,12/08/18,None,None
1696508,375000.0,,-19.940301,-43.915763999999974,3,1,0,1.0,95.62,310.0,centro-sul,Serra,12/08/18,None,None
1815967,375000.0,,-19.9227039,-43.914060000000006,3,2,1,1.0,90.14,300.0,centro-sul,Santa Efigênia,12/08/18,None,None
2183535,375000.0,,-19.9428122,-43.966822999999984,3,3,1,1.0,167.16,300.0,oeste,Nova Granada,12/08/18,None,None
3236407,375000.0,,-19.9207327,-43.9460618,2,1,0,1.0,90.0,580.0,centro-sul,Barro Preto,12/08/18,None,None
3253903,375000.0,,-19.946611899999997,-43.940823000000016,3,2,0,1.0,95.0,350.0,centro-sul,São Pedro,12/08/18,None,None
3247100,376000.0,,-19.9069984,-43.92996949999997,2,1,1,1.0,1358.0,300.0,leste,Floresta,12/08/18,None,None
159580,376440.1,,-19.8676907,-43.994663300000006,2,2,1,1.0,100.0,460.0,pampulha,Paquetá,12/08/18,None,None
3233793,377000.0,,-19.8990635,-43.93072410000002,3,3,1,1.0,128.0,350.0,nordeste,Ipiranga,12/08/18,None,None
3253012,378000.0,,-19.9446866,-43.93549039999999,3,2,1,2.0,113.68,200.0,centro-sul,São Pedro,12/08/18,None,None
356940,378800.0,,-19.9398716,-43.968993899999994,3,2,1,1.0,70.0,150.0,oeste,Nova Granada,12/08/18,None,None
361636,379000.0,,-19.973754100000004,-43.96939270000002,2,3,1,1.0,95.22,260.0,oeste,Buritis,12/08/18,None,None
633545,379000.0,,-19.9180812,-43.9326408,3,1,0,1.0,1351.28,250.0,leste,Floresta,12/08/18,None,None
947836,379000.0,,-19.9485529,-43.94554160000001,3,3,1,1.0,108.8,300.0,centro-sul,Santo Antônio,12/08/18,None,None
1616525,379000.0,,-19.9555269,-43.9673765,3,2,1,0.0,78.0,350.0,oeste,Jardim América,12/08/18,None,None
3244162,379000.0,,-19.938676899999997,-43.98144500000001,3,3,1,0.0,126.0,230.0,oeste,Salgado Filho,12/08/18,None,None
3248980,379000.0,,-19.838061,-43.97511299999997,3,2,1,1.0,106.97,250.0,pampulha,Santa Mônica,12/08/18,None,None
159280,379424.48,,-19.8676907,-43.994663300000006,2,2,1,1.0,100.0,460.0,pampulha,Paquetá,12/08/18,None,None
159272,379565.1,,-19.8676907,-43.994663300000006,2,2,1,1.0,100.0,460.0,pampulha,Paquetá,12/08/18,None,None
12055,380000.0,,-19.940937100000003,-43.97370890000002,3,3,1,1.0,83.13,260.0,oeste,Nova Suíssa,12/08/18,None,None
19110,380000.0,,-19.9267514,-43.9709125,3,3,1,1.0,56.18,195.0,oeste,Prado,12/08/18,None,None
40837,380000.0,,-19.948444,-43.94018030000001,2,2,1,1.0,135.0,540.0,centro-sul,Santo Antônio,12/08/18,None,None
46744,380000.0,,-19.886910600000004,-43.93026889999999,3,1,1,1.0,875.0,300.0,nordeste,Ipiranga,12/08/18,None,None
53559,380000.0,,-19.9090359,-43.9692652,3,3,1,1.0,88.0,300.0,noroeste,Caiçaras,12/08/18,None,None
57323,380000.0,,-19.9299283,-43.91639700000002,3,2,1,1.0,94.64,307.0,leste,São Lucas,12/08/18,None,None
129753,380000.0,,-19.8931999,-43.99680899999999,3,1,1,1.0,84.0,300.0,pampulha,Manacás,12/08/18,None,None
138795,380000.0,,-19.9164475,-43.9571115,3,3,1,1.0,68.0,250.0,noroeste,Carlos Prates,12/08/18,None,None
161816,380000.0,,-19.9772309,-44.02191699999997,2,2,1,1.0,190.0,250.0,barreiro,Barreiro de Baixo,12/08/18,None,None
165063,380000.0,,-19.883064899999997,-43.91591389999997,2,1,1,1.0,99.0,200.0,nordeste,União,12/08/18,None,None
168884,380000.0,,-19.926795600000002,-43.98708799999997,3,2,1,1.0,0.0,206.0,noroeste,Gameleira,12/08/18,None,None
188613,380000.0,,-19.8401263,-43.98272399999996,3,2,1,1.0,83.92,180.0,pampulha,Santa Amélia,12/08/18,None,None
191477,380000.0,,-19.8883885,-43.99875950000001,2,2,1,0.0,75.0,300.0,pampulha,Castelo,12/08/18,None,None
342863,380000.0,,-19.9446037,-43.948279800000016,2,2,1,1.0,118.0,536.0,centro-sul,Santo Antônio,12/08/18,None,None
344083,380000.0,,-19.9442219,-43.9511771,2,1,0,1.0,120.0,250.0,centro-sul,Luxemburgo,12/08/18,None,None
344859,380000.0,,-19.927661800000003,-43.98993400000001,3,2,1,1.0,106.95,350.0,noroeste,Coração Eucarístico,12/08/18,None,None
348467,380000.0,,-19.9333871,-43.955417099999984,4,1,0,0.0,92.0,320.0,oeste,Gutierrez,12/08/18,None,None
348926,380000.0,,-19.980502100000002,-44.02450620000002,3,2,1,1.0,150.0,200.0,barreiro,Barreiro de Baixo,12/08/18,None,None
361953,380000.0,,-19.9640449,-43.971700199999994,3,2,1,1.0,130.0,250.0,oeste,Estrela Dalva,12/08/18,None,None
363249,380000.0,,-19.829217899999996,-43.9815132,3,1,1,1.0,1.0,1.0,pampulha,Santa Mônica,12/08/18,None,None
367055,380000.0,,-19.9438215,-43.94598910000002,3,2,0,1.0,120.0,160.0,centro-sul,Santo Antônio,12/08/18,None,None
367129,380000.0,,-19.9382307,-43.97564740000002,3,2,1,1.0,103.0,220.0,oeste,Nova Suíssa,12/08/18,None,None
495336,380000.0,,-19.967214600000002,-43.9714128,3,2,1,1.0,137.0,240.0,oeste,Buritis,12/08/18,None,None
730512,380000.0,,-19.905700699999997,-43.9020261,3,2,1,1.0,1.0,1.0,leste,Esplanada,12/08/18,None,None
730514,380000.0,,-19.905700699999997,-43.9020261,3,2,1,2.0,1.0,1.0,leste,Esplanada,12/08/18,None,None
730515,380000.0,,-19.905700699999997,-43.9020261,3,2,1,2.0,1.0,1.0,leste,Esplanada,12/08/18,None,None
1352930,380000.0,,-19.9436867,-43.97294479999999,3,3,1,1.0,243.0,260.0,oeste,Nova Suíssa,12/08/18,None,None
1525292,380000.0,,-19.9380013,-43.980795100000016,3,3,1,1.0,140.0,260.0,oeste,Salgado Filho,12/08/18,None,None
1836267,380000.0,,-19.9798089,-43.96587460000001,3,2,1,1.0,165.47,300.0,oeste,Buritis,12/08/18,None,None
1837387,380000.0,,-19.917738,-44.00749400000001,2,2,1,1.0,135.0,150.0,noroeste,Glória,12/08/18,None,None
1864827,380000.0,,-19.946206,-43.92368199999999,3,1,0,1.0,122.14,500.0,centro-sul,Cruzeiro,12/08/18,None,None
2087707,380000.0,,-19.858391,-43.94404299999997,2,1,0,1.0,84.98,170.0,pampulha,Dona Clara,12/08/18,None,None
2358600,380000.0,,-19.8856639,-43.92565000000002,3,3,1,1.0,135.0,250.0,leste,Cidade Nova,12/08/18,None,None
2448848,380000.0,,-19.921414000000002,-43.96806700000002,2,2,1,1.0,91.18,285.0,oeste,Prado,12/08/18,None,None
2812049,380000.0,,-19.9110995,-43.90077059999999,3,1,1,1.0,832.5,675.0,leste,Pompéia,12/08/18,None,None
3216407,380000.0,,-19.941342000000002,-43.93999300000002,3,1,0,1.0,130.64,430.0,centro-sul,Santo Antônio,12/08/18,None,None
3228038,380000.0,,-19.8922775,-43.995843700000016,3,1,1,1.0,110.0,180.0,pampulha,Manacás,12/08/18,None,None
3235495,380000.0,,-19.8618223,-43.93688739999999,3,2,1,1.0,82.01,200.0,pampulha,Dona Clara,12/08/18,None,None
3238742,380000.0,,-19.831599399999998,-44.0121686,3,2,1,1.0,105.0,100.0,pampulha,Trevo,12/08/18,None,None
3242306,380000.0,,-19.9443323,-43.97449929999999,3,1,1,1.0,70.0,280.0,oeste,Jardim América,12/08/18,None,None
3242653,380000.0,,-19.8714237,-43.93982310000001,1,2,1,1.0,168.95,259.0,nordeste,Palmares,12/08/18,None,None
3242973,380000.0,,-19.9790199,-43.96664199999998,2,2,1,1.0,171.07,300.0,oeste,Buritis,12/08/18,None,None
3246195,380000.0,,-19.9074113,-43.92122019999999,3,2,1,1.0,101.55,250.0,leste,Sagrada Família,12/08/18,None,None
3247032,380000.0,,-19.8908476,-43.902156900000016,3,1,1,1.0,137.94,50.0,leste,Nova Vista,12/08/18,None,None
3247427,380000.0,,-19.926207100000003,-43.9171652,3,2,1,1.0,173.75,400.0,centro-sul,Santa Efigênia,12/08/18,None,None
3248971,380000.0,,-19.861048999999998,-43.94648000000001,3,2,1,0.0,891.6,245.0,pampulha,Santa Rosa,12/08/18,None,None
3249873,380000.0,,-19.8690218,-43.918449700000004,4,2,0,1.0,94.06,148.0,nordeste,Fernão Dias,12/08/18,None,None
3251023,380000.0,,-19.921998000000002,-43.919520799999994,2,1,0,1.0,707.0,490.0,centro-sul,Centro,12/08/18,None,None
3252530,380000.0,,-19.969076,-43.96674300000001,2,2,1,1.0,135.67,600.0,oeste,Buritis,12/08/18,None,None
3253917,380000.0,,-19.9210521,-43.9409053,3,2,0,1.0,113.77,570.0,centro-sul,Centro,12/08/18,None,None
141510,381000.0,,-19.839523100000005,-43.96446150000003,3,2,1,1.0,100.0,160.0,pampulha,Itapoã,12/08/18,None,None
159579,382549.48,,-19.8676907,-43.994663300000006,2,2,1,1.0,100.0,460.0,pampulha,Paquetá,12/08/18,None,None
159589,382690.1,,-19.8676907,-43.994663300000006,2,2,1,1.0,100.0,460.0,pampulha,Paquetá,12/08/18,None,None
8143,385000.0,,-19.9730513,-43.97369029999999,3,2,1,1.0,143.26,270.0,oeste,Buritis,12/08/18,None,None
158617,385000.0,,-19.9327857,-43.921784499999994,3,2,1,1.0,93.9,280.0,leste,São Lucas,12/08/18,None,None
167511,385000.0,,-19.884355499999998,-43.9967734,3,2,1,1.0,98.0,350.0,pampulha,Castelo,12/08/18,None,None
357087,385000.0,,-19.9380013,-43.980795100000016,3,2,1,1.0,81.0,250.0,oeste,Salgado Filho,12/08/18,None,None
357088,385000.0,,-19.9379879,-43.98088430000002,3,2,1,1.0,80.0,250.0,oeste,Salgado Filho,12/08/18,None,None
367362,385000.0,,-19.8984907,-43.920560000000016,3,2,1,1.0,96.0,270.0,leste,Sagrada Família,12/08/18,None,None
1603198,385000.0,,-19.8716258,-43.99319320000001,3,1,1,1.0,110.0,280.0,pampulha,Paquetá,12/08/18,None,None
1621887,385000.0,,-19.8433419,-43.983021399999984,3,1,1,1.0,110.0,320.0,pampulha,Jardim Atlântico,12/08/18,None,None
1623973,385000.0,,-19.930884,-44.00303400000002,3,2,1,0.0,110.0,420.0,noroeste,João Pinheiro,12/08/18,None,None
1636677,385000.0,,-19.890520000000002,-43.99403889999997,3,1,1,0.0,100.42,260.0,pampulha,Castelo,12/08/18,None,None
1673904,385000.0,,-19.9110257,-43.919847499999996,2,1,1,1.0,125.0,350.0,leste,Sagrada Família,12/08/18,None,None
3234026,385000.0,,-19.957449,-43.93928600000004,2,3,1,1.0,200.0,836.79,centro-sul,Sion,12/08/18,None,None
3244469,385000.0,,-19.8998897,-43.977052500000006,3,3,1,2.0,68.0,250.0,noroeste,Caiçaras,12/08/18,None,None
3245033,385000.0,,-19.9131122,-43.9292097,3,1,0,2.0,90.0,290.0,leste,Floresta,12/08/18,None,None
3248055,385000.0,,-19.8819624,-44.00876729999999,3,1,1,1.0,160.0,430.0,pampulha,Serrano,12/08/18,None,None
3248736,385000.0,,-19.8557242,-43.95706310000003,2,2,1,0.0,110.12,362.81,pampulha,Pampulha,12/08/18,None,None
3256028,385000.0,,-19.9085492,-43.93808660000002,2,1,1,1.0,110.0,350.0,leste,Floresta,12/08/18,None,None
46266,385065.1,,-19.866435199999998,-43.99445309999999,2,2,1,1.0,0.01,460.0,pampulha,Paquetá,12/08/18,None,None
159577,385065.1,,-19.8676907,-43.994663300000006,2,2,1,1.0,100.0,460.0,pampulha,Paquetá,12/08/18,None,None
159581,385674.48,,-19.8676907,-43.994663300000006,2,2,1,1.0,100.0,460.0,pampulha,Paquetá,12/08/18,None,None
163965,385674.48,,-19.8676907,-43.994663300000006,2,2,1,1.0,100.0,460.0,pampulha,Paquetá,12/08/18,None,None
159597,385815.1,,-19.8676907,-43.994663300000006,2,2,1,1.0,100.0,460.0,pampulha,Paquetá,12/08/18,None,None
471067,386000.0,,-19.9372802,-43.96261379999999,3,2,1,1.0,58.37,300.0,oeste,Gutierrez,12/08/18,None,None
159583,388190.1,,-19.8676907,-43.994663300000006,2,2,1,1.0,100.0,460.0,pampulha,Paquetá,12/08/18,None,None
159584,388190.1,,-19.8676907,-43.994663300000006,2,2,1,1.0,100.0,460.0,pampulha,Paquetá,12/08/18,None,None
53013,388207.0,,-19.8866216,-44.004602500000026,3,2,1,1.0,100.0,450.0,pampulha,Manacás,12/08/18,None,None
159586,388799.48,,-19.8676907,-43.994663300000006,2,2,1,0.0,100.0,460.0,pampulha,Paquetá,12/08/18,None,None
159587,388799.48,,-19.8676907,-43.994663300000006,2,2,1,1.0,100.0,460.0,pampulha,Paquetá,12/08/18,None,None
159596,388940.1,,-19.8676907,-43.994663300000006,2,1,1,1.0,100.0,460.0,pampulha,Paquetá,12/08/18,None,None
51482,389000.0,,-19.9298153,-43.97308099999998,3,2,1,1.0,130.0,540.0,oeste,Nova Suíssa,12/08/18,None,None
150470,389000.0,,-19.8858367,-43.9955258,3,2,1,1.0,120.0,200.0,pampulha,Castelo,12/08/18,None,None
468482,389000.0,,-19.926127800000003,-43.98221319999999,3,2,1,1.0,97.63,300.0,oeste,Nova Suíssa,12/08/18,None,None
1469262,389000.0,,-19.979631,-44.012736099999984,3,1,1,1.0,180.0,200.0,barreiro,Barreiro de Baixo,12/08/18,None,None
3233898,389000.0,,-19.909228600000002,-44.00054469999998,4,1,1,1.0,100.0,200.0,noroeste,Ipanema,12/08/18,None,None
6419,390000.0,,-19.9426436,-43.93801959999996,3,1,0,2.0,92.03,500.0,centro-sul,São Pedro,12/08/18,None,None
9106,390000.0,,-19.882108600000002,-43.92439439999998,3,1,3,1.0,140.55,250.0,nordeste,União,12/08/18,None,None
27444,390000.0,,-19.9218707,-43.98194960000001,2,2,1,1.0,143.2,330.0,noroeste,Padre Eustáquio,12/08/18,None,None
48385,390000.0,,-19.9113973,-43.96464939999999,3,3,1,2.0,98.33,400.0,noroeste,Carlos Prates,12/08/18,None,None
51911,390000.0,,-19.904411899999996,-43.93613429999999,3,2,1,2.0,100.0,250.0,leste,Graça,12/08/18,None,None
56610,390000.0,,-19.9220169,-43.94578150000001,3,2,1,2.0,90.0,595.0,centro-sul,Centro,12/08/18,None,None
118077,390000.0,,-19.970592,-43.96514550000001,3,3,1,2.0,154.5,960.0,oeste,Buritis,12/08/18,None,None
126483,390000.0,,-19.8748134,-43.99157779999996,3,1,1,2.0,78.26,490.0,pampulha,Ouro Preto,12/08/18,None,None
128126,390000.0,,-19.9044672,-43.916764100000016,3,3,1,2.0,124.0,380.0,leste,Horto Florestal,12/08/18,None,None
133668,390000.0,,-19.844103399999998,-43.92386320000003,3,1,0,1.0,73.02,50.0,norte,Guarani,12/08/18,None,None
144580,390000.0,,-19.967139399999997,-43.97134790000001,3,3,1,1.0,75.0,327.0,oeste,Buritis,12/08/18,None,None
146820,390000.0,,-19.8700273,-43.9378633,3,2,1,1.0,167.5,325.0,nordeste,Palmares,12/08/18,None,None
148122,390000.0,,-19.975796,-43.96927900000003,3,2,1,1.0,138.0,480.0,oeste,Buritis,12/08/18,None,None
152749,390000.0,,-19.848681149664348,-43.932472580395476,4,2,1,1.0,76.0,210.0,norte,Heliópolis,12/08/18,None,None
169532,390000.0,,-19.8800007,-43.99188129999999,3,1,1,1.0,100.0,270.0,pampulha,Paquetá,12/08/18,None,None
169791,390000.0,,-19.893465399999997,-43.90023450000001,3,2,1,1.0,79.41,300.0,leste,Santa Inês,12/08/18,None,None
187157,390000.0,,-19.8619276,-43.95565450000004,3,3,1,1.0,110.0,677.0,pampulha,Liberdade,12/08/18,None,None
332633,390000.0,,-19.8967953,-43.92251139999996,3,1,1,2.0,131.0,620.0,leste,Sagrada Família,12/08/18,None,None
336436,390000.0,,-19.948332399999998,-43.94231669999999,2,2,1,2.0,115.23,400.0,centro-sul,Santo Antônio,12/08/18,None,None
336453,390000.0,,-19.9245427,-43.94135489999997,1,1,1,1.0,118.61,395.0,centro-sul,Lourdes,12/08/18,None,None
338026,390000.0,,-19.8759288,-43.98045639999998,3,1,1,1.0,120.0,250.0,pampulha,Ouro Preto,12/08/18,None,None
343059,390000.0,,-19.9568177,-43.9338161,3,1,0,1.0,130.27,400.0,centro-sul,Sion,12/08/18,None,None
343600,390000.0,,-19.925359,-43.98952029999998,3,2,1,1.0,110.97,350.0,noroeste,Coração Eucarístico,12/08/18,None,None
351795,390000.0,,-19.9225032,-43.946770600000036,3,1,0,0.0,88.0,470.0,centro-sul,Barro Preto,12/08/18,None,None
354291,390000.0,,-19.8981407,-44.01055940000003,3,2,1,1.0,97.0,1.0,noroeste,Nossa Senhora da Glória,12/08/18,None,None
354292,390000.0,,-19.897868,-44.010272999999984,3,2,1,1.0,97.0,1.0,noroeste,Nossa Senhora da Glória,12/08/18,None,None
356856,390000.0,,-19.8884419,-43.93176900000003,3,2,1,2.0,126.48,270.0,nordeste,Silveira,12/08/18,None,None
361876,390000.0,,-19.984661199999998,-44.027242099999974,3,2,1,2.0,150.0,200.0,barreiro,Diamante,12/08/18,None,None
364804,390000.0,,-19.920672600000003,-43.97944819999998,2,2,0,2.0,121.96,500.0,noroeste,Padre Eustáquio,12/08/18,None,None
1091478,390000.0,,-19.9149299,-43.92189610000002,2,1,0,1.0,900.0,350.0,leste,Santa Tereza,12/08/18,None,None
1287008,390000.0,,-19.9703907,-43.96986219999997,2,2,1,2.0,118.15,250.0,oeste,Estoril,12/08/18,None,None
1602249,390000.0,,-19.9352443,-43.95843969999999,3,2,0,1.0,84.0,230.0,oeste,Gutierrez,12/08/18,None,None
1834652,390000.0,,-19.9593044,-43.937818299999996,2,1,0,0.0,106.61,320.0,centro-sul,Sion,12/08/18,None,None
1837379,390000.0,,-19.927869199999996,-43.91617289999999,3,2,1,2.0,149.22,350.0,leste,São Lucas,12/08/18,None,None
1848742,390000.0,,-19.8891704,-43.946063099999996,3,1,1,1.0,133.12,250.0,nordeste,Renascença,12/08/18,None,None
1895725,390000.0,,-19.855007999999998,-43.95566600000001,3,2,1,1.0,139.18,400.0,pampulha,Liberdade,12/08/18,None,None
2888427,390000.0,,-19.846994,-43.979895899999974,3,1,1,1.0,100.0,150.0,pampulha,Santa Amélia,12/08/18,None,None
3211409,390000.0,,-19.8966701,-43.93362539999998,2,1,0,2.0,103.0,230.0,nordeste,Silveira,12/08/18,None,None
3213423,390000.0,,-19.9313028,-43.92702329999997,3,1,0,2.0,132.71,455.8,centro-sul,Funcionários,12/08/18,None,None
3215114,390000.0,,-19.9004841,-44.00682660000001,2,1,1,1.0,90.0,250.0,noroeste,Primavera,12/08/18,None,None
3233937,390000.0,,-19.9413546,-43.9498764,2,2,0,2.0,137.03,450.0,centro-sul,Coração de Jesus,12/08/18,None,None
3236016,390000.0,,-19.882406200000002,-44.00317530000001,4,2,1,2.0,125.0,450.0,pampulha,Castelo,12/08/18,None,None
3237655,390000.0,,-19.911638,-43.91302940000003,3,1,1,1.0,138.0,350.0,leste,Santa Tereza,12/08/18,None,None
3239497,390000.0,,-19.866398,-43.94986699999998,3,1,1,1.0,86.73,130.0,pampulha,Santa Rosa,12/08/18,None,None
3239778,390000.0,,-19.953368700000002,-43.94949410000004,3,2,1,1.0,1.0,690.0,centro-sul,Vila Paris,12/08/18,None,None
3241337,390000.0,,-19.8974564,-43.998246600000016,2,1,1,1.0,0.01,250.0,pampulha,Manacás,12/08/18,None,None
3242604,390000.0,,-19.942244600000002,-43.94896790000002,2,1,0,1.0,113.22,650.0,centro-sul,Santo Antônio,12/08/18,None,None
3243154,390000.0,,-19.9437475,-43.9303711,3,2,0,1.0,135.86,580.0,centro-sul,Cruzeiro,12/08/18,None,None
3244320,390000.0,,-19.9224948,-43.93971160000001,2,1,0,1.0,110.0,550.0,centro-sul,Centro,12/08/18,None,None
3246403,390000.0,,-19.8350443,-43.9618456,3,1,1,1.0,110.0,250.0,pampulha,Itapoã,12/08/18,None,None
3248421,390000.0,,-19.9233115,-43.942556500000016,4,2,1,1.0,209.32,700.0,centro-sul,Centro,12/08/18,None,None
3250154,390000.0,,-19.889253,-43.926357,3,1,1,1.0,176.0,260.0,leste,Cidade Nova,12/08/18,None,None
3254053,390000.0,,-19.886115300000004,-44.00421159999996,3,2,1,2.0,100.0,300.0,pampulha,Castelo,12/08/18,None,None
3255135,390000.0,,-19.9539298,-43.93358999999998,3,1,0,1.0,143.0,300.0,centro-sul,Sion,12/08/18,None,None
3255636,390000.0,,-19.9781933,-43.97274700000003,3,2,1,2.0,139.89,600.0,oeste,Buritis,12/08/18,None,None
3257335,390000.0,,-19.893418399999998,-43.941511200000036,3,2,1,0.0,132.0,290.0,nordeste,Renascença,12/08/18,None,None
3258220,390000.0,,-19.8902827,-43.92261500000001,3,2,1,0.0,121.0,300.0,leste,Cidade Nova,12/08/18,None,None
36134,390500.0,,-19.9292119,-43.91652399999998,4,2,1,2.0,99.34,250.0,leste,São Lucas,12/08/18,None,None
1581015,390600.0,,-19.827740300000002,-43.96423809999999,3,1,1,1.0,39.45,75.0,venda-nova,São João Batista,12/08/18,None,None
3244972,391000.0,,-19.943512100000003,-43.93996390000001,3,3,1,2.0,152.57,207.0,centro-sul,Santo Antônio,12/08/18,None,None
361033,391136.84,,-19.939896700000002,-43.92008149999998,1,1,0,2.0,1.0,1.0,centro-sul,Serra,12/08/18,None,None
158737,391315.1,,-19.8676907,-43.994663300000006,2,2,1,2.0,100.0,460.0,pampulha,Paquetá,12/08/18,None,None
159590,391315.1,,-19.8676907,-43.994663300000006,2,2,1,2.0,100.0,460.0,pampulha,Paquetá,12/08/18,None,None
46356,391924.48,,-19.866435199999998,-43.99445309999999,2,2,1,1.0,0.01,460.0,pampulha,Paquetá,12/08/18,None,None
158441,391924.48,,-19.8676907,-43.994663300000006,2,2,1,1.0,100.0,460.0,pampulha,Paquetá,12/08/18,None,None
159598,391924.48,,-19.8676907,-43.994663300000006,2,2,1,1.0,100.0,460.0,pampulha,Paquetá,12/08/18,None,None
159595,394410.1,,-19.8676907,-43.994663300000006,2,2,1,1.0,100.0,460.0,pampulha,Paquetá,12/08/18,None,None
159599,394410.1,,-19.8676907,-43.994663300000006,2,2,1,2.0,100.0,460.0,pampulha,Paquetá,12/08/18,None,None
163964,394440.1,,-19.8676907,-43.994663300000006,2,2,1,2.0,100.0,460.0,pampulha,Paquetá,12/08/18,None,None
154468,395000.0,,-19.8447259,-43.93751180000004,2,1,1,1.0,0.01,0.01,norte,Heliópolis,12/08/18,None,None
156961,395000.0,,-19.9660564,-43.9848958,3,1,1,1.0,86.0,200.0,oeste,Estrela do Oriente,12/08/18,None,None
169724,395000.0,,-19.87016147923959,-43.931528068725584,5,2,1,1.0,76.4,150.0,nordeste,Palmares,12/08/18,None,None
341118,395000.0,,-19.9681872,-43.96680090000001,2,2,1,1.0,133.11,600.0,oeste,Estoril,12/08/18,None,None
342091,395000.0,,-19.985126899999997,-44.02366050000001,3,2,1,1.0,112.88,250.0,barreiro,Diamante,12/08/18,None,None
342846,395000.0,,-19.9866572,-44.01525179999999,3,2,1,2.0,1.0,350.0,barreiro,Santa Helena (barreiro),12/08/18,None,None
346544,395000.0,,-19.982446799999998,-44.01669770000001,3,1,1,1.0,60.2,230.0,barreiro,Santa Helena (barreiro),12/08/18,None,None
357030,395000.0,,-19.9369681,-43.98311939999997,3,2,1,1.0,80.0,250.0,oeste,Salgado Filho,12/08/18,None,None
357312,395000.0,,-19.883477499999998,-44.0025751,2,1,1,1.0,108.0,535.0,pampulha,Castelo,12/08/18,None,None
730517,395000.0,,-19.905700699999997,-43.9020261,3,2,1,1.0,1.0,1.0,leste,Esplanada,12/08/18,None,None
730518,395000.0,,-19.905700699999997,-43.9020261,3,2,1,1.0,1.0,1.0,leste,Esplanada,12/08/18,None,None
731145,395000.0,,-19.905700699999997,-43.9020261,3,2,1,1.0,1.0,1.0,leste,Esplanada,12/08/18,None,None
1685451,395000.0,,-19.8630076,-43.95551460000002,3,1,1,2.0,107.09,635.35,pampulha,Liberdade,12/08/18,None,None
1834047,395000.0,,-19.871907800000002,-43.91920909999999,2,2,1,1.0,121.45,350.0,nordeste,Fernão Dias,12/08/18,None,None
1896080,395000.0,,-19.855007999999998,-43.95566600000001,3,2,1,2.0,139.18,400.0,pampulha,Liberdade,12/08/18,None,None
2353731,395000.0,,-19.929995,-43.913194299999994,3,2,1,2.0,116.08,350.0,leste,São Lucas,12/08/18,None,None
3211922,395000.0,,-19.946602600000002,-43.9460441,2,1,0,2.0,112.51,595.0,centro-sul,Santo Antônio,12/08/18,None,None
3228989,395000.0,,-19.9244615,-43.99136980000003,3,1,0,2.0,81.0,300.0,noroeste,Coração Eucarístico,12/08/18,None,None
3237748,395000.0,,-19.868789800000002,-43.916400700000004,3,2,0,2.0,84.07,152.47,nordeste,Fernão Dias,12/08/18,None,None
3246097,395000.0,,-19.930709399999998,-43.98027230000002,4,3,1,1.0,106.0,200.0,oeste,Nova Suíssa,12/08/18,None,None
3250328,395000.0,,-19.841164300000003,-43.97825469999998,3,1,1,1.0,91.0,250.0,pampulha,Santa Amélia,12/08/18,None,None
3253276,395000.0,,-19.907901100000004,-43.9385782,3,2,1,1.0,90.0,420.0,leste,Floresta,12/08/18,None,None
158438,395049.48,,-19.8676907,-43.994663300000006,2,1,1,1.0,100.0,460.0,pampulha,Paquetá,12/08/18,None,None
159594,395049.48,,-19.8676907,-43.994663300000006,2,1,1,1.0,100.0,460.0,pampulha,Paquetá,12/08/18,None,None
345858,397000.0,,-19.9384023,-43.97417810000002,3,2,1,1.0,132.36,350.0,oeste,Nova Suíssa,12/08/18,None,None
160106,397565.1,,-19.8676907,-43.994663300000006,2,1,1,2.0,100.0,460.0,pampulha,Paquetá,12/08/18,None,None
60627,398000.0,,-19.9811262,-44.01772870000002,3,1,1,2.0,140.0,150.0,barreiro,Barreiro de Baixo,12/08/18,None,None
141309,398000.0,,-19.9207327,-43.9460618,3,2,1,2.0,76.38,650.0,centro-sul,Barro Preto,12/08/18,None,None
146660,398000.0,,-19.9953944,-44.02300830000002,2,2,1,1.0,198.0,200.0,barreiro,Novo Diamante,12/08/18,None,None
168035,398000.0,,-19.9519462,-43.94827179999999,3,2,1,1.0,161.0,350.0,centro-sul,Vila Paris,12/08/18,None,None
335825,398000.0,,-19.980503,-44.01352600000001,3,1,1,1.0,100.0,150.0,barreiro,Barreiro,12/08/18,None,None
340229,398000.0,,-19.9498123,-43.95017730000001,3,2,1,1.0,160.0,270.0,centro-sul,Vila Paris,12/08/18,None,None
359243,398000.0,,-19.8746388,-43.91531759999998,3,2,1,1.0,134.0,318.74,nordeste,Fernão Dias,12/08/18,None,None
1898206,398000.0,,-19.9543234,-43.9756013,3,2,1,1.0,125.0,350.0,oeste,Havaí,12/08/18,None,None
2576942,398000.0,,-19.9241612,-43.939063000000026,3,1,0,1.0,89.87,462.0,centro-sul,Barro Preto,12/08/18,None,None
3236483,398000.0,,-19.929087699999997,-43.9126296,3,2,1,1.0,105.26,200.0,leste,São Lucas,12/08/18,None,None
53069,398247.0,,-19.886691199999998,-44.00469989999999,3,2,1,1.0,100.0,450.0,pampulha,Manacás,12/08/18,None,None
53070,398247.0,,-19.8866512,-44.00463079999997,3,2,1,1.0,100.0,450.0,pampulha,Manacás,12/08/18,None,None
53071,398247.0,,-19.8866512,-44.00463079999997,3,2,1,2.0,100.0,450.0,pampulha,Manacás,12/08/18,None,None
53077,398247.0,,-19.8866512,-44.00463079999997,3,2,1,2.0,100.0,450.0,pampulha,Manacás,12/08/18,None,None
3248096,398800.0,,-19.9221928,-43.98802030000002,2,1,0,1.0,93.0,180.0,noroeste,Coração Eucarístico,12/08/18,None,None
153128,399000.0,,-19.8078551,-43.98027030000003,3,2,1,2.0,79.66,0.01,venda-nova,Letícia,12/08/18,None,None
158250,399000.0,,-19.923315600000002,-43.98765770000001,3,2,1,2.0,75.0,300.0,noroeste,Coração Eucarístico,12/08/18,None,None
170841,399000.0,,-19.8748134,-43.99157779999996,3,2,1,1.0,75.0,500.0,pampulha,Ouro Preto,12/08/18,None,None
174716,399000.0,,-19.978912,-43.96692659999997,3,2,1,2.0,168.75,300.0,oeste,Buritis,12/08/18,None,None
316360,399000.0,,-19.9280009,-43.96557389999998,3,2,1,1.0,0.0,300.0,oeste,Calafate,12/08/18,None,None
333590,399000.0,,-19.89704,-43.92156090000003,3,2,1,1.0,132.36,280.0,leste,Sagrada Família,12/08/18,None,None
354129,399000.0,,-19.965726999999998,-43.95767160000002,3,2,1,1.0,96.0,300.0,oeste,Estoril,12/08/18,None,None
359685,399000.0,,-19.9717826,-43.96652740000002,3,3,1,2.0,160.55,513.95,oeste,Buritis,12/08/18,None,None
364951,399000.0,,-19.9945768,-44.00905030000001,3,1,1,2.0,115.25,300.0,barreiro,Santa Cruz (barreiro),12/08/18,None,None
366781,399000.0,,-19.9394436,-43.9400746,1,1,1,2.0,120.0,1100.0,centro-sul,Savassi,12/08/18,None,None
855410,399000.0,,-19.951051899999996,-43.96969300000001,3,3,1,0.0,109.0,220.0,oeste,Jardim América,12/08/18,None,None
1586279,399000.0,,-19.9038854,-43.9252004,3,3,0,2.0,133.0,300.0,leste,Sagrada Família,12/08/18,None,None
1668381,399000.0,,-19.9377003,-43.97662839999998,3,3,1,2.0,118.67,930.0,oeste,Nova Suíssa,12/08/18,None,None
1685755,399000.0,,-19.9242463,-43.9397457,3,3,1,2.0,153.4,503.0,centro-sul,Lourdes,12/08/18,None,None
2237240,399000.0,,-19.948158,-43.92325499999998,3,1,1,2.0,130.0,220.0,centro-sul,Anchieta,12/08/18,None,None
3236196,399000.0,,-19.940891,-43.91499699999997,3,3,1,2.0,116.52,350.0,centro-sul,Serra,12/08/18,None,None
3241027,399000.0,,-19.922462600000003,-43.91537649999998,3,1,1,2.0,116.61,480.0,centro-sul,Santa Efigênia,12/08/18,None,None
7724,400000.0,,-19.959054899999998,-43.94591049999997,3,2,1,1.0,160.27,300.0,centro-sul,Santa Lúcia,12/08/18,None,None
9917,400000.0,,-19.8774262,-44.00145509999999,3,2,0,1.0,60.0,220.0,pampulha,Castelo,12/08/18,None,None
16189,400000.0,,-19.8924448,-43.99441100000002,3,2,1,2.0,112.0,250.0,pampulha,Castelo,12/08/18,None,None
16194,400000.0,,-19.8924448,-43.99441100000002,3,2,1,1.0,112.0,250.0,pampulha,Castelo,12/08/18,None,None
25238,400000.0,,-19.8760224,-43.91666620000001,3,2,1,2.0,171.92,249.32,nordeste,União,12/08/18,None,None
53465,400000.0,,-19.9039465,-43.93301099999997,3,1,1,2.0,131.38,360.0,leste,Graça,12/08/18,None,None
63846,400000.0,,-19.888527399999997,-44.00113729999998,3,2,1,2.0,45.0,150.0,pampulha,Pampulha,12/08/18,None,None
128178,400000.0,,-19.950721899999998,-43.9331929,2,1,0,2.0,105.01,280.0,centro-sul,Sion,12/08/18,None,None
128552,400000.0,,-19.9046204,-43.91667259999997,3,2,1,1.0,95.0,250.0,leste,Sagrada Família,12/08/18,None,None
128553,400000.0,,-19.904508,-43.9168669,3,2,1,1.0,95.0,250.0,leste,Sagrada Família,12/08/18,None,None
135003,400000.0,,-19.925957399999998,-43.91872030000002,2,1,0,1.0,755.0,200.0,centro-sul,Santa Efigênia,12/08/18,None,None
136743,400000.0,,-19.9866572,-44.01525179999999,3,2,1,2.0,1.0,350.0,barreiro,Santa Helena (barreiro),12/08/18,None,None
140997,400000.0,,-19.971003500000002,-43.96543329999997,3,2,1,2.0,193.98,600.0,oeste,Buritis,12/08/18,None,None
142587,400000.0,,-19.8994587,-43.92634229999999,3,3,1,2.0,137.74,350.0,leste,Sagrada Família,12/08/18,None,None
151399,400000.0,,-19.938000100000004,-43.95909670000003,3,1,0,2.0,175.0,250.0,oeste,Gutierrez,12/08/18,None,None
158817,400000.0,,-19.945107500000002,-43.9402498,3,2,1,2.0,148.0,730.0,centro-sul,Santo Antônio,12/08/18,None,None
159523,400000.0,,-19.9558401,-43.93649649999998,3,1,0,2.0,131.41,265.0,centro-sul,Sion,12/08/18,None,None
161623,400000.0,,-19.9488655,-43.94305910000003,3,2,1,2.0,0.01,0.01,centro-sul,Santo Antônio,12/08/18,None,None
161782,400000.0,,-19.9776468,-44.02240719999998,2,2,1,1.0,190.0,250.0,barreiro,Barreiro,12/08/18,None,None
161783,400000.0,,-19.9776468,-44.02240719999998,2,2,1,1.0,190.0,250.0,barreiro,Barreiro de Baixo,12/08/18,None,None
161869,400000.0,,-19.9776468,-44.02240719999998,2,2,1,1.0,190.0,250.0,barreiro,Barreiro,12/08/18,None,None
161878,400000.0,,-19.9778819,-44.02304879999997,2,2,1,2.0,190.0,250.0,barreiro,Barreiro,12/08/18,None,None
161895,400000.0,,-19.977456399999998,-44.02244519999999,2,2,1,2.0,190.0,250.0,barreiro,Barreiro de Baixo,12/08/18,None,None
161902,400000.0,,-19.977603600000002,-44.02297320000002,2,2,1,2.0,190.0,250.0,barreiro,Barreiro de Baixo,12/08/18,None,None
161932,400000.0,,-19.9776384,-44.022813600000006,2,2,1,2.0,190.0,250.0,barreiro,Barreiro de Baixo,12/08/18,None,None
163222,400000.0,,-19.9285661,-43.9374636,1,1,0,2.0,147.0,380.0,centro-sul,Lourdes,12/08/18,None,None
178772,400000.0,,-19.9426068,-43.916999499999974,3,2,1,2.0,115.0,386.0,centro-sul,Serra,12/08/18,None,None
201062,400000.0,,-19.9513367,-43.93192370000003,3,1,0,1.0,146.62,390.0,centro-sul,Sion,12/08/18,None,None
203998,400000.0,,-19.9432205,-43.91104130000002,3,1,1,2.0,119.0,250.0,centro-sul,Serra,12/08/18,None,None
248461,400000.0,,-19.979411,-43.96732900000001,4,3,1,2.0,154.58,500.0,oeste,Buritis,12/08/18,None,None
248462,400000.0,,-19.924986999999998,-43.941129700000026,3,1,0,2.0,119.6,500.0,centro-sul,Centro,12/08/18,None,None
325618,400000.0,,-19.9735293,-43.96811000000002,3,2,1,1.0,183.2,850.0,oeste,Buritis,12/08/18,None,None
334073,400000.0,,-19.8845983,-43.92456199999998,3,2,1,1.0,155.13,300.0,leste,Cidade Nova,12/08/18,None,None
339033,400000.0,,-19.943769699999997,-43.9354907,3,2,1,2.0,94.0,300.0,centro-sul,São Pedro,12/08/18,None,None
350348,400000.0,,-19.9429893,-43.91414939999999,3,2,1,2.0,189.0,300.0,centro-sul,Serra,12/08/18,None,None
352545,400000.0,,-19.9246188,-43.900881700000006,3,3,1,2.0,78.45,250.0,leste,Paraíso,12/08/18,None,None
355066,400000.0,,-19.9483888,-43.94243929999999,3,2,1,1.0,116.0,273.0,centro-sul,Santo Antônio,12/08/18,None,None
357101,400000.0,,-19.939448499999997,-43.96721739999998,2,2,1,2.0,95.0,391.24,oeste,Nova Granada,12/08/18,None,None
360979,400000.0,,-19.966659600000003,-43.95255159999999,3,2,1,2.0,165.0,550.0,centro-sul,Santa Lúcia,12/08/18,None,None
361828,400000.0,,-19.9416128,-43.914521700000016,3,1,1,1.0,109.81,400.0,centro-sul,Serra,12/08/18,None,None
362204,400000.0,,-19.859991,-43.941472999999974,3,2,1,1.0,99.3,300.0,pampulha,Jaraguá,12/08/18,None,None
518249,400000.0,,-19.925919399999998,-43.978018599999984,3,2,0,2.0,115.0,500.0,oeste,Nova Suíssa,12/08/18,None,None
623335,400000.0,,-19.9430323,-43.98083550000001,3,3,1,1.0,95.26,230.0,oeste,Salgado Filho,12/08/18,None,None
991031,400000.0,,-19.934405399999996,-43.93054999999998,1,1,0,1.0,157.4,530.0,centro-sul,Funcionários,12/08/18,None,None
1582622,400000.0,,-19.884266,-43.933784,2,1,1,2.0,173.48,500.0,nordeste,Ipiranga,12/08/18,None,None
1586382,400000.0,,-19.871911800000003,-43.99850779999997,3,2,1,2.0,185.0,350.0,pampulha,Paquetá,12/08/18,None,None
1606981,400000.0,,-19.9693298,-43.963525900000036,2,2,1,1.0,146.48,500.0,oeste,Estoril,12/08/18,None,None
1632917,400000.0,,-19.910525600000003,-43.93420600000002,3,2,2,1.0,103.13,200.0,leste,Floresta,12/08/18,None,None
1683629,400000.0,,-19.8638836,-43.94271019999997,3,1,1,2.0,90.0,300.0,pampulha,Santa Rosa,12/08/18,None,None
1831780,400000.0,,-19.935968,-43.96742800000004,3,2,1,2.0,109.52,430.0,oeste,Gutierrez,12/08/18,None,None
1834798,400000.0,,-19.871206100000002,-43.939572,3,2,1,2.0,102.4,250.0,nordeste,Palmares,12/08/18,None,None
2473559,400000.0,,-19.898031699999997,-43.92548020000004,3,1,1,2.0,165.0,370.0,leste,Sagrada Família,12/08/18,None,None
2474748,400000.0,,-19.833939899999997,-43.962011200000006,3,2,1,1.0,129.0,250.0,pampulha,Itapoã,12/08/18,None,None
2536192,400000.0,,-19.852882100000002,-43.95352219999995,3,1,1,2.0,100.0,450.0,pampulha,São Luiz (pampulha),12/08/18,None,None
3215045,400000.0,,-19.936542000000003,-43.99004200000002,3,1,1,2.0,665.3,408.0,oeste,Nova Gameleira,12/08/18,None,None
3234601,400000.0,,-19.869436,-44.01098500000001,3,2,1,2.0,40.0,150.0,pampulha,Itatiaia,12/08/18,None,None
3234771,400000.0,,-19.977388,-43.967826,3,2,1,2.0,189.64,350.0,oeste,Buritis,12/08/18,None,None
3235200,400000.0,,-19.9406743,-43.922531600000006,2,2,1,2.0,115.0,518.0,centro-sul,Serra,12/08/18,None,None
3235936,400000.0,,-19.918645,-43.92163690000001,3,2,1,2.0,103.89,200.0,leste,Santa Tereza,12/08/18,None,None
3236131,400000.0,,-19.946120999999998,-43.94054700000004,3,2,1,2.0,0.0,500.0,centro-sul,Santo Antônio,12/08/18,None,None
3240717,400000.0,,-19.9694997,-43.97174769999998,3,3,1,1.0,203.36,400.0,oeste,Estoril,12/08/18,None,None
3241029,400000.0,,-19.9413625,-43.98571500000003,3,1,1,1.0,101.71,240.0,oeste,Salgado Filho,12/08/18,None,None
3248908,400000.0,,-19.905812899999997,-43.907883999999974,3,1,1,1.0,83.0,300.0,leste,Esplanada,12/08/18,None,None
3252194,400000.0,,-19.9424669,-43.9134201,3,2,1,2.0,112.0,353.77,centro-sul,Serra,12/08/18,None,None
3252475,400000.0,,-19.931520300000003,-43.924414599999984,3,2,1,2.0,202.0,450.0,centro-sul,Funcionários,12/08/18,None,None
3256239,400000.0,,-19.884190399999998,-43.92600820000001,3,1,1,2.0,150.68,352.76,leste,Cidade Nova,12/08/18,None,None
3256679,400000.0,,-19.923703600000003,-43.94026150000002,3,1,0,1.0,152.0,700.0,centro-sul,Centro,12/08/18,None,None
3257501,400000.0,,-19.9263485,-43.9350814,3,2,0,1.0,132.0,925.0,centro-sul,Centro,12/08/18,None,None
3257687,400000.0,,-19.8516833,-43.91542809999999,2,2,1,0.0,112.02,300.0,nordeste,São Gabriel,12/08/18,None,None
806392,404990.0,,-19.9611757,-43.99276380000003,3,1,1,2.0,175.0,300.0,oeste,Palmeiras,12/08/18,None,None
5886,405000.0,,-19.9062794,-43.93886320000002,3,1,0,1.0,68.38,280.0,leste,Floresta,12/08/18,None,None
25240,405000.0,,-19.877375,-43.91987799999998,3,2,1,2.0,171.92,249.32,nordeste,União,12/08/18,None,None
134076,405000.0,,-19.9446844,-43.9354846,1,1,1,2.0,111.81,630.0,centro-sul,São Pedro,12/08/18,None,None
221435,405000.0,,-19.904148199999998,-43.93302890000001,3,1,1,2.0,103.0,350.0,leste,Floresta,12/08/18,None,None
341843,405000.0,,-19.973754100000004,-43.96939270000002,3,3,1,2.0,191.0,460.0,oeste,Estoril,12/08/18,None,None
414426,405000.0,,-19.974411,-43.96767,3,2,1,2.0,193.0,545.0,oeste,Buritis,12/08/18,None,None
461041,405000.0,,-19.9284069,-43.93762479999998,1,1,0,2.0,169.0,399.0,centro-sul,Lourdes,12/08/18,None,None
1834735,405000.0,,-19.941089399999996,-43.97361369999999,3,3,1,2.0,91.6,280.0,oeste,Nova Suíssa,12/08/18,None,None
3236336,405000.0,,-19.888189999999998,-43.99617260000002,2,2,1,2.0,135.0,250.0,pampulha,Castelo,12/08/18,None,None
3247258,405000.0,,-19.967102,-43.97087299999998,3,2,1,2.0,1537.75,629.0,oeste,Buritis,12/08/18,None,None
364997,409000.0,,-19.9435027,-43.95422529999996,3,2,1,2.0,134.0,450.0,centro-sul,Luxemburgo,12/08/18,None,None
3249401,409000.0,,-19.978627,-43.97263409999999,3,3,1,2.0,140.9,431.82,oeste,Buritis,12/08/18,None,None
16190,410000.0,,-19.8924448,-43.99441100000002,3,1,1,2.0,112.0,250.0,pampulha,Castelo,12/08/18,None,None
22943,410000.0,,-19.9723771,-43.96707290000001,1,1,0,2.0,99.51,650.0,oeste,Buritis,12/08/18,None,None
25244,410000.0,,-19.8759853,-43.91656879999999,3,2,1,1.0,114.0,249.5,nordeste,União,12/08/18,None,None
128563,410000.0,,-19.9046204,-43.91667259999997,3,2,1,2.0,95.0,250.0,leste,Sagrada Família,12/08/18,None,None
128564,410000.0,,-19.9046204,-43.91667259999997,3,2,1,2.0,95.0,250.0,leste,Sagrada Família,12/08/18,None,None
134043,410000.0,,-19.9217343,-43.91515099999998,3,1,0,1.0,75.0,390.0,centro-sul,Santa Efigênia,12/08/18,None,None
140299,410000.0,,-19.9785025,-43.9744705,3,2,1,2.0,136.36,320.0,oeste,Buritis,12/08/18,None,None
144556,410000.0,,-19.8886496,-43.99457050000001,3,1,0,2.0,82.46,150.0,pampulha,Castelo,12/08/18,None,None
147516,410000.0,,-19.930740399999998,-43.92092980000001,3,2,1,1.0,90.0,280.0,leste,São Lucas,12/08/18,None,None
154375,410000.0,,-19.844714,-43.93751689999999,2,1,1,2.0,0.01,0.01,norte,Heliópolis,12/08/18,None,None
157963,410000.0,,-19.980587,-44.01617599999997,2,2,1,2.0,200.0,200.0,barreiro,Barreiro de Baixo,12/08/18,None,None
160243,410000.0,,-19.934737600000002,-43.98230179999996,3,2,1,2.0,69.44,250.0,oeste,Nova Suíssa,12/08/18,None,None
192393,410000.0,,-19.8733781,-43.98984089999999,2,2,1,2.0,90.0,346.0,pampulha,Paquetá,12/08/18,None,None
281335,410000.0,,-19.9362573,-43.92542040000001,1,1,1,2.0,0.01,0.01,centro-sul,Funcionários,12/08/18,None,None
294427,410000.0,,-19.9499867,-43.9451613,3,2,1,2.0,171.77,650.0,centro-sul,Santo Antônio,12/08/18,None,None
334542,410000.0,,-19.937123899999996,-43.97521849999998,3,3,1,1.0,90.0,250.0,oeste,Nova Suíssa,12/08/18,None,None
335891,410000.0,,-19.8779425,-44.003332,3,1,1,1.0,1067.89,300.0,pampulha,Castelo,12/08/18,None,None
344938,410000.0,,-19.904508,-43.9168669,3,2,1,2.0,95.0,250.0,leste,Sagrada Família,12/08/18,None,None
356984,410000.0,,-19.942525,-43.98203699999999,3,2,1,2.0,120.0,200.0,oeste,Salgado Filho,12/08/18,None,None
366815,410000.0,,-19.8892217,-43.99596910000002,3,2,1,2.0,113.11,350.0,pampulha,Castelo,12/08/18,None,None
1623972,410000.0,,-19.876037699999998,-43.9975523,2,2,1,1.0,116.0,250.0,pampulha,Castelo,12/08/18,None,None
2823011,410000.0,,-19.930779100000002,-43.913719600000036,2,2,0,2.0,166.73,370.0,leste,São Lucas,12/08/18,None,None
3248870,410000.0,,-19.925449800000003,-43.9262741,3,2,1,2.0,93.0,400.0,leste,São Lucas,12/08/18,None,None
3250320,410000.0,,-19.942525,-43.98203699999999,3,2,1,2.0,120.0,200.0,oeste,Salgado Filho,12/08/18,None,None
3254268,410000.0,,-19.889023,-43.99524100000002,3,1,1,2.0,109.92,250.0,pampulha,Castelo,12/08/18,None,None
3258218,410000.0,,-19.9662256,-43.94620050000003,3,1,1,2.0,339.57,250.0,centro-sul,Santa Lúcia,12/08/18,None,None
1687294,413000.0,,-19.9366221,-43.97389989999999,3,3,1,1.0,31.0,300.0,oeste,Nova Suíssa,12/08/18,None,None
25245,415000.0,,-19.878949,-43.91891299999998,3,2,1,2.0,114.0,249.32,nordeste,União,12/08/18,None,None
180267,415000.0,,-19.935129800000002,-43.97074650000002,3,3,1,1.0,86.0,220.0,oeste,Barroca,12/08/18,None,None
351708,415000.0,,-19.910145999999997,-43.929408800000026,2,2,1,1.0,144.72,270.0,leste,Floresta,12/08/18,None,None
355450,415000.0,,-19.928884,-43.91624999999999,3,2,0,1.0,0.0,350.0,leste,São Lucas,12/08/18,None,None
361133,415000.0,,-19.8812615,-43.91649430000001,2,2,0,2.0,125.0,250.0,nordeste,União,12/08/18,None,None
3249939,415000.0,,-19.891977,-43.99496499999998,3,3,1,2.0,198.08,350.0,pampulha,Manacás,12/08/18,None,None
53063,416308.0,,-19.8866512,-44.00463079999997,3,2,1,2.0,100.0,450.0,pampulha,Manacás,12/08/18,None,None
347282,417000.0,,-19.944871,-43.97641229999999,3,3,1,1.0,110.0,350.0,oeste,Jardim América,12/08/18,None,None
343385,419000.0,,-19.9063076,-43.9744154,3,3,1,2.0,80.0,320.0,noroeste,Caiçaras,12/08/18,None,None
344905,419000.0,,-19.8928169,-43.9120567,3,3,1,2.0,60.0,200.0,leste,Santa Inês,12/08/18,None,None
350223,419000.0,,-19.9954298,-44.0196876,3,2,1,2.0,96.69,160.0,barreiro,Novo Diamante,12/08/18,None,None
2888431,419000.0,,-19.898211800000002,-43.99659270000001,3,2,1,1.0,100.0,300.0,pampulha,Manacás,12/08/18,None,None
3251845,419000.0,,-19.971934899999997,-43.96696689999999,3,3,1,2.0,193.21,640.0,oeste,Buritis,12/08/18,None,None
3253714,419000.0,,-19.9690768,-43.96670510000001,4,3,1,2.0,179.16,561.1,oeste,Buritis,12/08/18,None,None
6327,420000.0,,-19.9280674,-43.93413329999999,1,1,0,2.0,136.3,490.11,centro-sul,Savassi,12/08/18,None,None
31369,420000.0,,-19.8577865,-43.938816900000006,3,2,1,1.0,122.78,300.0,pampulha,Dona Clara,12/08/18,None,None
47759,420000.0,,-19.9208134,-43.98794290000001,3,2,1,1.0,96.58,290.0,noroeste,Coração Eucarístico,12/08/18,None,None
128565,420000.0,,-19.9046204,-43.91667259999997,3,2,1,2.0,95.0,250.0,leste,Sagrada Família,12/08/18,None,None
128629,420000.0,,-19.9046204,-43.91667259999997,3,2,1,1.0,95.0,250.0,leste,Sagrada Família,12/08/18,None,None
128648,420000.0,,-19.9046204,-43.91667259999997,3,2,1,2.0,95.0,250.0,leste,Sagrada Família,12/08/18,None,None
139788,420000.0,,-19.859589399999997,-43.9397128,3,1,1,2.0,87.56,300.0,pampulha,Dona Clara,12/08/18,None,None
141514,420000.0,,-19.907753600000003,-43.98063639999998,3,2,1,2.0,76.25,280.0,noroeste,Monsenhor Messias,12/08/18,None,None
145289,420000.0,,-19.9416664,-43.94376019999999,3,1,0,1.0,142.35,410.0,centro-sul,Santo Antônio,12/08/18,None,None
145975,420000.0,,-19.9424529,-43.96905870000001,3,1,1,1.0,115.39,250.0,oeste,Nova Granada,12/08/18,None,None
152066,420000.0,,-19.939587,-43.96855499999998,3,2,1,1.0,91.78,320.0,oeste,Grajaú,12/08/18,None,None
158613,420000.0,,-19.947585600000004,-43.936940299999996,3,2,1,2.0,90.0,300.0,centro-sul,São Pedro,12/08/18,None,None
162725,420000.0,,-19.9351768,-43.92197909999999,3,3,1,2.0,112.0,725.0,centro-sul,Serra,12/08/18,None,None
164037,420000.0,,-19.9462324,-43.958364500000016,1,1,1,1.0,106.66,477.0,centro-sul,Luxemburgo,12/08/18,None,None
239119,420000.0,,-19.9794174,-43.973151299999984,3,2,1,2.0,144.0,468.0,oeste,Estoril,12/08/18,None,None
280521,420000.0,,-19.9314146,-43.91393419999997,2,2,0,1.0,137.0,350.0,leste,São Lucas,12/08/18,None,None
331167,420000.0,,-19.9082021,-43.98046950000003,3,2,1,2.0,28.0,900.0,noroeste,Jardim Montanhês,12/08/18,None,None
331613,420000.0,,-19.884698999999998,-43.92244900000003,3,2,1,2.0,151.77,198.0,nordeste,União,12/08/18,None,None
336528,420000.0,,-19.9015693,-43.9621247,3,1,1,2.0,169.92,250.0,noroeste,Santo André,12/08/18,None,None
342464,420000.0,,-19.936626999999998,-43.960429999999974,3,2,1,2.0,114.34,350.0,oeste,Gutierrez,12/08/18,None,None
344947,420000.0,,-19.904508,-43.9168669,3,2,1,2.0,95.0,250.0,leste,Sagrada Família,12/08/18,None,None
351542,420000.0,,-19.9496692,-43.94273020000003,3,3,1,2.0,131.35,500.0,centro-sul,Santo Antônio,12/08/18,None,None
355318,420000.0,,-19.9012641,-43.91582949999997,3,2,1,4.0,120.0,350.0,leste,Sagrada Família,12/08/18,None,None
356933,420000.0,,-19.941592,-43.9639838,3,3,1,2.0,155.0,300.0,oeste,Gutierrez,12/08/18,None,None
357870,420000.0,,-19.9525247,-43.93550140000002,3,2,1,2.0,0.01,465.0,centro-sul,Sion,12/08/18,None,None
358309,420000.0,,-19.931843399999998,-43.96597959999997,2,2,1,2.0,104.63,200.0,oeste,Barroca,12/08/18,None,None
359943,420000.0,,-19.9496692,-43.94273020000003,3,2,1,2.0,171.77,706.44,centro-sul,Santo Antônio,12/08/18,None,None
360613,420000.0,,-19.895761899999997,-43.924116700000006,3,2,1,2.0,156.0,650.0,leste,Sagrada Família,12/08/18,None,None
361357,420000.0,,-19.9360634,-43.96434669999997,3,3,1,2.0,71.0,300.0,oeste,Grajaú,12/08/18,None,None
363239,420000.0,,-19.829217899999996,-43.9815132,3,1,1,2.0,1.0,1.0,pampulha,Santa Mônica,12/08/18,None,None
365371,420000.0,,-19.96709,-43.970552000000005,3,2,1,1.0,0.0,683.0,oeste,Buritis,12/08/18,None,None
366612,420000.0,,-19.8960595,-43.998857699999974,3,2,1,1.0,1.0,250.0,pampulha,Manacás,12/08/18,None,None
387674,420000.0,,-19.8722378,-43.953757199999984,3,3,1,2.0,141.2,130.0,pampulha,São Francisco,12/08/18,None,None
749056,420000.0,,-19.8992295,-43.9193454,3,1,1,2.0,135.18,290.0,leste,Sagrada Família,12/08/18,None,None
757583,420000.0,,-19.900578,-43.92971,3,1,1,2.0,85.36,290.0,leste,Graça,12/08/18,None,None
812905,420000.0,,-19.9366014,-43.93082939999999,1,1,0,2.0,197.13,480.0,centro-sul,Savassi,12/08/18,None,None
1025687,420000.0,,-19.9067988,-43.92142920000003,3,1,1,2.0,88.89,220.0,leste,Sagrada Família,12/08/18,None,None
1581808,420000.0,,-19.827740300000002,-43.96423809999999,2,1,1,2.0,39.45,75.0,venda-nova,São João Batista,12/08/18,None,None
1674713,420000.0,,-19.942083800000002,-43.91593360000002,3,2,0,2.0,145.0,250.0,centro-sul,Serra,12/08/18,None,None
1948838,420000.0,,-19.927383,-43.93731200000002,3,2,1,2.0,156.0,610.0,centro-sul,Lourdes,12/08/18,None,None
2197905,420000.0,,-19.8075984,-43.97028690000002,3,3,1,3.0,958.76,280.0,venda-nova,Venda Nova,12/08/18,None,None
2693518,420000.0,,-19.89787,-43.9199405,3,1,1,2.0,138.85,220.0,leste,Sagrada Família,12/08/18,None,None
2800977,420000.0,,-19.946939399999998,-43.92754609999997,1,2,1,2.0,193.54,650.0,centro-sul,Sion,12/08/18,None,None
2861148,420000.0,,-19.972635999999998,-43.96446400000002,3,2,1,2.0,147.0,700.0,oeste,Buritis,12/08/18,None,None
3191503,420000.0,,-19.9444706,-43.95044619999999,3,2,0,2.0,115.0,270.0,centro-sul,Coração de Jesus,12/08/18,None,None
3215005,420000.0,,-19.868838,-43.91632100000004,3,3,1,2.0,100.24,200.0,nordeste,Fernão Dias,12/08/18,None,None
3235438,420000.0,,-19.9462799,-43.94066729999997,3,1,1,2.0,153.12,857.0,centro-sul,Santo Antônio,12/08/18,None,None
3236359,420000.0,,-19.962847699999998,-43.96788759999998,2,2,1,2.0,146.09,600.0,oeste,Havaí,12/08/18,None,None
3236464,420000.0,,-19.9112423,-43.93557550000003,3,1,0,2.0,79.0,290.0,leste,Floresta,12/08/18,None,None
3236634,420000.0,,-19.8691913,-43.9916073,0,4,1,1.0,138.0,250.0,pampulha,Paquetá,12/08/18,None,None
3240107,420000.0,,-19.8566134,-43.945602099999974,3,1,1,1.0,109.0,450.0,pampulha,Dona Clara,12/08/18,None,None
3241077,420000.0,,-19.911968100000003,-43.93134609999999,2,3,1,2.0,135.15,450.0,leste,Floresta,12/08/18,None,None
3241754,420000.0,,-19.9072561,-43.91937139999999,3,2,1,1.0,150.74,273.0,leste,Sagrada Família,12/08/18,None,None
3242060,420000.0,,-19.8878,-44.00209100000001,3,2,1,1.0,127.78,300.0,pampulha,Castelo,12/08/18,None,None
3242330,420000.0,,-19.8772223,-44.00050160000001,3,1,1,2.0,100.0,300.0,pampulha,Castelo,12/08/18,None,None
3248057,420000.0,,-19.894765,-43.944235899999974,3,1,1,3.0,107.0,190.0,nordeste,Cachoeirinha,12/08/18,None,None
3248499,420000.0,,-19.928037300000003,-43.98009819999999,3,2,0,2.0,114.3,500.0,noroeste,Coração Eucarístico,12/08/18,None,None
3249043,420000.0,,-19.9349402,-43.96114790000002,3,1,0,2.0,99.0,400.0,oeste,Gutierrez,12/08/18,None,None
3250565,420000.0,,-19.933064,-43.97348349999999,3,3,1,2.0,91.16,350.0,oeste,Nova Suíssa,12/08/18,None,None
3252354,420000.0,,-19.9407491,-43.9179231,3,2,1,2.0,139.0,350.0,centro-sul,Serra,12/08/18,None,None
3253072,420000.0,,-19.929147,-43.99716799999999,3,2,1,2.0,103.36,300.0,noroeste,João Pinheiro,12/08/18,None,None
3254424,420000.0,,-19.943243300000002,-43.973901100000035,3,1,1,2.0,132.77,300.0,oeste,Jardim América,12/08/18,None,None
3254662,420000.0,,-19.905322199999997,-43.96189170000002,3,2,0,2.0,69.53,150.0,noroeste,Pedro II,12/08/18,None,None
3255254,420000.0,,-19.9753711,-43.97629289999998,3,2,1,3.0,168.05,400.0,oeste,Buritis,12/08/18,None,None
3255822,420000.0,,-19.9397584,-43.9301092,1,1,0,2.0,137.0,380.0,centro-sul,Savassi,12/08/18,None,None
3258141,420000.0,,-19.9097314,-43.920016600000004,3,1,0,2.0,80.0,290.0,leste,Sagrada Família,12/08/18,None,None
141672,424000.0,,-19.8394836,-43.96442619999999,3,2,1,2.0,95.0,160.0,pampulha,Itapoã,12/08/18,None,None
5703,425000.0,,-19.9402962,-43.91188990000001,3,2,1,2.0,205.0,600.0,centro-sul,Serra,12/08/18,None,None
40229,425000.0,,-19.8301642,-43.96656469999999,3,2,1,2.0,143.0,250.0,venda-nova,São João Batista,12/08/18,None,None
40231,425000.0,,-19.8301642,-43.96656469999999,3,2,1,0.0,143.0,250.0,venda-nova,São João Batista,12/08/18,None,None
128809,425000.0,,-19.9046204,-43.91667259999997,3,2,1,3.0,95.0,250.0,leste,Sagrada Família,12/08/18,None,None
128829,425000.0,,-19.9046203,-43.91667259999997,3,2,1,2.0,95.0,250.0,leste,Sagrada Família,12/08/18,None,None
128833,425000.0,,-19.9046204,-43.91667259999997,3,2,1,2.0,95.0,250.0,leste,Sagrada Família,12/08/18,None,None
128839,425000.0,,-19.9046204,-43.91667259999997,3,2,1,2.0,95.0,250.0,leste,Sagrada Família,12/08/18,None,None
133607,425000.0,,-19.921414000000002,-43.96806700000002,2,2,1,2.0,83.09,260.0,oeste,Calafate,12/08/18,None,None
162993,425000.0,,-19.888306,-43.99613890000001,3,2,1,2.0,113.65,270.0,pampulha,Castelo,12/08/18,None,None
174154,425000.0,,-19.91372883730395,-43.914209467736775,2,2,1,2.0,135.0,250.0,leste,Santa Tereza,12/08/18,None,None
334315,425000.0,,-19.9262247,-43.98227940000004,3,2,1,2.0,0.01,230.0,oeste,Calafate,12/08/18,None,None
343790,425000.0,,-19.9936772,-44.04945770000001,3,1,1,3.0,200.0,200.0,barreiro,Diamante,12/08/18,None,None
343791,425000.0,,-19.9876422,-44.03070390000005,3,1,1,2.0,200.0,200.0,barreiro,Diamante,12/08/18,None,None
1736183,425000.0,,-19.913885999999998,-43.9280761,2,1,1,2.0,1446.02,363.12,leste,Floresta,12/08/18,None,None
3242348,425000.0,,-19.984878100000003,-44.00404900000001,3,2,1,3.0,119.0,280.0,barreiro,Milionários,12/08/18,None,None
3256187,425000.0,,-19.8864858,-43.934234000000004,3,1,1,2.0,150.0,300.0,nordeste,Nova Floresta,12/08/18,None,None
3258207,425000.0,,-19.902435,-43.939378000000026,2,1,1,2.0,116.55,250.0,nordeste,Concórdia,12/08/18,None,None
244819,426000.0,,-19.9481962,-43.94442090000001,2,2,1,2.0,1.0,1.0,centro-sul,Santo Antônio,12/08/18,None,None
244907,426000.0,,-19.9481962,-43.94442090000001,2,2,1,2.0,1.0,1.0,centro-sul,Santo Antônio,12/08/18,None,None
144951,427000.0,,-19.933003699999997,-43.94535880000001,1,2,1,2.0,180.0,750.0,centro-sul,Lourdes,12/08/18,None,None
1523873,427000.0,,-19.9114626,-43.97853309999999,3,1,1,0.0,149.43,250.0,noroeste,Monsenhor Messias,12/08/18,None,None
7030,428000.0,,-19.897396,-43.99651269999998,3,1,1,3.0,100.0,350.0,pampulha,Manacás,12/08/18,None,None
48848,428000.0,,-19.8983433,-43.93066499999998,3,3,1,2.0,120.12,180.0,leste,Graça,12/08/18,None,None
332222,428000.0,,-19.926127800000003,-43.98221319999999,3,2,1,2.0,97.63,235.0,oeste,Nova Suíssa,12/08/18,None,None
1675408,428000.0,,-19.9512056,-43.9395993,2,2,1,3.0,208.03,400.0,centro-sul,São Pedro,12/08/18,None,None
3234962,428000.0,,-19.973292,-43.96763899999996,1,1,0,2.0,97.7,813.0,oeste,Buritis,12/08/18,None,None
37303,429000.0,,-19.911509600000002,-43.93383270000004,4,2,0,2.0,0.0,210.0,leste,Floresta,12/08/18,None,None
141690,429000.0,,-19.8394836,-43.96442619999999,3,2,1,3.0,95.0,160.0,pampulha,Itapoã,12/08/18,None,None
141697,429000.0,,-19.839523100000005,-43.96446150000003,3,2,1,2.0,95.0,160.0,pampulha,Itapoã,12/08/18,None,None
141705,429000.0,,-19.8394836,-43.96442619999999,3,2,1,1.0,95.0,160.0,pampulha,Itapoã,12/08/18,None,None
141728,429000.0,,-19.839523100000005,-43.96446150000003,3,2,1,1.0,95.0,160.0,pampulha,Itapoã,12/08/18,None,None
174216,429000.0,,-19.9068142,-43.92820610000001,3,2,1,2.0,138.0,270.0,leste,Sagrada Família,12/08/18,None,None
2090339,429000.0,,-19.886877399999996,-43.99850839999999,2,2,1,2.0,1299.0,239.0,pampulha,Manacás,12/08/18,None,None
3233943,429000.0,,-19.862231,-43.95630640000002,2,1,1,2.0,157.0,450.0,pampulha,Liberdade,12/08/18,None,None
3228051,429566.42,,-19.8620716,-43.95607080000002,2,2,1,2.0,1.0,440.0,pampulha,Liberdade,12/08/18,None,None
27728,429900.0,,-19.885991699999998,-43.99492350000003,2,1,1,2.0,100.0,280.0,pampulha,Castelo,12/08/18,None,None
46268,429937.5,,-19.866435199999998,-43.99445309999999,3,2,1,2.0,0.01,460.0,pampulha,Paquetá,12/08/18,None,None
159582,429937.5,,-19.8676907,-43.994663300000006,3,2,1,3.0,100.0,460.0,pampulha,Paquetá,12/08/18,None,None
163963,429937.5,,-19.8676907,-43.994663300000006,3,1,0,2.0,100.0,460.0,pampulha,Paquetá,12/08/18,None,None
7097,430000.0,,-19.8889919,-43.90035069999999,3,2,1,2.0,92.0,270.0,leste,Nova Vista,12/08/18,None,None
7840,430000.0,,-19.8716273,-43.98302699999999,2,1,0,3.0,87.13,200.0,pampulha,Ouro Preto,12/08/18,None,None
8655,430000.0,,-19.8891765,-43.99814720000001,3,1,1,2.0,1000.0,270.0,pampulha,Castelo,12/08/18,None,None
11795,430000.0,,-19.8559568,-43.957196200000006,3,2,1,2.0,139.18,400.0,pampulha,Aeroporto,12/08/18,None,None
12722,430000.0,,-19.9120688,-43.9698161,3,2,1,2.0,102.0,230.0,noroeste,Carlos Prates,12/08/18,None,None
13372,430000.0,,-19.8968266,-43.92374369999999,3,3,1,2.0,68.0,450.0,leste,Sagrada Família,12/08/18,None,None
26447,430000.0,,-19.920258899999997,-43.930787200000005,2,2,1,1.0,180.0,600.0,leste,Floresta,12/08/18,None,None
45329,430000.0,,-19.887162300000004,-43.89262099999996,3,2,1,2.0,98.0,300.0,leste,Boa Vista,12/08/18,None,None
48838,430000.0,,-19.9580467,-43.940969300000006,3,2,1,2.0,180.0,550.0,centro-sul,Sion,12/08/18,None,None
66942,430000.0,,-19.911597399999998,-43.97661890000001,3,3,1,2.0,90.0,350.0,noroeste,Monsenhor Messias,12/08/18,None,None
126901,430000.0,,-19.966481299999998,-43.96909099999999,3,2,1,2.0,142.0,190.0,oeste,Buritis,12/08/18,None,None
135342,430000.0,,-19.9087486,-43.924880400000006,3,1,1,3.0,98.55,300.0,leste,Sagrada Família,12/08/18,None,None
136178,430000.0,,-19.956514399999996,-43.94558640000002,3,2,1,1.0,161.0,400.0,centro-sul,Santa Lúcia,12/08/18,None,None
142722,430000.0,,-19.9153538,-43.92241100000001,3,1,0,1.0,115.15,525.0,leste,Santa Tereza,12/08/18,None,None
154761,430000.0,,-19.969051699999998,-43.9667536,2,2,1,2.0,135.67,600.0,oeste,Buritis,12/08/18,None,None
158526,430000.0,,-19.967725199999997,-43.96752029999999,3,3,1,2.0,166.14,930.0,oeste,Buritis,12/08/18,None,None
161992,430000.0,,-19.8575069,-43.94093900000002,3,3,1,2.0,160.25,330.0,pampulha,Jaraguá,12/08/18,None,None
165323,430000.0,,-19.8619926,-43.95567870000002,3,2,1,2.0,0.01,650.0,pampulha,Liberdade,12/08/18,None,None
165779,430000.0,,-19.895929199999998,-43.92852219999998,2,2,1,2.0,57.0,386.0,nordeste,Silveira,12/08/18,None,None
168734,430000.0,,-19.949675,-43.92350199999999,2,1,0,3.0,185.0,250.0,centro-sul,Cruzeiro,12/08/18,None,None
180409,430000.0,,-19.920811399999998,-43.988237899999994,3,3,1,3.0,115.73,300.0,noroeste,Coração Eucarístico,12/08/18,None,None
194074,430000.0,,-19.9491077,-43.94501539999999,3,2,1,2.0,168.0,470.0,centro-sul,Santo Antônio,12/08/18,None,None
200565,430000.0,,-19.97842,-44.024092,3,1,1,2.0,1291.53,361.0,barreiro,Barreiro,12/08/18,None,None
276324,430000.0,,-19.94894,-43.94285869999999,3,2,1,2.0,161.65,492.0,centro-sul,Santo Antônio,12/08/18,None,None
332094,430000.0,,-19.9110066,-43.932397400000006,2,2,1,2.0,96.39,240.0,leste,Floresta,12/08/18,None,None
339576,430000.0,,-19.888331,-43.9311467,3,2,1,2.0,104.0,330.0,nordeste,Silveira,12/08/18,None,None
353477,430000.0,,-19.872362,-43.906633,2,2,1,2.0,120.0,160.0,nordeste,São Marcos,12/08/18,None,None
353650,430000.0,,-19.9393337,-43.9184727,3,2,1,2.0,94.53,254.0,centro-sul,Serra,12/08/18,None,None
354728,430000.0,,-19.947324899999998,-43.92211859999998,2,2,2,2.0,133.6,153.43,centro-sul,Anchieta,12/08/18,None,None
356897,430000.0,,-19.898619500000002,-43.9245454,3,1,1,2.0,134.0,350.0,leste,Sagrada Família,12/08/18,None,None
365050,430000.0,,-19.919970000000003,-43.990152299999984,3,2,1,2.0,124.64,350.0,noroeste,Minas Brasil,12/08/18,None,None
486667,430000.0,,-19.8865177,-43.99780120000002,2,1,1,2.0,100.0,250.0,pampulha,Castelo,12/08/18,None,None
605694,430000.0,,-19.925524600000003,-43.99195359999999,3,3,1,2.0,76.0,240.0,noroeste,Coração Eucarístico,12/08/18,None,None
729231,430000.0,,-19.8905869,-43.9941311,3,2,1,2.0,100.0,240.0,pampulha,Castelo,12/08/18,None,None
1300770,430000.0,,-19.979969,-44.01923099999999,3,2,1,2.0,106.0,300.0,barreiro,Barreiro,12/08/18,None,None
1582429,430000.0,,-19.847666,-43.91202580000004,3,2,1,3.0,124.75,200.0,nordeste,São Gabriel,12/08/18,None,None
1585190,430000.0,,-19.919953399999997,-43.92656510000001,3,2,1,2.0,148.27,300.0,leste,Santa Tereza,12/08/18,None,None
2568585,430000.0,,-19.9372,-43.95811500000002,2,2,1,2.0,119.0,425.0,oeste,Gutierrez,12/08/18,None,None
3229472,430000.0,,-19.9333117,-43.9274562,3,1,1,2.0,128.9,324.38,centro-sul,Funcionários,12/08/18,None,None
3233615,430000.0,,-19.917244699999998,-43.986045699999984,3,3,1,2.0,132.33,400.0,noroeste,Padre Eustáquio,12/08/18,None,None
3239701,430000.0,,-19.8939652,-43.93490409999998,3,1,1,1.0,124.32,450.0,nordeste,Nova Floresta,12/08/18,None,None
3239818,430000.0,,-19.934658,-43.96669900000001,3,2,1,2.0,141.74,334.5,oeste,Grajaú,12/08/18,None,None
3244909,430000.0,,-19.895929199999998,-43.92852219999998,2,2,1,3.0,57.0,386.0,nordeste,Silveira,12/08/18,None,None
3245791,430000.0,,-19.8719137,-43.99851030000002,3,1,1,3.0,90.0,300.0,pampulha,Paquetá,12/08/18,None,None
3245949,430000.0,,-19.9530338,-43.977360100000006,3,1,1,2.0,148.92,180.0,oeste,Havaí,12/08/18,None,None
3256018,430000.0,,-19.9101595,-43.93407839999998,2,2,1,2.0,104.54,537.0,leste,Floresta,12/08/18,None,None
3256807,430000.0,,-19.9309915,-43.96027709999999,3,2,1,2.0,112.0,327.0,oeste,Gutierrez,12/08/18,None,None
3257184,430000.0,,-19.933751100000002,-43.981737599999974,3,1,1,1.0,170.0,570.0,oeste,Nova Suíssa,12/08/18,None,None
3246197,431000.0,,-19.9506004,-43.95698449999998,3,3,1,2.0,156.38,300.0,centro-sul,Luxemburgo,12/08/18,None,None
53014,431434.0,,-19.88698480536883,-44.009108611145045,3,2,1,2.0,100.0,450.0,pampulha,Manacás,12/08/18,None,None
53052,431434.0,,-19.8866216,-44.004602500000026,3,2,1,2.0,100.0,450.0,pampulha,Manacás,12/08/18,None,None
53058,431434.0,,-19.8866512,-44.00463079999997,3,2,1,2.0,100.0,450.0,pampulha,Manacás,12/08/18,None,None
3243660,433000.0,,-19.8620446,-43.95598970000003,2,1,1,2.0,152.0,451.0,pampulha,Liberdade,12/08/18,None,None
10215,434000.0,,-19.91985,-43.978553000000026,3,2,1,2.0,98.55,470.0,noroeste,Padre Eustáquio,12/08/18,None,None
27062,435000.0,,-19.923931500000002,-43.980628300000035,3,2,1,2.0,59.66,250.0,noroeste,Padre Eustáquio,12/08/18,None,None
158950,435000.0,,-19.9358002,-43.97555139999997,3,2,1,2.0,224.0,400.0,oeste,Nova Suíssa,12/08/18,None,None
337371,435000.0,,-19.858156899999997,-43.93896580000001,3,3,1,2.0,137.72,500.0,pampulha,Dona Clara,12/08/18,None,None
344796,435000.0,,-19.8798372,-43.92432550000001,3,2,1,2.0,140.84,300.0,nordeste,União,12/08/18,None,None
349181,435000.0,,-19.946235100000003,-43.93916919999998,4,3,1,2.0,100.26,800.0,centro-sul,São Pedro,12/08/18,None,None
466852,435000.0,,-19.935622100000003,-43.97507860000002,3,3,1,3.0,123.9,450.0,oeste,Nova Suíssa,12/08/18,None,None
3244367,435000.0,,-19.9720951,-43.96681590000003,3,3,1,3.0,155.0,627.17,oeste,Buritis,12/08/18,None,None
159592,436187.5,,-19.8676907,-43.994663300000006,3,2,1,2.0,100.0,460.0,pampulha,Paquetá,12/08/18,None,None
3228210,436623.23,,-19.8620641,-43.95602250000002,2,2,1,2.0,1.0,440.0,pampulha,Liberdade,12/08/18,None,None
1602108,437000.0,,-19.9378953,-43.94580589999998,3,3,1,2.0,150.0,680.0,centro-sul,Santo Antônio,12/08/18,None,None
53184,438000.0,,-19.9450168,-43.9440247,3,2,1,2.0,149.85,550.0,centro-sul,Santo Antônio,12/08/18,None,None
363104,438720.0,,-19.935547,-43.929664,1,1,1,2.0,115.0,250.0,centro-sul,Funcionários,12/08/18,None,None
3228358,438933.31,,-19.8620716,-43.95607080000002,2,2,1,1.0,1.0,440.0,pampulha,Liberdade,12/08/18,None,None
164793,439000.0,,-19.972630689873647,-43.966379917968766,2,2,1,2.0,168.28,514.71,oeste,Buritis,12/08/18,None,None
340992,439000.0,,-19.9232032,-43.94088469999997,1,1,0,4.0,148.64,330.0,centro-sul,Lourdes,12/08/18,None,None
345077,439000.0,,-19.9717826,-43.96652740000002,3,3,1,2.0,202.26,850.0,oeste,Buritis,12/08/18,None,None
1068351,439000.0,,-19.9883953,-44.0419359,3,2,1,3.0,128.0,200.0,barreiro,Tirol,12/08/18,None,None
5873,440000.0,,-19.8858219,-43.9218783,3,2,1,2.0,157.0,410.0,nordeste,União,12/08/18,None,None
53021,440000.0,,-19.9504106,-43.93815010000003,3,3,1,4.0,141.18,810.0,centro-sul,São Pedro,12/08/18,None,None
56920,440000.0,,-19.948478,-43.94625500000001,3,2,1,4.0,131.0,420.0,centro-sul,Santo Antônio,12/08/18,None,None
141566,440000.0,,-19.978804,-43.97294579999999,4,2,1,2.0,153.0,500.0,oeste,Buritis,12/08/18,None,None
158533,440000.0,,-19.862409600000003,-43.94042360000003,4,3,1,2.0,69.48,200.0,pampulha,Dona Clara,12/08/18,None,None
161130,440000.0,,-19.8921487,-43.908078700000026,3,3,1,3.0,107.0,400.0,leste,Santa Inês,12/08/18,None,None
337873,440000.0,,-19.9559283,-43.93621710000002,3,2,1,2.0,110.0,120.0,centro-sul,Sion,12/08/18,None,None
340438,440000.0,,-19.8886538,-43.99843140000002,2,2,1,2.0,88.0,22.0,pampulha,Castelo,12/08/18,None,None
347252,440000.0,,-19.9008675,-43.97740759999999,3,2,1,2.0,120.0,230.0,noroeste,Caiçaras,12/08/18,None,None
1701944,440000.0,,-19.886332,-43.98361999999997,3,1,1,2.0,200.0,750.0,pampulha,Ouro Preto,12/08/18,None,None
1831801,440000.0,,-19.9447947,-43.92681319999997,3,2,1,2.0,147.57,350.0,centro-sul,Cruzeiro,12/08/18,None,None
2141511,440000.0,,-19.9669068,-43.96700449999997,3,3,1,2.0,235.16,460.0,oeste,Buritis,12/08/18,None,None
2383329,440000.0,,-19.948207999999997,-43.9442042,2,2,1,2.0,1.0,1.0,centro-sul,Santo Antônio,12/08/18,None,None
2384266,440000.0,,-19.948207999999997,-43.9442042,2,2,1,2.0,1.0,1.0,centro-sul,Santo Antônio,12/08/18,None,None
3227889,440000.0,,-19.926492,-43.99185219999998,3,3,1,2.0,133.95,1100.0,noroeste,Coração Eucarístico,12/08/18,None,None
3240716,440000.0,,-19.918152,-43.93065150000001,2,2,0,2.0,128.0,620.0,leste,Floresta,12/08/18,None,None
3242144,440000.0,,-19.942201899999997,-43.94626790000001,3,2,0,2.0,159.25,580.0,centro-sul,Santo Antônio,12/08/18,None,None
3247513,440000.0,,-19.902071799999998,-43.97719410000002,3,3,1,1.0,140.0,340.0,norte,Adelaide,12/08/18,None,None
3248771,440000.0,,-19.8554758,-43.95763980000004,3,2,1,3.0,128.21,432.79,pampulha,Pampulha,12/08/18,None,None
3250793,440000.0,,-19.9147734,-43.92432680000002,3,2,1,3.0,200.0,440.0,leste,Floresta,12/08/18,None,None
1683109,443500.0,,-19.9512056,-43.9395993,2,2,1,2.0,208.03,400.0,centro-sul,Sion,12/08/18,None,None
41081,445000.0,,-19.948897600000002,-43.96165180000003,3,1,1,2.0,1980.0,300.0,oeste,Gutierrez,12/08/18,None,None
141526,445000.0,,-19.8400745,-43.96444819999999,3,2,1,3.0,100.0,160.0,pampulha,Itapoã,12/08/18,None,None
188481,445000.0,,-19.9700559,-43.96786880000002,3,2,1,3.0,165.0,980.0,oeste,Buritis,12/08/18,None,None
248937,445000.0,,-19.904291699999998,-43.93946549999998,3,1,1,1.0,70.85,300.0,leste,Floresta,12/08/18,None,None
338266,445000.0,,-19.946115,-43.93899599999998,3,3,2,2.0,102.0,400.0,centro-sul,São Pedro,12/08/18,None,None
350860,445000.0,,-19.951890399999996,-43.94818129999999,2,1,0,3.0,176.0,611.0,centro-sul,Vila Paris,12/08/18,None,None
357027,445000.0,,-19.936986100000002,-43.98316669999997,3,2,1,1.0,80.0,250.0,oeste,Salgado Filho,12/08/18,None,None
357028,445000.0,,-19.936986100000002,-43.98316669999997,3,2,1,2.0,80.0,250.0,oeste,Salgado Filho,12/08/18,None,None
1347089,445000.0,,-19.9632078,-43.968812299999975,2,2,1,3.0,141.28,679.94,oeste,Estrela Dalva,12/08/18,None,None
1687662,445000.0,,-19.871555800000003,-43.93930130000001,3,1,1,3.0,108.02,215.0,nordeste,Palmares,12/08/18,None,None
1822657,445000.0,,-19.9722848,-43.97630830000003,3,1,1,2.0,156.0,350.0,oeste,Buritis,12/08/18,None,None
3238076,445000.0,,-19.9730513,-43.97369029999999,4,2,1,3.0,147.0,400.0,oeste,Buritis,12/08/18,None,None
3245608,445000.0,,-19.887037,-43.924984,3,2,1,2.0,130.97,300.0,nordeste,União,12/08/18,None,None
133397,448000.0,,-19.9036803,-43.92792670000001,3,1,1,2.0,133.19,250.0,leste,Sagrada Família,12/08/18,None,None
3250804,448000.0,,-19.938081,-43.91902800000002,2,2,1,3.0,165.44,1115.0,centro-sul,Serra,12/08/18,None,None
12737,449000.0,,-19.844435600000004,-43.93521140000002,3,3,1,3.0,110.0,100.0,norte,Heliópolis,12/08/18,None,None
16914,449000.0,,-19.940957,-43.982501000000006,2,3,1,3.0,110.0,200.0,oeste,Salgado Filho,12/08/18,None,None
344816,449000.0,,-19.9494272,-43.938824100000026,3,2,1,2.0,154.0,450.0,centro-sul,São Pedro,12/08/18,None,None
1805231,449000.0,,-19.9106435,-43.92913420000002,3,1,1,2.0,82.58,300.0,leste,Floresta,12/08/18,None,None
3246588,449000.0,,-19.9730685,-43.96715949999998,3,2,1,2.0,173.33,688.79,oeste,Estoril,12/08/18,None,None
3255669,449000.0,,-19.9694478,-43.97184849999997,3,2,1,2.0,90.0,700.0,oeste,Buritis,12/08/18,None,None
8215,450000.0,,-19.9510047,-43.94553080000003,4,2,1,2.0,100.0,350.0,centro-sul,Santo Antônio,12/08/18,None,None
9145,450000.0,,-19.939699899999997,-43.95765349999999,3,3,1,2.0,151.57,780.0,oeste,Gutierrez,12/08/18,None,None
16899,450000.0,,-19.9311337,-43.95422940000003,3,2,1,2.0,113.72,200.0,centro-sul,Santo Agostinho,12/08/18,None,None
31931,450000.0,,-19.8343755,-43.96735209999997,3,2,1,4.0,109.33,280.0,pampulha,Santa Branca,12/08/18,None,None
50617,450000.0,,-19.902348899999996,-43.97106740000004,3,3,1,2.0,88.75,250.0,noroeste,Caiçaras,12/08/18,None,None
53674,450000.0,,-19.893377100000002,-43.90920240000003,3,2,1,2.0,1.0,350.0,leste,Santa Inês,12/08/18,None,None
53675,450000.0,,-19.893377100000002,-43.90920240000003,3,2,1,2.0,1.0,350.0,leste,Santa Inês,12/08/18,None,None
54240,450000.0,,-19.833043,-43.98475300000001,3,2,1,2.0,108.33,50.0,pampulha,Copacabana,12/08/18,None,None
58069,450000.0,,-19.967312699999997,-43.95998150000002,3,1,1,2.0,147.16,600.0,oeste,Buritis,12/08/18,None,None
62511,450000.0,,-19.9348467,-43.98158460000002,4,3,1,2.0,109.54,380.0,oeste,Nova Suíssa,12/08/18,None,None
65728,450000.0,,-19.9734091,-43.9735427,3,2,1,3.0,217.0,640.0,oeste,Buritis,12/08/18,None,None
135902,450000.0,,-19.9018725,-43.98118729999999,3,2,1,2.0,85.03,250.0,noroeste,Caiçaras,12/08/18,None,None
138727,450000.0,,-19.9491148,-43.9476851,3,2,0,3.0,147.28,550.0,centro-sul,Vila Paris,12/08/18,None,None
139258,450000.0,,-19.971916600000004,-43.96669470000001,3,3,1,1.0,145.45,850.0,oeste,Buritis,12/08/18,None,None
144048,450000.0,,-19.941450800000002,-44.0199677,3,3,1,2.0,185.01,0.01,noroeste,Camargos,12/08/18,None,None
147136,450000.0,,-19.889044600000002,-43.91019270000004,3,2,1,2.0,120.15,400.0,venda-nova,Ana Lúcia,12/08/18,None,None
147328,450000.0,,-19.9742961,-43.96353579999999,4,3,1,2.0,211.0,400.0,oeste,Buritis,12/08/18,None,None
151408,450000.0,,-19.9202375,-43.91105949999997,3,3,1,3.0,190.13,450.0,centro-sul,Santa Efigênia,12/08/18,None,None
152856,450000.0,,-19.9656439,-43.94695680000001,3,2,1,3.0,126.45,300.0,centro-sul,Santa Lúcia,12/08/18,None,None
153141,450000.0,,-19.946530199999998,-43.94913029999998,2,2,1,2.0,140.0,600.0,centro-sul,Santo Antônio,12/08/18,None,None
158499,450000.0,,-19.945358,-43.92460299999999,3,2,0,2.0,145.99,250.0,centro-sul,Cruzeiro,12/08/18,None,None
160479,450000.0,,-19.969015399999996,-43.96450519999996,3,2,1,2.0,168.37,653.0,oeste,Buritis,12/08/18,None,None
160861,450000.0,,-19.884361,-43.933404,2,1,1,2.0,263.0,290.0,nordeste,Ipiranga,12/08/18,None,None
161741,450000.0,,-19.904873100000003,-43.9766252,3,3,1,2.0,150.0,300.0,noroeste,Caiçaras,12/08/18,None,None
165000,450000.0,,-19.948565,-43.92272600000001,3,2,1,2.0,147.0,325.0,centro-sul,Cruzeiro,12/08/18,None,None
166489,450000.0,,-19.974472600000002,-43.96634519999998,2,2,1,3.0,111.0,250.0,oeste,Buritis,12/08/18,None,None
167397,450000.0,,-19.8765449,-43.93549789999997,3,0,1,2.0,1045.0,380.0,nordeste,Palmares,12/08/18,None,None
168096,450000.0,,-19.828020000000002,-43.97024199999999,3,2,1,3.0,178.14,350.0,pampulha,Santa Mônica,12/08/18,None,None
174899,450000.0,,-19.950721899999998,-43.9331929,3,3,1,3.0,139.0,450.0,centro-sul,Sion,12/08/18,None,None
202304,450000.0,,-19.9497299,-43.923007900000016,2,1,0,3.0,158.86,405.0,centro-sul,Anchieta,12/08/18,None,None
203250,450000.0,,-19.9427049,-43.95976059999998,3,2,1,2.0,150.32,524.14,oeste,Gutierrez,12/08/18,None,None
220153,450000.0,,-19.943763699999998,-43.92014189999998,3,2,1,2.0,115.0,430.0,centro-sul,Serra,12/08/18,None,None
239206,450000.0,,-19.939723,-43.91455129999997,4,2,1,3.0,139.0,500.0,centro-sul,Serra,12/08/18,None,None
251739,450000.0,,-19.834360504760024,-43.98191517304689,3,1,1,2.0,120.0,300.0,pampulha,Santa Amélia,12/08/18,None,None
252929,450000.0,,-19.8413206,-43.95843120000001,3,2,1,2.0,154.81,400.0,pampulha,Itapoã,12/08/18,None,None
267650,450000.0,,-19.9658006,-43.97286689999999,3,1,1,3.0,77.12,0.0,oeste,Palmeiras,12/08/18,None,None
313856,450000.0,,-19.976374300000003,-44.01846449999999,3,1,1,2.0,1321.44,460.0,barreiro,Barreiro,12/08/18,None,None
334602,450000.0,,-19.959688699999997,-43.93665390000001,2,1,1,1.0,216.0,600.0,centro-sul,Sion,12/08/18,None,None
335865,450000.0,,-19.889132399999998,-43.99524859999997,3,1,1,2.0,168.0,260.0,pampulha,Castelo,12/08/18,None,None
337532,450000.0,,-19.821828200000002,-43.98083159999999,3,2,1,3.0,10.0,10.0,venda-nova,Sinimbu,12/08/18,None,None
338686,450000.0,,-19.9370107,-43.91919949999999,3,2,1,2.0,147.8,520.0,centro-sul,Serra,12/08/18,None,None
338741,450000.0,,-19.9563013,-43.9393101,2,1,0,4.0,93.0,250.0,centro-sul,Sion,12/08/18,None,None
341046,450000.0,,-19.896654959925982,-43.92303812537836,3,2,1,3.0,147.74,500.0,leste,Sagrada Família,12/08/18,None,None
342905,450000.0,,-19.888492499999998,-43.92155349999996,3,1,1,4.0,120.0,295.0,leste,Cidade Nova,12/08/18,None,None
346585,450000.0,,-19.9392915,-43.982048299999974,3,3,1,2.0,200.0,180.0,oeste,Havaí,12/08/18,None,None
348528,450000.0,,-19.932243600000003,-43.97672239999997,3,2,0,3.0,86.24,200.0,oeste,Nova Suíssa,12/08/18,None,None
353178,450000.0,,-19.8765545,-43.93613670000002,3,2,1,2.0,92.0,270.0,nordeste,Palmares,12/08/18,None,None
354808,450000.0,,-19.9502489,-43.93852449999997,2,1,1,1.0,285.0,400.0,centro-sul,São Pedro,12/08/18,None,None
356951,450000.0,,-19.937957,-43.9683162,3,1,1,3.0,177.0,800.0,oeste,Grajaú,12/08/18,None,None
357775,450000.0,,-19.9717826,-43.96652740000002,3,3,1,3.0,152.36,583.77,oeste,Buritis,12/08/18,None,None
358152,450000.0,,-19.955236300000003,-43.93925830000001,3,2,1,2.0,105.0,320.0,centro-sul,Sion,12/08/18,None,None
358982,450000.0,,-19.8721389,-43.91425029999999,4,3,1,3.0,150.0,350.0,nordeste,Fernão Dias,12/08/18,None,None
361780,450000.0,,-19.9640392,-43.97171049999997,3,2,1,3.0,130.95,250.0,oeste,Havaí,12/08/18,None,None
363001,450000.0,,-19.921819,-43.965090499999974,3,2,1,1.0,77.0,650.0,oeste,Prado,12/08/18,None,None
363262,450000.0,,-19.829217899999996,-43.9815132,3,1,1,1.0,1.0,1.0,pampulha,Santa Mônica,12/08/18,None,None
366181,450000.0,,-19.9033418,-43.92540500000001,3,2,1,3.0,148.0,350.0,leste,Sagrada Família,12/08/18,None,None
378266,450000.0,,-19.887557,-43.92685800000004,3,2,1,2.0,127.26,370.6,leste,Cidade Nova,12/08/18,None,None
1468911,450000.0,,-19.888248,-43.89570630000003,3,2,1,2.0,1.0,130.0,leste,Nova Vista,12/08/18,None,None
1508159,450000.0,,-19.912751,-43.99906020000003,3,2,1,2.0,128.47,300.0,noroeste,Ipanema,12/08/18,None,None
1528675,450000.0,,-19.9086365,-43.93644789999996,3,1,1,3.0,111.08,200.0,leste,Floresta,12/08/18,None,None
1534066,450000.0,,-19.8290891,-43.9947487,3,2,1,3.0,100.0,90.0,pampulha,Copacabana,12/08/18,None,None
1671727,450000.0,,-19.890664,-43.90515800000003,3,3,1,3.0,1.0,1.0,leste,Santa Inês,12/08/18,None,None
1681799,450000.0,,-19.945082,-43.921397000000006,3,2,1,3.0,0.01,400.0,centro-sul,Serra,12/08/18,None,None
1746227,450000.0,,-19.905421,-43.91870210000002,3,2,1,1.0,174.37,500.0,leste,Sagrada Família,12/08/18,None,None
1831895,450000.0,,-19.858340899999998,-43.95598889999997,3,2,1,4.0,150.0,150.0,pampulha,Bandeirantes (pampulha),12/08/18,None,None
1834957,450000.0,,-19.8447071,-43.980573299999996,3,2,1,4.0,1375.0,420.0,pampulha,Santa Amélia,12/08/18,None,None
1836529,450000.0,,-19.9025595,-43.9263388,3,1,1,3.0,136.5,300.0,leste,Sagrada Família,12/08/18,None,None
2180377,450000.0,,-19.8870954,-43.998281599999984,2,2,1,3.0,113.0,319.0,pampulha,Castelo,12/08/18,None,None
2796587,450000.0,,-19.967724640668962,-43.968821980950906,3,2,1,3.0,165.31,589.0,oeste,Buritis,12/08/18,None,None
3211226,450000.0,,-19.833923600000002,-43.96201840000003,3,1,1,2.0,155.22,350.0,pampulha,Itapoã,12/08/18,None,None
3214936,450000.0,,-19.883626,-43.99619200000001,3,2,1,2.0,155.59,400.0,pampulha,Castelo,12/08/18,None,None
3215782,450000.0,,-19.9498973,-43.95552550000002,3,2,1,2.0,210.0,427.0,centro-sul,Luxemburgo,12/08/18,None,None
3233993,450000.0,,-19.9297968,-43.91326830000003,3,1,1,3.0,117.0,350.0,leste,São Lucas,12/08/18,None,None
3236311,450000.0,,-19.926701,-43.98873900000001,3,2,1,2.0,100.0,380.0,noroeste,Coração Eucarístico,12/08/18,None,None
3236631,450000.0,,-19.9002099,-43.92670559999999,3,2,1,2.0,163.63,340.0,leste,Sagrada Família,12/08/18,None,None
3237798,450000.0,,-19.931411999999998,-43.935716000000006,1,1,0,2.0,196.1,600.0,centro-sul,Lourdes,12/08/18,None,None
3237819,450000.0,,-19.9462997,-43.94796389999999,3,1,0,2.0,130.58,540.0,centro-sul,Santo Antônio,12/08/18,None,None
3238593,450000.0,,-19.9480408,-43.94345570000002,3,2,1,0.0,100.0,300.0,centro-sul,Santo Antônio,12/08/18,None,None
3239585,450000.0,,-19.881943300000003,-43.92023449999999,3,2,1,4.0,150.0,450000.0,nordeste,União,12/08/18,None,None
3241375,450000.0,,-19.8938569,-43.930457400000016,3,2,0,2.0,100.0,300.0,nordeste,Silveira,12/08/18,None,None
3246810,450000.0,,-19.9461461,-43.94336989999999,3,2,1,2.0,134.17,330.0,centro-sul,Santo Antônio,12/08/18,None,None
3248919,450000.0,,-19.860484,-43.94218690000002,3,3,2,2.0,140.0,200.0,pampulha,Jaraguá,12/08/18,None,None
3248942,450000.0,,-19.980981,-44.01341690000004,2,3,1,4.0,180.0,200.0,barreiro,Barreiro de Baixo,12/08/18,None,None
3249656,450000.0,,-19.8834361,-43.99605539999999,3,2,1,2.0,168.0,238.0,pampulha,Castelo,12/08/18,None,None
3249682,450000.0,,-19.925030300000003,-43.906827799999974,3,1,1,2.0,100.0,150.0,centro-sul,Santa Efigênia,12/08/18,None,None
3253815,450000.0,,-19.949929,-43.92317300000002,2,2,0,3.0,181.44,350.0,centro-sul,Anchieta,12/08/18,None,None
3256191,450000.0,,-19.939435600000003,-43.91480660000002,3,3,1,2.0,96.74,350.0,centro-sul,Serra,12/08/18,None,None
3256520,450000.0,,-19.9385678,-43.97494280000001,2,2,1,3.0,147.0,290.0,oeste,Nova Suíssa,12/08/18,None,None
3257456,450000.0,,-19.9338068,-43.98140409999996,3,1,1,4.0,186.22,570.0,oeste,Nova Suíssa,12/08/18,None,None
3258056,450000.0,,-19.885744,-43.93201499999998,3,2,1,2.0,120.0,350.0,nordeste,Ipiranga,12/08/18,None,None
3251175,451000.0,,-19.9228097,-43.93660610000001,3,2,0,2.0,132.79,400.0,centro-sul,Centro,12/08/18,None,None
358826,452000.0,,-19.9497871,-43.93777069999999,3,2,1,3.0,203.0,380.0,centro-sul,São Pedro,12/08/18,None,None
281123,455000.0,,-19.943456,-43.98456399999998,3,1,1,2.0,120.0,250.0,oeste,Salgado Filho,12/08/18,None,None
351115,455000.0,,-19.9470375,-43.9407994,3,3,1,2.0,135.0,641.0,centro-sul,Santo Antônio,12/08/18,None,None
728619,455000.0,,-19.905700699999997,-43.9020261,3,2,1,2.0,1.0,1.0,leste,Esplanada,12/08/18,None,None
53060,457889.0,,-19.8866512,-44.00463079999997,3,2,1,2.0,100.0,450.0,pampulha,Manacás,12/08/18,None,None
53073,457889.0,,-19.8866512,-44.00463079999997,3,2,1,2.0,100.0,450.0,pampulha,Manacás,12/08/18,None,None
144546,458000.0,,-16.6962456,-49.08994159999998,3,1,0,2.0,120.87,754.0,centro-sul,Lourdes,12/08/18,None,None
30764,459000.0,,-19.8918167,-43.99495539999998,3,1,1,2.0,120.0,250.0,pampulha,Castelo,12/08/18,None,None
336363,459000.0,,-19.9707312,-43.973264700000016,3,3,1,2.0,161.84,300.0,oeste,Buritis,12/08/18,None,None
355252,459000.0,,-19.9715299,-43.9659838,3,3,1,2.0,166.29,688.79,oeste,Buritis,12/08/18,None,None
27729,459900.0,,-19.885825,-43.99490900000001,3,1,1,2.0,100.0,300.0,pampulha,Castelo,12/08/18,None,None
11651,460000.0,,-19.941093,-43.94429450000001,3,2,1,2.0,150.0,360.0,centro-sul,Santo Antônio,12/08/18,None,None
30741,460000.0,,-19.879673999999998,-43.999304,3,2,1,4.0,80.0,250.0,pampulha,Castelo,12/08/18,None,None
50980,460000.0,,-19.9774985,-43.97368849999998,4,2,1,3.0,137.0,520.0,oeste,Buritis,12/08/18,None,None
52102,460000.0,,-19.923334699999998,-43.99045309999997,2,3,1,2.0,127.45,200.0,noroeste,Coração Eucarístico,12/08/18,None,None
126894,460000.0,,-19.9499495,-43.938451999999984,3,2,1,2.0,208.08,450.0,centro-sul,São Pedro,12/08/18,None,None
155458,460000.0,,-19.9576771,-43.9391182,2,3,1,3.0,165.0,900.0,centro-sul,Sion,12/08/18,None,None
155898,460000.0,,-19.9411706,-43.9453628,3,1,0,3.0,130.0,450.0,centro-sul,Santo Antônio,12/08/18,None,None
156042,460000.0,,-19.9480703,-43.95058670000003,3,3,1,2.0,180.0,600.0,centro-sul,Luxemburgo,12/08/18,None,None
168720,460000.0,,-19.914726899999998,-43.99037069999997,3,1,1,2.0,31.0,420.0,noroeste,Padre Eustáquio,12/08/18,None,None
169903,460000.0,,-19.879949,-44.00473969999996,3,1,2,2.0,160.0,300.0,pampulha,Castelo,12/08/18,None,None
193625,460000.0,,-19.934196300000004,-43.998854600000016,4,3,1,3.0,105.8,100.0,noroeste,João Pinheiro,12/08/18,None,None
224048,460000.0,,-19.8432382,-43.976356200000005,3,1,1,2.0,144.1,150.0,pampulha,Santa Amélia,12/08/18,None,None
336433,460000.0,,-19.940913300000002,-43.9148591,2,2,1,2.0,133.0,430.0,centro-sul,Serra,12/08/18,None,None
339709,460000.0,,-19.858557,-43.95722480000001,2,2,1,3.0,0.01,0.01,pampulha,Liberdade,12/08/18,None,None
340539,460000.0,,-19.972123100000005,-43.96565469999996,4,2,1,2.0,104.89,460.0,oeste,Buritis,12/08/18,None,None
341937,460000.0,,-19.8325924,-43.94566739999999,3,2,1,2.0,140.0,200.0,norte,Planalto,12/08/18,None,None
342336,460000.0,,-19.9102969,-43.9783506,3,2,1,2.0,150.16,250.0,noroeste,Monsenhor Messias,12/08/18,None,None
351568,460000.0,,-19.9453351,-43.94183470000002,2,2,1,2.0,118.96,380.0,centro-sul,Santo Antônio,12/08/18,None,None
359598,460000.0,,-19.932433800000002,-43.95872929999996,3,2,0,2.0,169.0,300.0,oeste,Gutierrez,12/08/18,None,None
360442,460000.0,,-19.9407488,-43.94975690000001,3,2,1,3.0,128.42,320.0,centro-sul,Cidade Jardim,12/08/18,None,None
363446,460000.0,,-19.935160500000002,-43.91943170000002,4,1,1,3.0,122.71,445.61,leste,São Lucas,12/08/18,None,None
411391,460000.0,,-19.840707300000002,-44.01046969999999,3,1,3,2.0,100.0,100.0,pampulha,Trevo,12/08/18,None,None
411611,460000.0,,-19.840707300000002,-44.01046969999999,3,1,3,2.0,100.0,100.0,pampulha,Trevo,12/08/18,None,None
500818,460000.0,,-19.9478346,-43.92648229999998,3,2,1,3.0,165.0,650.0,centro-sul,Anchieta,12/08/18,None,None
1614749,460000.0,,-19.8286099,-43.99483679999997,3,1,1,3.0,116.66,154.5,pampulha,Céu Azul,12/08/18,None,None
1671660,460000.0,,-19.973586100000002,-43.96792370000003,3,2,1,3.0,127.89,375.0,oeste,Buritis,12/08/18,None,None
1756568,460000.0,,-19.887862,-43.99922040000001,3,2,1,3.0,1.0,462.0,pampulha,Castelo,12/08/18,None,None
1807260,460000.0,,-19.9301396,-43.9617093,3,2,0,2.0,1049.82,380.0,oeste,Prado,12/08/18,None,None
1859545,460000.0,,-19.872417000000002,-43.9146169,3,1,1,2.0,113.26,200.0,nordeste,Fernão Dias,12/08/18,None,None
1932463,460000.0,,-19.8423747,-43.983144900000006,3,2,1,3.0,112.0,200.0,pampulha,Santa Amélia,12/08/18,None,None
2097626,460000.0,,-19.937851300000002,-43.936195399999974,3,1,0,4.0,178.4,250.0,centro-sul,Savassi,12/08/18,None,None
3214949,460000.0,,-19.948586499999998,-43.92891179999998,3,2,1,4.0,300.0,300.0,centro-sul,Anchieta,12/08/18,None,None
3226935,460000.0,,-19.975676,-43.96427399999999,3,3,1,4.0,163.48,520.0,oeste,Buritis,12/08/18,None,None
3228052,460000.0,,-19.8620716,-43.95607080000002,2,2,1,3.0,1.0,440.0,pampulha,Liberdade,12/08/18,None,None
3234856,460000.0,,-19.942347,-43.98124199999995,3,3,1,2.0,116.0,380.0,oeste,Salgado Filho,12/08/18,None,None
3238736,460000.0,,-19.9427965,-43.96917259999998,2,1,1,4.0,155.77,300.0,oeste,Nova Granada,12/08/18,None,None
3241057,460000.0,,-19.899576500000002,-43.92624519999998,3,2,1,2.0,143.56,400.0,leste,Sagrada Família,12/08/18,None,None
3244172,460000.0,,-19.9504615,-43.92672690000001,2,2,1,5.0,150.0,245.0,centro-sul,Carmo,12/08/18,None,None
3246758,460000.0,,-19.8923725,-43.99876819999997,4,1,1,4.0,55.0,360.0,pampulha,Manacás,12/08/18,None,None
3246901,460000.0,,-19.878804000000002,-44.00412599999999,2,1,1,2.0,0.01,250.0,pampulha,Castelo,12/08/18,None,None
3248451,460000.0,,-19.8557242,-43.95706310000003,3,2,1,1.0,133.4,452.82,pampulha,Pampulha,12/08/18,None,None
3251834,460000.0,,-19.9453422,-43.93076389999999,4,2,1,2.0,185.0,684.0,centro-sul,Sion,12/08/18,None,None
3252637,460000.0,,-19.879572,-43.93239499999999,3,2,1,3.0,162.38,250.0,nordeste,Ipiranga,12/08/18,None,None
3257846,460000.0,,-19.8850231,-43.90864829999998,3,3,1,3.0,132.0,370.0,venda-nova,Ana Lúcia,12/08/18,None,None
159573,460366.67,,-19.8676907,-43.994663300000006,2,2,1,2.0,100.0,460.0,pampulha,Paquetá,12/08/18,None,None
3228369,463698.58,,-19.8620641,-43.95602250000002,2,2,1,2.0,1.0,440.0,pampulha,Liberdade,12/08/18,None,None
159567,463816.67,,-19.8676907,-43.994663300000006,2,2,1,2.0,100.0,460.0,pampulha,Paquetá,12/08/18,None,None
159572,463816.67,,-19.8676907,-43.994663300000006,2,2,1,3.0,100.0,460.0,pampulha,Paquetá,12/08/18,None,None
137763,465000.0,,-19.9686839,-43.96999629999999,3,3,1,4.0,162.52,370.0,oeste,Buritis,12/08/18,None,None
137774,465000.0,,-19.9686839,-43.96999629999999,3,3,1,4.0,162.52,370.0,oeste,Buritis,12/08/18,None,None
157471,465000.0,,-19.8952092,-43.970778300000006,3,3,1,4.0,105.0,210.0,noroeste,Caiçaras,12/08/18,None,None
308277,465000.0,,-19.92876,-43.91168290000002,3,2,1,4.0,114.16,396.0,leste,São Lucas,12/08/18,None,None
344143,465000.0,,-19.8994534,-43.976834000000004,3,4,1,4.0,120.36,231.0,noroeste,Caiçaras,12/08/18,None,None
353528,465000.0,,-19.94797,-43.94164649999999,3,2,1,2.0,115.18,400.0,centro-sul,Santo Antônio,12/08/18,None,None
400825,465000.0,,-19.979642499999997,-44.02423350000004,3,2,1,2.0,200.0,200.0,barreiro,Barreiro,12/08/18,None,None
3255338,465000.0,,-19.887876000000002,-43.910212,3,2,1,3.0,1126.83,360.0,leste,Santa Inês,12/08/18,None,None
180222,467000.0,,-19.9749628,-43.97697950000003,2,3,1,2.0,174.36,300.0,oeste,Buritis,12/08/18,None,None
3244698,467000.0,,-19.949916,-43.945265000000006,2,2,1,3.0,185.54,288.0,centro-sul,Santo Antônio,12/08/18,None,None
34019,468000.0,,-19.9718738,-43.9726465,4,3,1,3.0,190.85,280.0,oeste,Buritis,12/08/18,None,None
153882,468000.0,,-19.9831479,-43.9740693,3,2,1,3.0,130.24,510.0,oeste,Buritis,12/08/18,None,None
3228523,468559.92,,-19.8620641,-43.95602250000002,2,2,1,4.0,1.0,440.0,pampulha,Liberdade,12/08/18,None,None
24227,469000.0,,-19.8723303,-43.91821119999997,4,2,1,2.0,250.0,330.0,nordeste,Fernão Dias,12/08/18,None,None
61895,469000.0,,-19.969246300000002,-43.96988740000001,3,2,1,4.0,185.49,770.0,oeste,Buritis,12/08/18,None,None
136334,469000.0,,-19.9481002,-43.92286899999999,3,3,1,4.0,146.96,600.0,centro-sul,Cruzeiro,12/08/18,None,None
146155,469000.0,,-19.9280742,-43.95811259999999,3,1,0,3.0,120.0,280.0,oeste,Prado,12/08/18,None,None
335607,469000.0,,-19.940967899999997,-43.91665420000004,3,3,2,3.0,105.63,400.0,centro-sul,Serra,12/08/18,None,None
347290,469000.0,,-19.9103153,-43.962801000000006,3,3,1,3.0,189.81,475.0,noroeste,Carlos Prates,12/08/18,None,None
363668,469000.0,,-19.971916600000004,-43.96669470000001,3,2,1,3.0,180.86,688.79,oeste,Buritis,12/08/18,None,None
3248758,469000.0,,-19.9698302,-43.96899669999999,3,3,1,2.0,207.64,1000.0,oeste,Buritis,12/08/18,None,None
1683016,469900.0,,-19.9512056,-43.9395993,2,2,1,3.0,203.03,400.0,centro-sul,São Pedro,12/08/18,None,None
11689,470000.0,,-19.9788884,-43.9658541,3,3,1,4.0,170.0,250.0,oeste,Buritis,12/08/18,None,None
12058,470000.0,,-19.9817812,-43.97415230000002,2,2,1,4.0,128.54,360.0,oeste,Buritis,12/08/18,None,None
14861,470000.0,,-19.979736,-43.96945800000003,3,1,2,3.0,200.0,380.0,oeste,Buritis,12/08/18,None,None
35402,470000.0,,-19.902410699999997,-43.91223020000001,3,3,2,5.0,84.36,210.0,leste,Sagrada Família,12/08/18,None,None
60883,470000.0,,-19.904207,-43.90716389999999,3,1,1,4.0,167.0,300.0,leste,Esplanada,12/08/18,None,None
64696,470000.0,,-19.901137,-43.97679900000003,3,4,1,0.0,95.0,330.0,noroeste,Caiçaras,12/08/18,None,None
141388,470000.0,,-19.8248559,-43.9612525,3,1,1,3.0,92.71,400.0,norte,Planalto,12/08/18,None,None
148517,470000.0,,-19.8741469,-43.9990704,3,1,1,4.0,110.89,320.0,pampulha,Castelo,12/08/18,None,None
149920,470000.0,,-19.9470563,-43.950751399999994,2,2,1,4.0,151.61,260.0,centro-sul,Vila Paris,12/08/18,None,None
151988,470000.0,,-19.937538699999998,-43.96729490000001,3,2,1,4.0,67.21,170.0,oeste,Grajaú,12/08/18,None,None
156817,470000.0,,-19.912094500000002,-43.915648100000006,3,3,1,3.0,160.0,420.0,leste,Santa Tereza,12/08/18,None,None
336306,470000.0,,-19.9437076,-43.95298819999999,3,3,1,3.0,249.91,375.0,centro-sul,Luxemburgo,12/08/18,None,None
358147,470000.0,,-19.9275756,-43.99391579999997,3,3,1,3.0,141.0,330.0,noroeste,Coração Eucarístico,12/08/18,None,None
397164,470000.0,,-19.9350418,-43.97499270000003,3,2,0,4.0,77.0,250.0,oeste,Nova Suíssa,12/08/18,None,None
762160,470000.0,,-19.9223256,-43.989333200000026,3,2,1,4.0,129.79,470.0,noroeste,Coração Eucarístico,12/08/18,None,None
1574257,470000.0,,-19.9325704,-43.97354889999997,3,3,1,4.0,148.84,748.0,oeste,Nova Suíssa,12/08/18,None,None
1580522,470000.0,,-19.948142999999998,-43.932829999999974,3,2,1,3.0,0.01,400.0,centro-sul,Carmo,12/08/18,None,None
1701535,470000.0,,-19.870099800000002,-43.990089899999994,3,1,1,4.0,140.0,500.0,pampulha,Ouro Preto,12/08/18,None,None
1890783,470000.0,,-19.9810355,-43.97664229999998,3,2,1,4.0,190.0,540.0,oeste,Buritis,12/08/18,None,None
2235622,470000.0,,-19.9191734,-43.93864859999997,2,2,1,4.0,187.01,400.0,centro-sul,Lourdes,12/08/18,None,None
3215125,470000.0,,-19.9004841,-44.00682660000001,2,1,1,4.0,1.0,250.0,noroeste,Primavera,12/08/18,None,None
3215417,470000.0,,-19.879227899999997,-43.932506999999994,3,2,1,2.0,181.0,250.0,nordeste,Ipiranga,12/08/18,None,None
3238146,470000.0,,-19.980762600000002,-43.97513730000003,3,3,1,3.0,150.0,480.0,oeste,Buritis,12/08/18,None,None
3239223,470000.0,,-19.9756504,-43.97643060000002,3,3,1,2.0,130.0,400.0,oeste,Buritis,12/08/18,None,None
3242062,470000.0,,-19.937719899999998,-43.96174889999998,4,1,0,2.0,97.0,380.0,oeste,Gutierrez,12/08/18,None,None
3229319,470774.83,,-19.8620641,-43.95602250000002,2,2,1,3.0,1.0,440.0,pampulha,Liberdade,12/08/18,None,None
363103,472320.0,,-19.935547,-43.929664,1,1,1,4.0,115.0,250.0,centro-sul,Funcionários,12/08/18,None,None
250669,474000.0,,-19.9831479,-43.9740693,3,1,1,5.0,133.0,500.0,oeste,Buritis,12/08/18,None,None
58579,475000.0,,-19.9824292,-43.9881891,3,2,1,4.0,172.58,870.0,oeste,Buritis,12/08/18,None,None
168954,475000.0,,-19.9322177,-43.93130910000002,3,1,0,5.0,131.2,558.0,centro-sul,Savassi,12/08/18,None,None
174202,475000.0,,-19.9700819,-43.96531859999999,3,2,1,3.0,156.3,440.0,oeste,Buritis,12/08/18,None,None
341384,475000.0,,-19.8834415,-43.9950935,3,2,1,4.0,133.33,370.0,pampulha,Castelo,12/08/18,None,None
1099459,475000.0,,-19.8857453,-43.99476800000002,3,1,1,6.0,203.41,700.0,pampulha,Castelo,12/08/18,None,None
1578334,475000.0,,-19.8957763,-43.92415110000002,3,3,1,1.0,161.24,683.0,leste,Sagrada Família,12/08/18,None,None
2682112,475000.0,,-19.928130499999998,-43.993261099999984,3,3,3,1.0,127.75,350.0,noroeste,Coração Eucarístico,12/08/18,None,None
3229322,475657.81,,-19.8620641,-43.95602250000002,2,2,1,2.0,1.0,440.0,pampulha,Liberdade,12/08/18,None,None
359555,479000.0,,-19.8978951,-43.97185020000001,3,2,1,1.0,80.0,120.0,noroeste,Alto Caiçaras,12/08/18,None,None
1462164,479000.0,,-19.943099899999996,-43.97242110000002,3,2,1,3.0,269.04,350.0,oeste,Jardim América,12/08/18,None,None
1529797,479000.0,,-19.9193209,-43.91467950000003,3,1,0,1.0,103.84,560.0,leste,São Lucas,12/08/18,None,None
1839008,479000.0,,-19.8892217,-43.99596910000002,3,1,1,1.0,190.0,270.0,pampulha,Castelo,12/08/18,None,None
3243004,479000.0,,-19.92870145517684,-43.9316411767212,3,3,1,2.0,189.42,350.0,centro-sul,Santa Efigênia,12/08/18,None,None
2469142,479999.0,,-19.9279081,-43.97552819999999,3,3,1,1.0,125.81,280.0,oeste,Nova Suíssa,12/08/18,None,None
7730,480000.0,,-19.913625600000003,-43.9169789,3,3,2,1.0,70.0,220.0,leste,Santa Tereza,12/08/18,None,None
23206,480000.0,,-19.922262399999997,-43.9475893,3,2,0,2.0,99.76,350.0,centro-sul,Barro Preto,12/08/18,None,None
36473,480000.0,,-19.9404693,-43.96314330000001,3,2,0,2.0,103.0,250.0,oeste,Gutierrez,12/08/18,None,None
47575,480000.0,,-19.8737892,-43.946125,3,2,1,2.0,130.0,278.0,nordeste,Santa Cruz,12/08/18,None,None
51416,480000.0,,-19.929088399999998,-43.96807869999998,2,2,1,3.0,174.0,150.0,oeste,Prado,12/08/18,None,None
53839,480000.0,,-19.8830741,-43.99416300000002,3,2,1,3.0,165.0,400.0,pampulha,Castelo,12/08/18,None,None
127222,480000.0,,-19.9501942,-43.938520400000016,2,1,1,2.0,0.01,400.0,centro-sul,São Pedro,12/08/18,None,None
130407,480000.0,,-19.8965436,-43.977084399999974,4,2,2,1.0,133.33,300.0,noroeste,Caiçaras,12/08/18,None,None
146511,480000.0,,-19.9591727,-43.93747559999997,3,1,1,1.0,199.74,696.0,centro-sul,Sion,12/08/18,None,None
161426,480000.0,,-19.947798000000002,-43.92164309999998,3,2,1,2.0,148.09,532.0,centro-sul,Cruzeiro,12/08/18,None,None
165235,480000.0,,-19.9127046,-43.909228900000016,3,2,1,2.0,93.0,350.0,leste,Santa Tereza,12/08/18,None,None
175082,480000.0,,-23.275879,-51.27463799999998,3,2,0,2.0,90.0,800.0,centro-sul,Centro,12/08/18,None,None
176093,480000.0,,-19.9293008,-43.90801499999998,3,2,1,1.0,145.48,300.0,leste,São Lucas,12/08/18,None,None
179204,480000.0,,-19.931132,-43.96091739999997,3,3,1,1.0,102.71,400.0,oeste,Gutierrez,12/08/18,None,None
179930,480000.0,,-19.9156829,-43.95143810000002,3,2,0,2.0,130.0,650.0,noroeste,Carlos Prates,12/08/18,None,None
306946,480000.0,,-19.938768,-43.932514999999974,3,3,1,2.0,168.75,300.0,centro-sul,Funcionários,12/08/18,None,None
327713,480000.0,,-19.9496692,-43.94273020000003,3,2,1,2.0,150.59,756.01,centro-sul,Santo Antônio,12/08/18,None,None
335107,480000.0,,-19.9472169,-43.95026100000001,3,3,1,2.0,144.5,388.0,centro-sul,Coração de Jesus,12/08/18,None,None
335871,480000.0,,-19.88007,-44.00460799999996,2,2,1,1.0,110.0,350.0,pampulha,Castelo,12/08/18,None,None
344823,480000.0,,-19.947333399999998,-43.94351269999999,3,3,1,1.0,182.2,400.0,centro-sul,Santo Antônio,12/08/18,None,None
354472,480000.0,,-19.97315,-43.96864640000001,2,2,1,1.0,168.29,566.0,oeste,Buritis,12/08/18,None,None
354817,480000.0,,-19.9424305,-43.97522960000003,2,2,0,0.0,151.0,350.0,oeste,Jardim América,12/08/18,None,None
355455,480000.0,,-19.937043,-43.977668,4,3,1,2.0,87.0,390.0,oeste,Nova Suíssa,12/08/18,None,None
360038,480000.0,,-19.976346600000003,-43.96939659999998,3,2,2,2.0,146.21,350.0,oeste,Buritis,12/08/18,None,None
361631,480000.0,,-19.888813,-43.90756399999998,3,3,1,2.0,106.38,250.0,leste,Santa Inês,12/08/18,None,None
362292,480000.0,,-19.9452775,-43.94880860000001,2,2,1,2.0,162.75,426.0,centro-sul,Santo Antônio,12/08/18,None,None
363261,480000.0,,-19.821699,-43.983974999999994,3,1,1,2.0,1.0,1.0,venda-nova,Rio Branco,12/08/18,None,None
364643,480000.0,,-19.821378,-43.9726799,3,2,1,2.0,1442.0,200.0,pampulha,Santa Mônica,12/08/18,None,None
365009,480000.0,,-19.9461109,-43.919672799999994,2,1,1,2.0,1960.0,300.0,centro-sul,Cruzeiro,12/08/18,None,None
365774,480000.0,,-19.8758293,-43.99442440000002,2,2,1,2.0,60.0,350.0,pampulha,Castelo,12/08/18,None,None
519823,480000.0,,-19.9456283,-43.92191780000002,4,3,1,2.0,233.0,504.0,centro-sul,Cruzeiro,12/08/18,None,None
1352931,480000.0,,-19.9335357,-43.93124920000002,4,2,0,2.0,120.88,350.0,centro-sul,Savassi,12/08/18,None,None
1609081,480000.0,,-19.8731824,-43.93322280000001,3,3,1,2.0,153.64,400.0,nordeste,Palmares,12/08/18,None,None
1656380,480000.0,,-19.975394899999998,-43.9650891,3,2,1,2.0,120.0,781.0,oeste,Buritis,12/08/18,None,None
1756341,480000.0,,-19.888012300000003,-43.99903230000001,3,2,1,2.0,1.0,462.0,pampulha,Castelo,12/08/18,None,None
1824830,480000.0,,-19.8817677,-44.00318190000002,3,1,1,2.0,120.0,300.0,pampulha,Castelo,12/08/18,None,None
1859985,480000.0,,-19.8877726,-43.92409780000003,4,2,1,2.0,151.51,450.0,nordeste,União,12/08/18,None,None
2201910,480000.0,,-19.9714589,-43.96942630000001,3,1,1,2.0,200.0,800.0,oeste,Buritis,12/08/18,None,None
3233556,480000.0,,-19.886428600000002,-43.94207489999997,3,2,1,2.0,230.0,200.0,nordeste,Renascença,12/08/18,None,None
3234165,480000.0,,-19.872347199999997,-43.919507700000004,3,3,1,2.0,142.99,250.0,nordeste,Fernão Dias,12/08/18,None,None
3234767,480000.0,,-19.966481299999998,-43.96909099999999,3,3,1,2.0,156.55,350.0,oeste,Buritis,12/08/18,None,None
3239854,480000.0,,-19.9542772,-43.92763059999999,3,2,1,2.0,131.25,450.0,centro-sul,Anchieta,12/08/18,None,None
3240552,480000.0,,-19.9007641,-43.92350099999999,3,2,1,2.0,163.38,250.0,leste,Sagrada Família,12/08/18,None,None
3240563,480000.0,,-19.9007641,-43.92350099999999,3,2,1,2.0,163.38,250.0,leste,Sagrada Família,12/08/18,None,None
3241689,480000.0,,-19.980384,-44.02505099999996,3,2,1,2.0,150.0,200.0,barreiro,Barreiro de Baixo,12/08/18,None,None
3244985,480000.0,,-19.9713026,-43.9695858,3,3,1,2.0,180.67,600.0,oeste,Buritis,12/08/18,None,None
3247064,480000.0,,-19.8908476,-43.902156900000016,3,1,1,2.0,137.94,50.0,leste,Nova Vista,12/08/18,None,None
3247316,480000.0,,-19.9542796,-43.9275581,2,2,1,2.0,139.45,520.0,centro-sul,Anchieta,12/08/18,None,None
3254072,480000.0,,-19.898902399999997,-43.91623340000001,3,0,0,2.0,138.86,350.0,leste,Sagrada Família,12/08/18,None,None
3256177,480000.0,,-19.846029100000003,-43.98368219999998,3,2,1,2.0,150.0,350.0,pampulha,Santa Amélia,12/08/18,None,None
3256606,480000.0,,-19.9581925,-43.966102200000016,3,3,1,2.0,165.47,539.84,oeste,Estoril,12/08/18,None,None
3257667,480000.0,,-19.912969,-43.909137999999984,3,2,0,2.0,122.0,400.0,leste,Santa Tereza,12/08/18,None,None
357077,481000.0,,-19.9350667,-43.9710303,3,3,1,2.0,100.0,200.0,oeste,Nova Granada,12/08/18,None,None
38662,485000.0,,-19.9598302,-43.94654480000003,3,2,1,2.0,161.89,300.0,centro-sul,Santa Lúcia,12/08/18,None,None
297506,485000.0,,-19.9488655,-43.94305910000003,3,2,1,2.0,175.35,581.0,centro-sul,Santo Antônio,12/08/18,None,None
339953,485000.0,,-19.9228557,-43.96180190000001,3,3,1,2.0,96.84,350.0,oeste,Prado,12/08/18,None,None
341209,485000.0,,-19.920070000000003,-43.97594500000002,2,3,1,2.0,140.0,190.0,noroeste,Padre Eustáquio,12/08/18,None,None
344576,485000.0,,-19.938004,-43.98111089999998,4,3,1,2.0,131.0,150.0,oeste,Salgado Filho,12/08/18,None,None
494256,485000.0,,-19.9446037,-43.948279800000016,2,2,1,2.0,90.0,550.0,centro-sul,Santo Antônio,12/08/18,None,None
3235219,485000.0,,-19.98235635715439,-43.975966515869125,3,2,1,2.0,160.4,528.0,oeste,Buritis,12/08/18,None,None
3248983,485000.0,,-19.9729663,-43.97217280000001,3,2,1,2.0,83.0,280.0,oeste,Buritis,12/08/18,None,None
15391,486000.0,,-19.9202907,-43.93114270000001,2,2,1,2.0,180.0,600.0,leste,Floresta,12/08/18,None,None
26449,486000.0,,-19.9202907,-43.93114270000001,2,2,1,2.0,180.0,600.0,leste,Floresta,12/08/18,None,None
223328,486000.0,,-19.9197292,-43.93008220000002,2,2,1,3.0,180.0,600.0,leste,Floresta,12/08/18,None,None
165973,487000.0,,-19.9368641,-43.93088829999999,1,1,1,3.0,91.58,1120.0,centro-sul,Funcionários,12/08/18,None,None
349220,487549.0,,-19.948052399999998,-43.94150739999998,2,1,1,2.0,176.0,350.0,centro-sul,Santo Antônio,12/08/18,None,None
160728,489000.0,,-19.81606,-43.9678065,3,2,1,2.0,105.0,230.0,venda-nova,São João Batista,12/08/18,None,None
340022,489000.0,,-19.9159419,-43.97866399999998,4,2,1,2.0,164.0,250.0,noroeste,Padre Eustáquio,12/08/18,None,None
367719,489000.0,,-19.9701056,-43.968133800000025,3,1,1,2.0,166.14,760.0,oeste,Buritis,12/08/18,None,None
3235055,489000.0,,-19.9686839,-43.96999629999999,3,2,1,2.0,212.73,718.0,oeste,Buritis,12/08/18,None,None
9249,490000.0,,-19.939501899999996,-43.91837450000003,3,2,1,5.0,176.0,300.0,centro-sul,Serra,12/08/18,None,None
52078,490000.0,,-19.943699,-43.959685000000036,3,4,1,1.0,154.16,330.0,noroeste,Minas Brasil,12/08/18,None,None
54383,490000.0,,-19.9388289,-43.91471899999999,3,2,1,1.0,106.0,733.0,centro-sul,Serra,12/08/18,None,None
126700,490000.0,,-19.964940600000002,-43.94597850000002,3,1,1,1.0,191.0,450.0,centro-sul,Santa Lúcia,12/08/18,None,None
127458,490000.0,,-19.9439052,-43.91955519999999,3,1,1,1.0,193.58,300.0,centro-sul,Serra,12/08/18,None,None
137452,490000.0,,-19.9411253,-43.9498754,3,2,1,3.0,141.39,620.0,centro-sul,Coração de Jesus,12/08/18,None,None
144167,490000.0,,-19.9831479,-43.9740693,2,2,1,3.0,124.86,540.0,oeste,Buritis,12/08/18,None,None
145591,490000.0,,-19.958395,-43.93904900000001,3,3,1,1.0,140.65,500.0,centro-sul,Sion,12/08/18,None,None
149399,490000.0,,-19.917882000000002,-43.99141900000001,3,1,1,1.0,120.0,250.0,noroeste,Minas Brasil,12/08/18,None,None
154292,490000.0,,-19.9268068,-43.97086730000001,3,3,1,1.0,85.85,300.0,oeste,Prado,12/08/18,None,None
158245,490000.0,,-19.9525247,-43.93550140000002,3,2,1,2.0,126.38,544.5,centro-sul,Sion,12/08/18,None,None
168963,490000.0,,-19.9700559,-43.96786880000002,3,2,1,1.0,167.0,980.0,oeste,Buritis,12/08/18,None,None
182316,490000.0,,-19.940604500000003,-43.92800940000001,1,1,1,2.0,1568.32,547.92,centro-sul,Cruzeiro,12/08/18,None,None
226321,490000.0,,-19.9137055,-43.97584319999999,3,2,0,4.0,133.37,260.0,noroeste,Padre Eustáquio,12/08/18,None,None
267942,490000.0,,-19.892779100000002,-43.99774430000002,3,2,1,2.0,103.0,400.0,pampulha,Manacás,12/08/18,None,None
303697,490000.0,,-19.843897899999998,-43.9292787,3,2,0,2.0,126.57,350.0,norte,Guarani,12/08/18,None,None
352729,490000.0,,-19.899653,-43.967975300000035,2,2,1,1.0,195.0,500.0,noroeste,Caiçaras,12/08/18,None,None
353691,490000.0,,-19.944878699999997,-43.91998790000002,3,2,0,2.0,139.2,300.0,centro-sul,Cruzeiro,12/08/18,None,None
355167,490000.0,,-19.936885699999998,-43.9710905,3,2,1,1.0,850.0,250.0,oeste,Grajaú,12/08/18,None,None
355249,490000.0,,-19.9533966,-43.93097769999997,2,1,0,1.0,183.0,380.0,centro-sul,Sion,12/08/18,None,None
355654,490000.0,,-19.952886300000003,-43.93257089999997,3,2,1,2.0,113.99,300.0,centro-sul,Sion,12/08/18,None,None
356035,490000.0,,-19.9519359,-43.936645899999974,3,2,1,2.0,163.14,450.0,centro-sul,Sion,12/08/18,None,None
356372,490000.0,,-19.948219,-43.9231896,3,1,0,3.0,140.0,220.0,centro-sul,Anchieta,12/08/18,None,None
356863,490000.0,,-19.9557128,-43.93937449999999,3,2,1,1.0,120.0,770.0,centro-sul,Sion,12/08/18,None,None
357323,490000.0,,-19.9863009,-44.00062109999999,3,2,1,1.0,0.0,300.0,barreiro,Milionários,12/08/18,None,None
357748,490000.0,,-19.975985,-43.97066699999999,3,2,1,1.0,193.37,545.3,oeste,Buritis,12/08/18,None,None
360053,490000.0,,-19.8712316,-43.920098199999984,3,3,1,1.0,151.29,250.0,nordeste,Fernão Dias,12/08/18,None,None
467509,490000.0,,-19.937268,-43.97937289999999,3,3,1,2.0,100.0,300.0,oeste,Nova Suíssa,12/08/18,None,None
853902,490000.0,,-19.9783372,-43.96785920000002,4,3,2,2.0,148.43,300.0,oeste,Buritis,12/08/18,None,None
1104415,490000.0,,-19.9024608,-43.926350800000016,3,2,1,2.0,172.15,300.0,leste,Sagrada Família,12/08/18,None,None
1525342,490000.0,,-19.890845296842485,-43.95823040608218,3,2,1,2.0,150.0,270.0,noroeste,Aparecida,12/08/18,None,None
1526134,490000.0,,-19.9696204,-43.96191249999998,4,1,1,2.0,220.0,580.0,oeste,Buritis,12/08/18,None,None
1529354,490000.0,,-19.970249,-43.97255740000003,3,2,1,1.0,238.1,643.12,oeste,Estoril,12/08/18,None,None
1849661,490000.0,,-19.9439076,-43.93957390000003,2,1,1,1.0,137.06,200.0,centro-sul,Santo Antônio,12/08/18,None,None
2125944,490000.0,,-19.8739066,-43.9357728,3,1,1,3.0,160.0,380.0,nordeste,Palmares,12/08/18,None,None
3237525,490000.0,,-19.943117,-43.93021399999998,3,2,1,3.0,170.92,300.0,centro-sul,Sion,12/08/18,None,None
3238523,490000.0,,-19.914849,-43.96164999999996,3,2,0,3.0,68.9,250.0,noroeste,Carlos Prates,12/08/18,None,None
3239222,490000.0,,-19.9831479,-43.9740693,3,2,1,3.0,110.0,600.0,oeste,Buritis,12/08/18,None,None
3240827,490000.0,,-19.919460600000004,-43.93021139999996,2,1,1,2.0,187.0,800.0,leste,Floresta,12/08/18,None,None
3243326,490000.0,,-19.8718887,-43.94783699999999,3,2,1,1.0,902.0,360.0,nordeste,Santa Cruz,12/08/18,None,None
3243462,490000.0,,-19.935275,-43.92882300000002,3,1,0,2.0,150.0,330.0,centro-sul,Serra,12/08/18,None,None
3254845,490000.0,,-19.951579199999998,-43.93909510000003,3,2,1,0.0,185.48,550.0,centro-sul,São Pedro,12/08/18,None,None
3256776,490000.0,,-19.904149,-43.93304760000001,4,1,1,1.0,130.0,330.0,leste,Floresta,12/08/18,None,None
3258368,490000.0,,-19.885849,-43.994708,3,2,1,2.0,60.0,350.0,pampulha,Castelo,12/08/18,None,None
159568,491100.0,,-19.8676907,-43.994663300000006,3,2,1,2.0,100.0,460.0,pampulha,Paquetá,12/08/18,None,None
159569,491100.0,,-19.8676907,-43.994663300000006,3,2,1,1.0,100.0,460.0,pampulha,Paquetá,12/08/18,None,None
1630698,493000.0,,-19.945798,-43.94878640000002,2,2,2,2.0,150.0,370.0,centro-sul,Santo Antônio,12/08/18,None,None
361031,493172.54,,-19.939896700000002,-43.92008149999998,2,1,0,2.0,1.0,1.0,centro-sul,Serra,12/08/18,None,None
2065703,494000.0,,-19.972273,-43.96758890000001,3,2,1,2.0,227.8,800.0,oeste,Buritis,12/08/18,None,None
6459,495000.0,,-19.923162899999998,-43.98882649999996,4,2,1,2.0,146.17,480.0,noroeste,Coração Eucarístico,12/08/18,None,None
20159,495000.0,,-19.917068,-44.00643819999999,4,3,2,2.0,163.92,150.0,noroeste,Dom Bosco,12/08/18,None,None
25251,495000.0,,-19.877817999999998,-43.91961100000003,3,2,1,2.0,207.19,249.32,nordeste,União,12/08/18,None,None
55628,495000.0,,-19.90952709373915,-43.93482859580081,3,2,1,1.0,130.0,250.0,leste,Floresta,12/08/18,None,None
57796,495000.0,,-19.929253,-43.91655700000001,4,2,1,2.0,95.47,252.0,leste,São Lucas,12/08/18,None,None
144535,495000.0,,-19.8758081,-43.99928009999997,3,2,1,0.0,1193.7,300.0,pampulha,Castelo,12/08/18,None,None
254176,495000.0,,-19.883998300000002,-43.92136429999999,4,3,1,1.0,114.51,350.0,nordeste,União,12/08/18,None,None
335072,495000.0,,-19.971394,-43.969244,3,0,0,1.0,205.0,640.0,oeste,Buritis,12/08/18,None,None
339738,495000.0,,-19.93591019587284,-43.918644715869156,4,3,1,1.0,157.9,300.0,leste,São Lucas,12/08/18,None,None
346090,495000.0,,-19.9779709,-43.9629453,3,2,1,0.0,185.0,610.0,oeste,Buritis,12/08/18,None,None
355811,495000.0,,-19.945030199999998,-43.95146250000005,3,3,1,1.0,239.0,438.0,centro-sul,Luxemburgo,12/08/18,None,None
356313,495000.0,,-19.928694,-43.96546160000002,3,2,1,1.0,94.13,600.0,oeste,Prado,12/08/18,None,None
358911,495000.0,,-19.973789,-43.963757999999984,3,2,1,1.0,148.09,740.0,oeste,Buritis,12/08/18,None,None
360997,495000.0,,-19.975878299999998,-43.9682406,4,1,1,2.0,200.0,650.0,oeste,Buritis,12/08/18,None,None
363515,495000.0,,-19.9812693,-43.97835069999997,3,2,1,2.0,100.43,480.0,oeste,Buritis,12/08/18,None,None
471068,495000.0,,-19.831826100000004,-43.94299030000002,3,3,2,2.0,177.35,150.0,norte,Planalto,12/08/18,None,None
3235279,495000.0,,-19.969292859710567,-43.966132323803656,4,3,1,2.0,195.75,1039.58,oeste,Buritis,12/08/18,None,None
3237495,495000.0,,-19.920901999999998,-43.97238400000003,3,2,1,2.0,196.14,330.0,noroeste,Padre Eustáquio,12/08/18,None,None
3238633,495000.0,,-19.929803600000003,-43.99893209999999,3,3,1,2.0,78.0,200.0,noroeste,João Pinheiro,12/08/18,None,None
3239409,495000.0,,-19.937233,-43.95743199999998,4,2,1,2.0,202.68,600.0,oeste,Gutierrez,12/08/18,None,None
3241194,495000.0,,-19.9080688,-43.9708516,4,3,1,2.0,144.34,550.0,noroeste,Caiçaras,12/08/18,None,None
3243305,495000.0,,-19.9323866,-43.9349871,1,1,0,2.0,136.3,490.11,centro-sul,Savassi,12/08/18,None,None
3243589,495000.0,,-19.9018668,-43.98129230000001,4,3,1,2.0,149.0,350.0,noroeste,Caiçaras,12/08/18,None,None
3244966,495000.0,,-19.898736800000002,-43.92901890000002,3,2,1,2.0,186.0,680.0,leste,Graça,12/08/18,None,None
3253747,495000.0,,-19.9201337,-43.9099334,4,2,1,2.0,89.0,233.0,centro-sul,Santa Efigênia,12/08/18,None,None
3255151,495000.0,,-19.935505,-43.92025790000002,3,2,1,2.0,125.0,600.0,centro-sul,Serra,12/08/18,None,None
3256500,495000.0,,-19.9499197,-43.930755999999974,3,2,1,2.0,110.0,270.0,centro-sul,Sion,12/08/18,None,None
183693,497000.0,,-19.975886,-43.96647899999999,3,4,1,2.0,166.0,535.0,oeste,Buritis,12/08/18,None,None
52577,498000.0,,-19.8635573,-43.95395589999998,3,4,2,2.0,163.36,297.0,pampulha,Liberdade,12/08/18,None,None
157645,498000.0,,-19.9962452,-44.0170114,3,2,1,2.0,200.0,200.0,barreiro,Novo Diamante,12/08/18,None,None
175454,498000.0,,-19.928775100000003,-43.93583849999999,2,2,0,2.0,123.65,450.0,centro-sul,Funcionários,12/08/18,None,None
182353,498000.0,,-19.9493851,-43.93107069999997,2,1,0,1.0,160.0,585.0,centro-sul,Sion,12/08/18,None,None
333939,498000.0,,-19.917152899999998,-43.9778288,4,2,1,1.0,152.0,400.0,noroeste,Padre Eustáquio,12/08/18,None,None
349614,498000.0,,-19.949443399999996,-43.938407100000006,3,2,1,2.0,247.0,520.0,centro-sul,São Pedro,12/08/18,None,None
351638,498000.0,,-19.942783,-43.974265,3,2,1,2.0,155.36,468.0,oeste,Jardim América,12/08/18,None,None
357100,498000.0,,-19.939391399999998,-43.982075200000004,3,2,1,1.0,82.0,200.0,oeste,Salgado Filho,12/08/18,None,None
3246971,498000.0,,-19.903816100000004,-43.92603580000002,3,2,1,1.0,133.08,370.0,leste,Sagrada Família,12/08/18,None,None
3255695,498000.0,,-19.8809405,-43.997567900000035,3,3,1,1.0,151.0,400.0,pampulha,Castelo,12/08/18,None,None
24229,499000.0,,-19.8723303,-43.91821119999997,4,2,1,3.0,250.0,330.0,nordeste,Fernão Dias,12/08/18,None,None
42572,499000.0,,-19.9177957,-43.98186609999999,3,1,1,3.0,260.0,350.0,noroeste,Padre Eustáquio,12/08/18,None,None
157122,499000.0,,-19.9667279,-43.9670683,3,2,1,1.0,168.34,511.38,oeste,Buritis,12/08/18,None,None
192614,499000.0,,-19.946195899999996,-43.92304810000002,2,2,1,0.0,210.0,700.0,centro-sul,Cruzeiro,12/08/18,None,None
1845488,499000.0,,-19.8818129,-43.99206609999999,3,1,1,1.0,130.0,480.0,pampulha,Castelo,12/08/18,None,None
342959,499900.0,,-19.933729,-43.976767,3,2,1,1.0,115.0,400.0,oeste,Nova Suíssa,12/08/18,None,None
53074,499942.0,,-19.8866512,-44.00463079999997,3,2,1,1.0,100.0,450.0,pampulha,Manacás,12/08/18,None,None
53075,499942.0,,-19.886691199999998,-44.00469989999999,3,2,1,2.0,100.0,450.0,pampulha,Manacás,12/08/18,None,None
5861,500000.0,,-19.879808899999997,-43.92773310000001,3,2,1,2.0,92.0,300.0,nordeste,União,12/08/18,None,None
10707,500000.0,,-19.9727034399035,-43.973207473754904,3,1,1,1.0,108.0,320.0,oeste,Buritis,12/08/18,None,None
48448,500000.0,,-19.937763399999998,-43.9281474,3,1,0,1.0,30.0,450.0,centro-sul,Funcionários,12/08/18,None,None
59734,500000.0,,-19.9247324,-43.937663000000036,4,2,0,0.0,155.78,536.0,centro-sul,Centro,12/08/18,None,None
145598,500000.0,,-19.942359200000002,-43.94892779999998,4,2,1,0.0,158.0,400.0,centro-sul,Santo Antônio,12/08/18,None,None
150152,500000.0,,-19.9444236,-43.958609799999984,4,3,1,2.0,206.44,650.0,oeste,Gutierrez,12/08/18,None,None
156420,500000.0,,-19.947138600000002,-43.95017120000001,3,3,1,1.0,225.0,800.0,centro-sul,Luxemburgo,12/08/18,None,None
161728,500000.0,,-19.977439,-44.02180179999999,3,2,1,2.0,190.0,250.0,barreiro,Barreiro de Baixo,12/08/18,None,None
161777,500000.0,,-19.9776468,-44.02240719999998,3,2,1,2.0,190.0,250.0,barreiro,Barreiro de Baixo,12/08/18,None,None
161804,500000.0,,-19.9778706,-44.02299060000002,3,2,1,2.0,190.0,250.0,barreiro,Barreiro,12/08/18,None,None
161818,500000.0,,-19.977497399999997,-44.0226404,3,2,1,1.0,190.0,250.0,barreiro,Barreiro,12/08/18,None,None
161826,500000.0,,-19.9774994,-44.02264960000002,3,2,1,4.0,190.0,250.0,barreiro,Barreiro de Baixo,12/08/18,None,None
161866,500000.0,,-19.977537899999998,-44.02266229999998,3,2,1,1.0,190.0,250.0,barreiro,Barreiro de Baixo,12/08/18,None,None
161882,500000.0,,-19.977881600000003,-44.02347689999999,3,2,1,1.0,190.0,250.0,barreiro,Barreiro de Baixo,12/08/18,None,None
161891,500000.0,,-19.9776468,-44.02240719999998,3,2,1,1.0,190.0,250.0,barreiro,Barreiro,12/08/18,None,None
162298,500000.0,,-19.971582100000003,-43.94443380000001,1,1,1,2.0,201.47,720.0,centro-sul,Belvedere,12/08/18,None,None
162677,500000.0,,-19.9742042,-43.96375610000001,3,2,1,1.0,148.08,650.0,oeste,Buritis,12/08/18,None,None
164587,500000.0,,-19.910439399999998,-43.97734730000002,3,2,1,2.0,84.0,160.0,noroeste,Monsenhor Messias,12/08/18,None,None
169055,500000.0,,-19.8916546,-43.92501549999997,3,1,1,2.0,178.0,350.0,leste,Cidade Nova,12/08/18,None,None
201287,500000.0,,-19.9247628,-43.960838800000026,3,3,1,2.0,74.3,350.0,oeste,Prado,12/08/18,None,None
336888,500000.0,,-19.928276999999998,-43.99341400000003,3,3,2,3.0,121.43,250.0,noroeste,Coração Eucarístico,12/08/18,None,None
338086,500000.0,,-19.8737887,-43.91898049999998,3,1,1,3.0,209.97,330.0,nordeste,Fernão Dias,12/08/18,None,None
338394,500000.0,,-19.9409585,-43.95641330000001,3,2,1,2.0,151.57,800.0,oeste,Gutierrez,12/08/18,None,None
341992,500000.0,,-19.823683499999998,-43.94832109999999,3,2,1,3.0,111.09,150.0,norte,Vila Cloris,12/08/18,None,None
342394,500000.0,,-19.9641658,-43.999447100000005,3,3,1,2.0,160.74,539.11,oeste,Estoril,12/08/18,None,None
342777,500000.0,,-19.821319600000002,-43.97989910000001,3,2,1,2.0,90.0,250.0,venda-nova,Sinimbu,12/08/18,None,None
345465,500000.0,,-19.9383277,-43.96599500000002,3,2,1,2.0,130.0,933.49,oeste,Grajaú,12/08/18,None,None
347552,500000.0,,-19.9387088,-43.9225806,3,2,1,4.0,245.0,980.0,centro-sul,Serra,12/08/18,None,None
348123,500000.0,,-19.8357672,-43.95709339999996,3,2,1,1.0,213.36,250.0,pampulha,Itapoã,12/08/18,None,None
352933,500000.0,,-19.9252208,-43.99204950000001,3,2,1,1.0,105.0,370.0,noroeste,Coração Eucarístico,12/08/18,None,None
360160,500000.0,,-19.9304962,-43.91294640000001,3,3,1,1.0,100.0,350.0,leste,São Lucas,12/08/18,None,None
363979,500000.0,,-19.935554,-43.9685791,3,3,1,1.0,162.0,290.0,oeste,Grajaú,12/08/18,None,None
365036,500000.0,,-19.9430893,-43.94860949999998,3,2,1,1.0,146.63,520.0,centro-sul,Santo Antônio,12/08/18,None,None
474059,500000.0,,-19.940125199999997,-43.91083750000002,2,2,1,1.0,134.38,580.0,centro-sul,Serra,12/08/18,None,None
1509095,500000.0,,-19.9253259,-43.987730400000025,2,2,0,1.0,125.0,385.0,noroeste,Coração Eucarístico,12/08/18,None,None
1616524,500000.0,,-19.9557128,-43.93937449999999,3,2,1,1.0,219.24,630.0,centro-sul,Sion,12/08/18,None,None
1675239,500000.0,,-19.8861283,-44.004224300000025,2,3,1,1.0,106.65,300.0,pampulha,Castelo,12/08/18,None,None
1685349,500000.0,,-19.9495407,-43.957136799999994,2,2,1,1.0,190.0,460.0,centro-sul,Luxemburgo,12/08/18,None,None
1690150,500000.0,,-19.911835999999997,-43.92082199999999,2,1,1,1.0,110.0,400.0,leste,Horto,12/08/18,None,None
1700872,500000.0,,-19.8747562,-43.93411989999999,4,3,1,1.0,224.0,250.0,nordeste,Palmares,12/08/18,None,None
1701670,500000.0,,-19.8646003,-43.9443177,3,2,1,1.0,127.73,450.0,pampulha,Santa Rosa,12/08/18,None,None
1752950,500000.0,,-19.9428003,-43.94987739999999,3,2,1,1.0,155.12,600.0,centro-sul,Coração de Jesus,12/08/18,None,None
1756344,500000.0,,-19.888155899999997,-43.99913830000003,3,2,1,1.0,1.0,462.0,pampulha,Castelo,12/08/18,None,None
2051679,500000.0,,-19.9292594,-43.98147159999996,3,3,1,1.0,125.98,250.0,oeste,Nova Suíssa,12/08/18,None,None
2792560,500000.0,,-19.8955376,-43.92573640000001,3,3,1,1.0,140.0,600.0,leste,Sagrada Família,12/08/18,None,None
3237001,500000.0,,-19.9115783,-43.93454500000002,3,1,0,2.0,97.64,400.0,leste,Floresta,12/08/18,None,None
3238385,500000.0,,-19.856678,-43.9421749,3,1,1,2.0,89.78,250.0,pampulha,Dona Clara,12/08/18,None,None
3239608,500000.0,,-19.916377999999998,-43.9743044,3,2,1,1.0,230.0,900.0,noroeste,Padre Eustáquio,12/08/18,None,None
3239807,500000.0,,-19.8931432,-43.92594070000001,4,2,2,1.0,165.0,320.0,leste,Cidade Nova,12/08/18,None,None
3240192,500000.0,,-19.879345999999998,-43.99612100000002,3,1,1,1.0,189.78,380.0,pampulha,Castelo,12/08/18,None,None
3242102,500000.0,,-19.9372063,-43.969368799999984,3,3,1,1.0,180.72,576.0,oeste,Nova Granada,12/08/18,None,None
3251572,500000.0,,-19.8759385,-43.98518809999996,3,2,1,2.0,160.0,600.0,pampulha,Ouro Preto,12/08/18,None,None
3257807,500000.0,,-19.890793600000002,-43.90786909999997,3,2,1,2.0,136.0,300.0,leste,Santa Inês,12/08/18,None,None
168352,502650.0,,-19.8999278,-43.967882900000006,2,3,1,2.0,120.0,600.0,noroeste,Caiçaras,12/08/18,None,None
363102,504480.0,,-19.935547,-43.929664,1,1,1,2.0,115.0,250.0,centro-sul,Funcionários,12/08/18,None,None
158869,506760.0,,-19.873472800000002,-43.98995819999999,2,1,1,1.0,126.77,160.0,pampulha,Ouro Preto,12/08/18,None,None
2397575,508800.0,,-19.9582726,-43.966117,3,3,1,1.0,161.0,490.0,oeste,Estoril,12/08/18,None,None
3243924,509000.0,,-19.9392341,-43.963680700000005,3,3,1,2.0,205.67,499.92,oeste,Grajaú,12/08/18,None,None
3244749,509000.0,,-19.949916,-43.945265000000006,2,2,1,2.0,185.54,288.0,centro-sul,Santo Antônio,12/08/18,None,None
11585,510000.0,,-19.967260500000002,-43.96918979999998,3,1,1,2.0,132.73,340.0,oeste,Buritis,12/08/18,None,None
139595,510000.0,,-19.9242595,-43.9396683,4,1,0,2.0,180.0,565.0,centro-sul,Lourdes,12/08/18,None,None
165318,510000.0,,-19.8715235,-43.93042330000003,4,3,1,2.0,124.0,380.0,nordeste,Palmares,12/08/18,None,None
179225,510000.0,,-19.9505376,-43.939229899999994,2,3,2,2.0,112.1,220.0,centro-sul,São Pedro,12/08/18,None,None
224297,510000.0,,-19.9465031,-43.973152899999995,2,1,0,4.0,136.64,350.0,oeste,Nova Granada,12/08/18,None,None
268802,510000.0,,-19.937986399999996,-43.9753546,4,3,1,4.0,151.0,432.0,oeste,Nova Suíssa,12/08/18,None,None
347285,510000.0,,-19.8715783,-43.9426234,3,2,1,3.0,80.0,400.0,nordeste,Palmares,12/08/18,None,None
361552,510000.0,,-19.9356699,-43.97089299999999,3,2,1,1.0,165.0,1000.0,oeste,Grajaú,12/08/18,None,None
370607,510000.0,,-19.8714884,-43.9344673,4,3,2,1.0,85.0,300.0,nordeste,Palmares,12/08/18,None,None
497166,510000.0,,-19.9819605,-43.97440370000004,4,3,1,2.0,218.92,700.0,oeste,Buritis,12/08/18,None,None
1831660,510000.0,,-19.8816477,-44.00016249999999,3,2,1,1.0,181.0,400.0,pampulha,Castelo,12/08/18,None,None
2379184,510000.0,,-19.9465025,-43.9729941,2,2,1,1.0,157.0,250.0,oeste,Jardim América,12/08/18,None,None
2423166,510000.0,,-19.94947,-43.94270800000004,3,4,1,1.0,150.0,350.0,centro-sul,Santo Antônio,12/08/18,None,None
3238689,510000.0,,-19.9420225,-43.91589920000001,3,2,1,2.0,184.0,800.0,centro-sul,Serra,12/08/18,None,None
3257211,510000.0,,-19.938983,-43.96187499999997,3,1,1,1.0,116.29,350.0,oeste,Gutierrez,12/08/18,None,None
336516,515000.0,,-19.9681418,-43.96890180000002,3,2,1,1.0,172.0,390.0,oeste,Buritis,12/08/18,None,None
364992,515000.0,,-19.9829108,-43.97226490000003,4,2,1,1.0,168.0,550.0,oeste,Buritis,12/08/18,None,None
1381168,515000.0,,-19.969194199999997,-43.96701210000003,3,3,1,2.0,189.75,1039.58,oeste,Buritis,12/08/18,None,None
1517720,515000.0,,-19.9515505,-43.93910579999999,3,3,1,1.0,220.01,650.0,centro-sul,São Pedro,12/08/18,None,None
3240089,515000.0,,-19.9505014,-43.944232400000026,2,2,1,0.0,175.0,250.0,centro-sul,Santo Antônio,12/08/18,None,None
3244690,515000.0,,-19.949916,-43.945265000000006,2,2,1,0.0,185.54,288.0,centro-sul,Santo Antônio,12/08/18,None,None
3246765,515000.0,,-19.9425515,-43.97360900000001,3,2,1,1.0,161.0,250.0,oeste,Jardim América,12/08/18,None,None
3244741,517000.0,,-19.949916,-43.945265000000006,2,2,1,1.0,185.54,288.0,centro-sul,Santo Antônio,12/08/18,None,None
3254553,518000.0,,-19.9778242,-43.96765389999996,3,3,1,2.0,240.22,430.0,oeste,Buritis,12/08/18,None,None
7138,520000.0,,-19.8903293,-43.9061231,3,2,0,4.0,141.51,250.0,leste,Nova Vista,12/08/18,None,None
64342,520000.0,,-19.934696,-43.976222800000016,4,3,2,4.0,140.0,340.0,oeste,Nova Suíssa,12/08/18,None,None
151495,520000.0,,-19.887694399999997,-43.99971819999996,3,3,1,2.0,125.0,400.0,pampulha,Castelo,12/08/18,None,None
163785,520000.0,,-19.9390681,-43.962648,3,2,1,4.0,119.1,320.0,oeste,Gutierrez,12/08/18,None,None
165516,520000.0,,-19.9036936,-43.97102269999999,3,3,1,4.0,136.0,550.0,noroeste,Caiçaras,12/08/18,None,None
167587,520000.0,,-19.949486800000003,-43.9472912,4,3,1,2.0,142.0,600.0,centro-sul,Santo Antônio,12/08/18,None,None
173651,520000.0,,-19.9449475,-43.93727680000001,2,2,1,2.0,165.75,281.54,centro-sul,Santo Antônio,12/08/18,None,None
327956,520000.0,,-19.859070000000003,-43.94323700000001,3,3,1,2.0,139.25,400.0,pampulha,Dona Clara,12/08/18,None,None
334918,520000.0,,-19.9744027,-43.94229510000002,3,2,1,2.0,265.68,580.0,centro-sul,Belvedere,12/08/18,None,None
337667,520000.0,,-19.910282000000002,-43.93716660000001,4,3,1,2.0,180.0,525.0,leste,Floresta,12/08/18,None,None
346403,520000.0,,-19.9056639,-43.977306199999994,3,2,1,2.0,138.0,420.0,norte,Adelaide,12/08/18,None,None
349214,520000.0,,-19.935147,-43.97071900000003,3,3,1,1.0,175.0,600.0,oeste,Barroca,12/08/18,None,None
352875,520000.0,,-19.971132,-43.967466899999984,4,2,1,2.0,164.15,566.0,oeste,Buritis,12/08/18,None,None
359711,520000.0,,-19.946521399999998,-43.94122540000001,2,1,1,1.0,123.54,630.0,centro-sul,Santo Antônio,12/08/18,None,None
360996,520000.0,,-19.9435913,-43.92909589999999,2,2,1,1.0,164.0,690.0,centro-sul,Sion,12/08/18,None,None
362279,520000.0,,-19.9449204,-43.95121240000003,2,2,1,1.0,256.0,900.0,centro-sul,Luxemburgo,12/08/18,None,None
367184,520000.0,,-19.9866855,-44.00163280000004,3,3,1,2.0,115.18,200.0,barreiro,Milionários,12/08/18,None,None
367820,520000.0,,-19.9471152,-43.94794000000002,2,2,1,2.0,170.66,998.0,centro-sul,Santo Antônio,12/08/18,None,None
495358,520000.0,,-19.966636800000003,-43.952512599999984,3,3,1,2.0,168.19,450.0,centro-sul,Santa Lúcia,12/08/18,None,None
600293,520000.0,,-19.972844,-43.97483510000001,3,3,1,2.0,150.0,380.0,oeste,Buritis,12/08/18,None,None
814363,520000.0,,-19.9321708,-43.92879349999998,1,1,0,2.0,225.0,565.0,centro-sul,Savassi,12/08/18,None,None
940912,520000.0,,-19.969078699999997,-43.9702049,3,2,1,2.0,234.1,800.0,oeste,Buritis,12/08/18,None,None
1069284,520000.0,,-19.938602,-43.96194059999999,3,2,0,2.0,128.66,650.0,oeste,Gutierrez,12/08/18,None,None
1335367,520000.0,,-19.8991473,-43.91772659999998,3,2,1,2.0,160.45,650.0,leste,Sagrada Família,12/08/18,None,None
1519894,520000.0,,-19.979727899999997,-44.0195675,3,1,1,2.0,131.4,20.0,barreiro,Barreiro,12/08/18,None,None
1683286,520000.0,,-19.932185,-43.96446400000002,3,2,1,3.0,180.0,436.0,oeste,Barroca,12/08/18,None,None
1840118,520000.0,,-19.9430065,-43.9141593,3,2,1,3.0,190.0,500.0,centro-sul,Serra,12/08/18,None,None
2342158,520000.0,,-19.918260999999998,-43.99162799999999,3,2,1,5.0,183.3,244.0,noroeste,Minas Brasil,12/08/18,None,None
2343058,520000.0,,-19.9792365,-43.96582380000001,3,3,1,4.0,214.0,380.0,oeste,Buritis,12/08/18,None,None
2795213,520000.0,,-19.9200747,-43.97579989999997,3,2,1,3.0,197.0,865.0,noroeste,Padre Eustáquio,12/08/18,None,None
2800979,520000.0,,-19.935055399999996,-43.97488220000002,3,3,1,2.0,120.0,400.0,oeste,Nova Suíssa,12/08/18,None,None
3212005,520000.0,,-19.9195646,-43.93015739999999,2,1,1,2.0,180.0,600.0,leste,Floresta,12/08/18,None,None
3215073,520000.0,,-19.888147,-43.99476200000004,3,1,1,2.0,100.0,550.0,pampulha,Castelo,12/08/18,None,None
3235797,520000.0,,-19.9120052,-43.924675500000035,2,0,0,3.0,80.0,220.0,leste,Floresta,12/08/18,None,None
3239369,520000.0,,-19.924651,-43.91645590000002,3,1,1,2.0,171.23,450.0,centro-sul,Santa Efigênia,12/08/18,None,None
3240062,520000.0,,-19.9210204,-43.91128309999999,4,2,1,2.0,84.45,233.0,centro-sul,Santa Efigênia,12/08/18,None,None
3240125,520000.0,,-19.8800743,-43.991088299999994,2,2,1,2.0,100.0,250.0,pampulha,Paquetá,12/08/18,None,None
3244743,520000.0,,-19.949916,-43.945265000000006,2,2,1,2.0,185.54,288.0,centro-sul,Santo Antônio,12/08/18,None,None
3248268,520000.0,,-19.91992,-43.97627699999998,3,2,1,2.0,197.0,850.0,noroeste,Padre Eustáquio,12/08/18,None,None
3251814,520000.0,,-19.931326300000002,-43.95913580000001,3,2,1,2.0,108.09,300.0,oeste,Gutierrez,12/08/18,None,None
3252501,520000.0,,-19.945613100000003,-43.92708319999997,2,1,1,2.0,60.0,400.0,centro-sul,Cruzeiro,12/08/18,None,None
3252551,520000.0,,-19.880184,-43.92079290000004,3,2,1,4.0,140.0,250.0,nordeste,União,12/08/18,None,None
3254019,520000.0,,-19.882053600000003,-43.99840010000002,3,2,1,4.0,140.0,350.0,pampulha,Castelo,12/08/18,None,None
3257761,520000.0,,-19.9369572,-43.96703339999999,2,2,1,4.0,165.45,413.21,oeste,Grajaú,12/08/18,None,None
140929,520544.95,,-19.926676,-43.91635700000001,2,2,1,1.0,0.01,0.01,centro-sul,Santa Efigênia,12/08/18,None,None
140939,520544.95,,-19.926652999999998,-43.91638569999998,2,2,1,1.0,0.01,0.01,centro-sul,Santa Efigênia,12/08/18,None,None
140953,520544.95,,-19.926652999999998,-43.91638569999998,2,2,1,2.0,0.01,0.01,centro-sul,Santa Efigênia,12/08/18,None,None
201234,522000.0,,-19.9556186,-43.93525320000003,3,2,1,2.0,153.69,550.0,centro-sul,Sion,12/08/18,None,None
158676,525000.0,,-19.8911221,-43.95856530000003,3,1,1,1.0,134.43,250.0,noroeste,Ermelinda,12/08/18,None,None
351045,525000.0,,-19.9418574,-43.963701500000006,2,2,1,1.0,172.62,480.0,oeste,Gutierrez,12/08/18,None,None
3241772,525000.0,,-19.8995337,-43.932166,3,1,1,2.0,193.19,300.0,leste,Graça,12/08/18,None,None
3250583,525000.0,,-19.9463527,-43.92815059999998,4,3,1,2.0,144.0,200.0,centro-sul,Carmo,12/08/18,None,None
3253405,525000.0,,-19.979894,-43.97435510000002,4,2,1,2.0,148.14,550.0,oeste,Buritis,12/08/18,None,None
3254023,525000.0,,-19.953952899999997,-43.93850800000001,3,2,1,1.0,202.0,689.0,centro-sul,Sion,12/08/18,None,None
2385291,526524.67,,-19.858255,-43.94524300000001,3,2,2,1.0,0.01,250.0,pampulha,Dona Clara,12/08/18,None,None
2387313,526524.67,,-19.858255,-43.94524300000001,3,2,2,4.0,0.01,250.0,pampulha,Dona Clara,12/08/18,None,None
15402,529000.0,,-19.9202907,-43.93114270000001,2,2,1,4.0,180.0,600.0,leste,Floresta,12/08/18,None,None
357147,529000.0,,-19.940756399999998,-43.97365560000003,3,3,1,0.0,191.3,250.0,oeste,Nova Suíssa,12/08/18,None,None
11913,530000.0,,-19.902535500000003,-43.92238580000003,3,2,1,1.0,90.0,250.0,leste,Sagrada Família,12/08/18,None,None
16091,530000.0,,-19.9736076,-43.96455430000003,3,1,1,1.0,168.47,1000.0,oeste,Buritis,12/08/18,None,None
38856,530000.0,,-19.9514691,-43.93894760000001,3,2,1,1.0,220.01,650.0,centro-sul,São Pedro,12/08/18,None,None
46772,530000.0,,-19.909029999999998,-43.93644419999998,4,2,1,1.0,118.63,160.0,leste,Colégio Batista,12/08/18,None,None
54264,530000.0,,-19.8775903,-43.99708780000003,3,2,1,1.0,150.0,300.0,pampulha,Castelo,12/08/18,None,None
58790,530000.0,,-19.8728312,-43.98187489999998,3,1,1,1.0,110.0,270.0,pampulha,Ouro Preto,12/08/18,None,None
65255,530000.0,,-19.8195935,-43.98135020000001,3,3,2,1.0,110.0,250.0,pampulha,Santa Mônica,12/08/18,None,None
66499,530000.0,,-19.937202600000003,-43.92338269999999,3,2,1,1.0,150.0,350.0,centro-sul,Serra,12/08/18,None,None
67177,530000.0,,-19.845428,-43.98329150000001,3,2,1,1.0,137.43,380.0,pampulha,Jardim Atlântico,12/08/18,None,None
125488,530000.0,,-19.945010399999997,-43.93338419999998,4,2,0,1.0,112.0,300.0,centro-sul,Sion,12/08/18,None,None
138246,530000.0,,-19.8890372,-43.99502419999999,3,3,1,1.0,123.0,280.0,pampulha,Castelo,12/08/18,None,None
138843,530000.0,,-19.8912628,-44.05711250000002,3,2,1,1.0,178.0,740.0,pampulha,Ouro Preto,12/08/18,None,None
147534,530000.0,,-19.9471152,-43.94794000000002,2,2,1,1.0,197.0,938.7,centro-sul,Santo Antônio,12/08/18,None,None
154602,530000.0,,-19.8788378,-43.99735090000002,3,1,1,1.0,150.0,480.0,pampulha,Castelo,12/08/18,None,None
161620,530000.0,,-19.893601,-43.93775790000001,3,3,1,0.0,98.0,300.0,nordeste,Renascença,12/08/18,None,None
163858,530000.0,,-19.8831706,-44.00298829999997,3,2,1,0.0,0.01,0.01,pampulha,Castelo,12/08/18,None,None
181704,530000.0,,-19.940527,-43.974886999999974,3,3,1,0.0,161.08,250.0,oeste,Nova Suíssa,12/08/18,None,None
206540,530000.0,,-19.8864331,-43.99790630000001,3,1,1,0.0,95.0,250.0,pampulha,Castelo,12/08/18,None,None
268125,530000.0,,-19.9348504,-43.960743999999984,3,3,1,1.0,117.15,650.0,oeste,Gutierrez,12/08/18,None,None
338714,530000.0,,-19.9441609,-43.95873549999999,3,2,1,1.0,294.0,1200.0,oeste,Gutierrez,12/08/18,None,None
339662,530000.0,,-19.9473282,-43.92726549999998,2,1,0,1.0,110.0,340.0,centro-sul,Sion,12/08/18,None,None
344977,530000.0,,-19.933565100000003,-43.97790359999999,3,3,1,1.0,181.26,190.0,oeste,Nova Suíssa,12/08/18,None,None
348110,530000.0,,-19.8842298,-43.92927789999999,3,2,1,0.0,151.36,645.0,nordeste,União,12/08/18,None,None
348505,530000.0,,-19.9403997,-43.91470200000003,4,2,1,0.0,275.0,636.0,centro-sul,Serra,12/08/18,None,None
348909,530000.0,,-19.834817899999997,-43.96653220000002,3,2,1,1.0,130.0,370.0,pampulha,Santa Branca,12/08/18,None,None
356470,530000.0,,-19.9539319,-43.97854699999999,3,3,1,1.0,167.3,200.0,oeste,Havaí,12/08/18,None,None
366174,530000.0,,-19.882119199999998,-43.92395899999997,3,2,1,1.0,170.0,250.0,nordeste,União,12/08/18,None,None
1516564,530000.0,,-19.9770137,-43.9761259,3,1,1,1.0,260.16,606.0,oeste,Buritis,12/08/18,None,None
1586502,530000.0,,-19.9680988,-43.96279340000001,4,3,1,1.0,205.45,680.0,oeste,Buritis,12/08/18,None,None
1798848,530000.0,,-19.938148,-43.91879800000004,3,2,1,1.0,192.51,875.0,centro-sul,Serra,12/08/18,None,None
2081420,530000.0,,-19.926139000000003,-43.973659000000005,2,2,1,1.0,132.71,390.0,oeste,Calafate,12/08/18,None,None
2185667,530000.0,,-19.854758800000003,-43.95862439999996,3,1,1,1.0,170.0,640.0,pampulha,São Luiz (pampulha),12/08/18,None,None
3233987,530000.0,,-19.8877081,-43.99969970000001,3,2,1,1.0,837.91,400.0,pampulha,Manacás,12/08/18,None,None
3235236,530000.0,,-19.935373600000002,-43.9683877,3,3,1,1.0,161.15,710.0,oeste,Grajaú,12/08/18,None,None
3240755,530000.0,,-19.9557128,-43.93937449999999,3,2,1,1.0,215.0,630.0,centro-sul,Sion,12/08/18,None,None
3241071,530000.0,,-19.9315094,-43.96119190000002,3,3,1,1.0,110.94,380.0,oeste,Barroca,12/08/18,None,None
3244810,530000.0,,-19.8862919,-43.92385569999999,4,3,1,1.0,135.0,350.0,leste,Cidade Nova,12/08/18,None,None
3244912,530000.0,,-19.895929199999998,-43.92852219999998,3,2,1,0.0,57.0,386.0,nordeste,Silveira,12/08/18,None,None
3244914,530000.0,,-19.895929199999998,-43.92852219999998,3,2,1,1.0,57.0,386.0,nordeste,Silveira,12/08/18,None,None
3245141,530000.0,,-19.910495,-43.93150700000001,3,1,1,1.0,150.0,310.0,leste,Floresta,12/08/18,None,None
3247075,530000.0,,-19.8806427,-43.9289723,2,2,1,1.0,232.0,380.0,nordeste,União,12/08/18,None,None
3249331,530000.0,,-19.979894,-43.97435510000002,3,2,1,1.0,162.0,591.0,oeste,Buritis,12/08/18,None,None
3255745,530000.0,,-19.915404300000002,-43.92188290000002,2,3,1,1.0,118.0,350.0,leste,Santa Tereza,12/08/18,None,None
3251071,531000.0,,-19.8810079,-43.98205759999996,3,0,0,0.0,190.31,694.7,pampulha,Ouro Preto,12/08/18,None,None
2386303,531803.08,,-19.858255,-43.94524300000001,3,2,2,1.0,0.01,250.0,pampulha,Dona Clara,12/08/18,None,None
335620,532000.0,,-19.907923999999998,-43.92901040000004,3,2,1,1.0,112.0,342.0,leste,Floresta,12/08/18,None,None
3234155,532000.0,,-19.920019500000002,-43.97564469999998,4,3,1,1.0,139.68,350.0,noroeste,Padre Eustáquio,12/08/18,None,None
54704,535000.0,,-19.969769199999998,-43.96968659999999,3,3,1,1.0,205.0,640.0,oeste,Buritis,12/08/18,None,None
55624,535000.0,,-19.909595819332168,-43.934866184161365,3,2,1,1.0,189.0,250.0,leste,Floresta,12/08/18,None,None
151619,535000.0,,-19.9489879,-43.931244299999996,3,1,1,1.0,1798.7,300.0,centro-sul,Cruzeiro,12/08/18,None,None
352605,535000.0,,-19.878383300000003,-43.92988550000001,3,3,1,1.0,208.09,793.08,nordeste,Ipiranga,12/08/18,None,None
354853,535000.0,,-19.959475100000002,-43.94855899999999,3,2,1,2.0,165.29,375.0,centro-sul,Santa Lúcia,12/08/18,None,None
357429,535000.0,,-19.901682,-43.97893620000002,3,3,1,1.0,290.0,280.0,norte,Adelaide,12/08/18,None,None
358525,535000.0,,-19.9039493,-43.935821000000026,3,2,1,1.0,125.0,230.0,nordeste,Concórdia,12/08/18,None,None
363116,535000.0,,-19.928379999999997,-43.91619609999998,4,3,2,1.0,147.55,280.0,leste,São Lucas,12/08/18,None,None
2440074,535000.0,,-19.978729,-43.97848799999997,4,3,1,1.0,5.0,5.0,oeste,Buritis,12/08/18,None,None
2441190,535000.0,,-19.978729,-43.97848799999997,4,3,1,1.0,5.0,5.0,oeste,Buritis,12/08/18,None,None
3249811,535000.0,,-19.8905458,-43.99580349999997,3,3,1,1.0,197.0,537.0,pampulha,Castelo,12/08/18,None,None
3251388,535000.0,,-19.9671357,-43.97003819999998,3,2,1,1.0,125.45,690.0,oeste,Buritis,12/08/18,None,None
3256322,535000.0,,-19.949370499999997,-43.958493299999994,2,2,1,1.0,158.78,625.0,centro-sul,Luxemburgo,12/08/18,None,None
140994,535345.99,,-19.926652999999998,-43.91638569999998,2,2,1,1.0,0.01,0.01,centro-sul,Santa Efigênia,12/08/18,None,None
141184,535345.99,,-19.926652999999998,-43.91638569999998,2,2,1,1.0,0.01,0.01,centro-sul,Santa Efigênia,12/08/18,None,None
141192,535345.99,,-19.926652999999998,-43.91638569999998,2,2,1,1.0,0.01,0.01,centro-sul,Santa Efigênia,12/08/18,None,None
141183,535354.99,,-19.926652999999998,-43.91638569999998,2,2,1,1.0,0.01,0.01,centro-sul,Santa Efigênia,12/08/18,None,None
2386304,537134.4,,-19.858255,-43.94524300000001,3,2,2,1.0,0.01,250.0,pampulha,Dona Clara,12/08/18,None,None
3249863,538000.0,,-19.970906,-43.97130200000004,4,3,1,1.0,247.85,485.0,oeste,Buritis,12/08/18,None,None
141195,538186.03,,-19.926652999999998,-43.91638569999998,2,2,1,1.0,0.01,0.01,centro-sul,Santa Efigênia,12/08/18,None,None
244735,539000.0,,-19.9481962,-43.94442090000001,2,2,1,1.0,1.0,1.0,centro-sul,Santo Antônio,12/08/18,None,None
1527038,539000.0,,-19.974325,-43.97135900000001,3,3,1,1.0,200.0,420.0,oeste,Buritis,12/08/18,None,None
2392375,539820.09,,-19.8580393,-43.94532000000004,3,2,2,2.0,0.01,250.0,pampulha,Dona Clara,12/08/18,None,None
16828,540000.0,,-19.972509,-43.970338999999974,3,2,1,2.0,164.5,720.0,oeste,Buritis,12/08/18,None,None
31869,540000.0,,-19.974341199999998,-43.96533460000001,3,3,1,2.0,220.0,400.0,oeste,Buritis,12/08/18,None,None
61378,540000.0,,-19.971367,-43.97282999999999,3,3,2,1.0,224.0,480.0,oeste,Buritis,12/08/18,None,None
141522,540000.0,,-19.9557482,-43.93577749999997,4,2,1,1.0,216.14,500.0,centro-sul,Sion,12/08/18,None,None
159350,540000.0,,-19.8925172,-43.93121659999997,3,2,1,1.0,130.0,300.0,nordeste,Silveira,12/08/18,None,None
340271,540000.0,,-19.9450029,-43.938368800000035,3,2,0,0.0,147.34,260.0,centro-sul,São Pedro,12/08/18,None,None
345127,540000.0,,-19.949881,-43.92536000000001,3,2,1,2.0,173.81,312.0,centro-sul,Anchieta,12/08/18,None,None
356273,540000.0,,-19.947457,-43.96983319999998,2,3,1,1.0,150.0,290.0,oeste,Nova Suíssa,12/08/18,None,None
357320,540000.0,,-19.946430199999998,-43.95093800000001,3,2,1,1.0,157.0,512.0,centro-sul,Luxemburgo,12/08/18,None,None
359554,540000.0,,-19.978994699999998,-43.96989450000001,3,1,1,2.0,236.15,300.0,oeste,Buritis,12/08/18,None,None
1577963,540000.0,,-19.9635561,-43.9509923,3,3,1,1.0,180.0,600.0,centro-sul,São Bento,12/08/18,None,None
1578314,540000.0,,-19.917331,-43.988384,3,3,1,1.0,140.0,540.0,noroeste,Padre Eustáquio,12/08/18,None,None
1786626,540000.0,,-19.8583552,-43.95351679999999,3,2,1,2.0,195.41,220.0,pampulha,Jaraguá,12/08/18,None,None
1788260,540000.0,,-19.8812663,-44.0024019,3,2,1,2.0,120.0,100.0,pampulha,Castelo,12/08/18,None,None
3212012,540000.0,,-19.9252113,-43.94028200000002,2,2,1,2.0,150.0,690.0,centro-sul,Centro,12/08/18,None,None
3234824,540000.0,,-19.944627,-43.9477344,4,2,1,1.0,235.0,550.0,centro-sul,Santo Antônio,12/08/18,None,None
3238086,540000.0,,-19.938187399999997,-43.9719025,3,2,1,1.0,140.0,320.0,oeste,Nova Granada,12/08/18,None,None
3248367,540000.0,,-19.9701164,-43.96867150000003,3,2,1,1.0,195.33,890.0,oeste,Buritis,12/08/18,None,None
3251581,540000.0,,-19.9692355,-43.96786659999998,3,2,1,2.0,197.0,700.0,oeste,Buritis,12/08/18,None,None
3254057,540000.0,,-19.862378,-43.943894,3,2,1,2.0,175.0,490.0,pampulha,Santa Rosa,12/08/18,None,None
3254493,540000.0,,-19.8966701,-43.93362539999998,3,2,1,2.0,167.0,400.0,leste,Graça,12/08/18,None,None
3255871,540000.0,,-19.9312633,-43.91335800000002,3,2,1,2.0,176.78,450.0,leste,São Lucas,12/08/18,None,None
45898,542000.0,,-19.9666884,-43.9654261,4,3,1,2.0,166.54,750.0,oeste,Buritis,12/08/18,None,None
2387311,542519.19,,-19.858255,-43.94524300000001,3,2,2,1.0,0.01,250.0,pampulha,Dona Clara,12/08/18,None,None
45698,545000.0,,-19.8691427,-43.931319299999984,4,1,2,1.0,66.0,350.0,nordeste,Palmares,12/08/18,None,None
133539,545000.0,,-19.8784292,-43.9953855,3,1,1,2.0,175.6,750.0,pampulha,Castelo,12/08/18,None,None
168931,545000.0,,-19.938425600000002,-43.92923689999998,2,2,1,2.0,196.87,940.0,centro-sul,Funcionários,12/08/18,None,None
1347091,545000.0,,-19.95081,-43.95808099999999,2,3,1,0.0,318.96,900.0,centro-sul,Luxemburgo,12/08/18,None,None
1691121,545000.0,,-19.9083031,-43.96581370000001,3,3,2,1.0,122.69,300.0,noroeste,Caiçaras,12/08/18,None,None
1854066,545000.0,,-19.938918899999997,-43.95865200000003,3,3,1,2.0,80.96,360.0,oeste,Gutierrez,12/08/18,None,None
3211998,545000.0,,-19.9698127,-43.96974109999997,3,2,1,1.0,193.9,670.0,oeste,Buritis,12/08/18,None,None
148297,548000.0,,-19.875698,-43.989752100000025,4,2,1,1.0,180.98,660.0,pampulha,Ouro Preto,12/08/18,None,None
363086,548040.0,,-19.935547,-43.929664,1,1,1,1.0,115.0,250.0,centro-sul,Funcionários,12/08/18,None,None
347511,549000.0,,-19.9017432,-43.97891219999997,3,1,1,1.0,124.07,250.0,noroeste,Caiçaras,12/08/18,None,None
1575182,549000.0,,-19.9707452,-43.97118009999997,3,2,1,1.0,165.24,580.0,oeste,Buritis,12/08/18,None,None
3234013,549000.0,,-19.98243702063434,-43.97592360052489,3,2,1,1.0,160.82,528.0,oeste,Buritis,12/08/18,None,None
3249654,549000.0,,-19.953621,-43.952023699999984,4,3,1,1.0,209.0,715.0,centro-sul,Vila Paris,12/08/18,None,None
3250054,549000.0,,-19.882032100000004,-44.002662999999984,3,2,1,1.0,116.0,500.0,pampulha,Castelo,12/08/18,None,None
6097,550000.0,,-19.938703,-43.914717,4,2,1,1.0,234.82,800.0,centro-sul,Serra,12/08/18,None,None
6240,550000.0,,-19.9560639,-43.9394168,3,2,1,1.0,203.0,574.0,centro-sul,Sion,12/08/18,None,None
7156,550000.0,,-19.8600775,-43.9275078,3,2,1,1.0,142.54,600.0,centro-sul,Santa Lúcia,12/08/18,None,None
13734,550000.0,,-19.937436399999996,-43.95984440000001,4,2,1,1.0,135.71,400.0,oeste,Gutierrez,12/08/18,None,None
18762,550000.0,,-19.8696008,-43.92929479999998,3,4,1,2.0,120.0,250.0,nordeste,Palmares,12/08/18,None,None
38005,550000.0,,-19.9600439,-43.946687,4,2,1,2.0,125.0,500.0,centro-sul,Santa Lúcia,12/08/18,None,None
45834,550000.0,,-19.8766242,-43.99585500000001,3,2,1,1.0,50.0,370.0,pampulha,Castelo,12/08/18,None,None
50398,550000.0,,-19.8465492,-43.984127100000016,4,2,1,2.0,147.18,200.0,pampulha,Santa Amélia,12/08/18,None,None
53637,550000.0,,-19.942435699999997,-43.918229,3,3,1,1.0,162.29,345.0,centro-sul,Serra,12/08/18,None,None
55402,550000.0,,-19.8858475,-43.92253349999999,3,2,1,2.0,155.91,350.0,nordeste,União,12/08/18,None,None
55951,550000.0,,-19.927441899999998,-43.96933469999999,3,3,1,2.0,109.0,330.0,oeste,Prado,12/08/18,None,None
56138,550000.0,,-19.9698127,-43.96974109999997,3,2,1,1.0,186.0,650.0,oeste,Buritis,12/08/18,None,None
87835,550000.0,,-19.8714305,-43.98981600000002,3,2,1,2.0,100.35,388.0,pampulha,Paquetá,12/08/18,None,None
126422,550000.0,,-19.978994699999998,-43.96989450000001,4,3,1,2.0,171.0,500.0,oeste,Buritis,12/08/18,None,None
126531,550000.0,,-19.9478014,-43.94723829999998,2,3,2,2.0,1.0,1.0,centro-sul,Santo Antônio,12/08/18,None,None
127034,550000.0,,-19.937411800000003,-44.02129130000003,3,2,1,2.0,138.0,150.0,noroeste,Camargos,12/08/18,None,None
137651,550000.0,,-19.968884,-43.965845,3,2,1,2.0,145.26,1050.0,oeste,Estoril,12/08/18,None,None
138177,550000.0,,-19.922102,-43.98946030000002,3,3,1,2.0,175.0,320.0,noroeste,Minas Brasil,12/08/18,None,None
138432,550000.0,,-19.9481515,-43.94229989999997,3,3,1,2.0,110.0,800.0,centro-sul,Santo Antônio,12/08/18,None,None
140971,550000.0,,-19.8300247,-43.94325720000001,3,1,1,1.0,120.0,150.0,norte,Planalto,12/08/18,None,None
144469,550000.0,,-19.9313556,-43.95341869999999,3,2,1,2.0,204.75,300.0,centro-sul,Santo Agostinho,12/08/18,None,None
146179,550000.0,,-19.9515505,-43.93910579999999,2,2,1,3.0,217.53,650.0,centro-sul,São Pedro,12/08/18,None,None
152241,550000.0,,-19.9344607,-43.95812699999999,4,3,1,3.0,217.48,400.0,oeste,Gutierrez,12/08/18,None,None
153898,550000.0,,-19.9122293,-43.98644430000002,3,1,1,1.0,220.0,450.0,noroeste,Padre Eustáquio,12/08/18,None,None
162413,550000.0,,-19.939938100000003,-43.9597369,4,1,1,1.0,142.93,326.0,oeste,Gutierrez,12/08/18,None,None
162749,550000.0,,-19.9688698,-43.96573280000001,3,2,1,1.0,136.9,600.0,oeste,Buritis,12/08/18,None,None
162922,550000.0,,-19.9650681,-43.95114219999999,3,3,1,1.0,243.0,556.36,centro-sul,Santa Lúcia,12/08/18,None,None
163698,550000.0,,-19.941762699999998,-43.91836460000002,3,3,1,1.0,140.0,350.0,centro-sul,Serra,12/08/18,None,None
164467,550000.0,,-19.870661600000002,-43.93944479999999,3,3,1,2.0,129.0,245.0,nordeste,Palmares,12/08/18,None,None
164513,550000.0,,-19.917862799999998,-43.9835898,3,3,1,0.0,120.0,380.0,noroeste,Padre Eustáquio,12/08/18,None,None
167559,550000.0,,-19.8783367,-43.93561199999999,4,3,1,2.0,127.07,461.44,nordeste,Palmares,12/08/18,None,None
171913,550000.0,,-19.867230300000003,-43.988731400000006,4,2,1,2.0,110.0,400.0,pampulha,Ouro Preto,12/08/18,None,None
173187,550000.0,,-19.9521996,-43.95234410000001,4,3,1,2.0,249.63,844.0,centro-sul,Vila Paris,12/08/18,None,None
191738,550000.0,,-19.886338199999997,-43.9836047,3,1,1,2.0,184.0,690.0,pampulha,Ouro Preto,12/08/18,None,None
202980,550000.0,,-19.9742961,-43.96353579999999,4,3,1,2.0,189.71,550.0,oeste,Buritis,12/08/18,None,None
208766,550000.0,,-19.954654100000003,-43.933865800000035,3,2,1,2.0,159.11,500.0,centro-sul,Sion,12/08/18,None,None
253012,550000.0,,-19.9414133,-43.97993650000001,3,3,1,2.0,158.39,350.0,oeste,Jardim América,12/08/18,None,None
296762,550000.0,,-19.9829562,-43.973857599999974,3,2,1,2.0,165.24,490.0,oeste,Buritis,12/08/18,None,None
332015,550000.0,,-19.979469199999997,-43.97924749999999,3,3,1,2.0,195.0,200.0,oeste,Buritis,12/08/18,None,None
336251,550000.0,,-19.934947,-43.95542899999998,2,2,1,2.0,175.14,680.0,oeste,Gutierrez,12/08/18,None,None
338938,550000.0,,-19.9474835,-43.94392089999997,3,3,1,2.0,160.0,420.0,centro-sul,Santo Antônio,12/08/18,None,None
340951,550000.0,,-19.923396899999997,-43.94134529999997,4,2,1,2.0,44.95,800.0,centro-sul,Centro,12/08/18,None,None
344131,550000.0,,-19.925195600000002,-43.91671229999997,3,2,1,2.0,137.0,650.0,centro-sul,Santa Efigênia,12/08/18,None,None
344142,550000.0,,-19.9733359,-43.97072760000003,3,2,1,2.0,224.99,560.0,oeste,Buritis,12/08/18,None,None
349055,550000.0,,-19.886745584659085,-44.0140062260254,3,1,1,2.0,110.0,250.0,pampulha,Castelo,12/08/18,None,None
350845,550000.0,,-19.9057921,-43.9328562,3,4,1,2.0,117.0,260.0,leste,Floresta,12/08/18,None,None
353220,550000.0,,-19.9398401,-43.91864950000002,2,2,1,1.0,149.14,687.86,centro-sul,Serra,12/08/18,None,None
354848,550000.0,,-19.9632241,-43.96881930000001,3,2,1,2.0,172.16,724.0,oeste,Estrela Dalva,12/08/18,None,None
356004,550000.0,,-19.93404064298586,-43.979720078295934,4,3,1,2.0,136.81,600.0,oeste,Salgado Filho,12/08/18,None,None
359587,550000.0,,-19.879387100000002,-43.99617809999995,3,2,1,2.0,95.0,180.0,pampulha,Castelo,12/08/18,None,None
359684,550000.0,,-19.876837100000003,-44.00213400000001,3,3,1,2.0,114.0,307.0,pampulha,Castelo,12/08/18,None,None
361623,550000.0,,-19.963113399999997,-43.97223819999999,3,3,1,2.0,130.95,250.0,oeste,Havaí,12/08/18,None,None
361898,550000.0,,-19.9157927,-43.97544420000003,4,3,1,2.0,177.92,305.0,noroeste,Padre Eustáquio,12/08/18,None,None
362949,550000.0,,-19.8746388,-43.91531759999998,4,3,1,2.0,181.63,318.0,nordeste,Fernão Dias,12/08/18,None,None
374995,550000.0,,-19.969078699999997,-43.9702049,3,2,1,2.0,199.0,718.0,oeste,Buritis,12/08/18,None,None
396647,550000.0,,-19.8836508,-43.93730670000002,3,3,1,2.0,164.12,300.0,nordeste,Ipiranga,12/08/18,None,None
516320,550000.0,,-19.929129100000004,-43.97162049999997,4,3,2,2.0,72.36,170.0,oeste,Prado,12/08/18,None,None
636558,550000.0,,-19.8905733,-43.99781350000001,3,3,1,2.0,122.58,385.0,pampulha,Castelo,12/08/18,None,None
1074112,550000.0,,-19.950189,-43.93222400000002,4,3,1,2.0,197.0,536.0,centro-sul,Sion,12/08/18,None,None
1529431,550000.0,,-19.8675745,-43.990348400000016,4,1,1,2.0,1227.0,150.0,pampulha,Paquetá,12/08/18,None,None
1574758,550000.0,,-19.925195600000002,-43.91671229999997,3,2,1,2.0,162.18,693.0,centro-sul,Santa Efigênia,12/08/18,None,None
1586380,550000.0,,-19.871277600000003,-43.980341599999974,3,2,1,2.0,119.0,590.0,pampulha,São Luiz,12/08/18,None,None
1603350,550000.0,,-19.867327472468244,-43.9859726761963,3,1,1,1.0,103.63,450.0,pampulha,Ouro Preto,12/08/18,None,None
1671724,550000.0,,-19.8912371,-43.904796999999974,3,3,1,2.0,1.0,1.0,leste,Santa Inês,12/08/18,None,None
1686891,550000.0,,-19.898882999999998,-43.93762900000002,3,1,1,1.0,137.0,300.0,nordeste,Concórdia,12/08/18,None,None
1809912,550000.0,,-19.944336,-43.95060609999996,3,3,1,2.0,257.11,689.0,centro-sul,Luxemburgo,12/08/18,None,None
1810494,550000.0,,-19.9165509,-43.91171070000002,3,3,1,2.0,95.52,450.0,leste,Santa Tereza,12/08/18,None,None
1822968,550000.0,,-19.876402399999996,-43.998039300000016,3,1,1,2.0,126.26,400.0,pampulha,Castelo,12/08/18,None,None
1833957,550000.0,,-19.9478648,-43.92281700000001,4,2,1,2.0,153.68,440.0,centro-sul,Anchieta,12/08/18,None,None
1841186,550000.0,,-19.963064499999998,-43.967475199999974,3,3,1,2.0,177.09,900.0,oeste,Estrela Dalva,12/08/18,None,None
1893253,550000.0,,-19.8890843,-43.99920150000003,3,2,1,2.0,147.97,300.0,pampulha,Castelo,12/08/18,None,None
1922720,550000.0,,-19.9246795,-43.96101750000002,3,3,1,2.0,300.0,400.0,oeste,Prado,12/08/18,None,None
2237235,550000.0,,-19.8894531,-43.98168620000001,3,2,1,2.0,0.01,680.0,pampulha,Engenho Nogueira,12/08/18,None,None
2525944,550000.0,,-19.889023,-43.99524100000002,3,2,1,2.0,188.91,380.0,pampulha,Castelo,12/08/18,None,None
3212504,550000.0,,-19.9234585,-43.948375199999994,3,2,1,2.0,175.0,1100.0,centro-sul,Barro Preto,12/08/18,None,None
3234354,550000.0,,-19.922314800000002,-43.946081700000036,3,2,1,2.0,167.0,604.0,centro-sul,Centro,12/08/18,None,None
3236405,550000.0,,-19.937989,-43.95942969999999,4,2,1,2.0,141.0,400.0,oeste,Gutierrez,12/08/18,None,None
3239612,550000.0,,-19.9426509,-43.966464299999984,4,3,1,2.0,159.2,280.0,oeste,Nova Granada,12/08/18,None,None
3239994,550000.0,,-19.823483300000003,-43.949140500000006,3,1,1,2.0,0.01,300.0,norte,Vila Cloris,12/08/18,None,None
3240997,550000.0,,-19.9151133,-43.951130000000035,3,2,1,2.0,100.0,280.0,noroeste,Carlos Prates,12/08/18,None,None
3245274,550000.0,,-19.927059699999997,-43.93768320000004,3,2,1,2.0,150.0,530.0,centro-sul,Lourdes,12/08/18,None,None
3246612,550000.0,,-19.9565157,-43.93214369999998,3,2,1,2.0,166.29,400.0,centro-sul,Sion,12/08/18,None,None
3246924,550000.0,,-19.8782534,-43.99554560000002,3,1,1,2.0,120.0,520.0,pampulha,Castelo,12/08/18,None,None
3248085,550000.0,,-19.921001,-43.97801100000004,3,2,1,2.0,171.0,390.0,noroeste,Padre Eustáquio,12/08/18,None,None
3248823,550000.0,,-19.88304,-43.93212299999999,3,3,1,2.0,121.66,300.0,nordeste,Ipiranga,12/08/18,None,None
3248973,550000.0,,-19.9121387,-43.98082120000004,0,3,1,2.0,137.72,300.0,noroeste,Padre Eustáquio,12/08/18,None,None
3249521,550000.0,,-19.87671522531276,-43.999360029638645,3,3,1,2.0,129.0,250.0,pampulha,Castelo,12/08/18,None,None
3249541,550000.0,,-19.8994309,-43.925863899999975,4,1,1,2.0,190.29,300.0,leste,Sagrada Família,12/08/18,None,None
3250568,550000.0,,-19.8596139,-43.94254260000002,2,2,1,2.0,110.0,450.0,pampulha,Dona Clara,12/08/18,None,None
3250634,550000.0,,-19.931669199999998,-43.9735384,3,3,1,2.0,181.0,500.0,oeste,Nova Suíssa,12/08/18,None,None
3251947,550000.0,,-19.9504483,-43.93895780000002,3,2,1,2.0,205.32,900.0,centro-sul,São Pedro,12/08/18,None,None
3253649,550000.0,,-19.9222389,-43.91364490000001,3,2,1,2.0,189.17,524.7,centro-sul,Santa Efigênia,12/08/18,None,None
3253702,550000.0,,-19.925873499999998,-43.9488442,3,2,0,2.0,143.56,380.0,centro-sul,Santo Agostinho,12/08/18,None,None
3253877,550000.0,,-19.9074095,-43.92179729999998,3,1,1,2.0,218.18,260.0,leste,Sagrada Família,12/08/18,None,None
3257359,550000.0,,-19.8868877,-43.9985102,3,2,1,2.0,120.0,690.0,pampulha,Castelo,12/08/18,None,None
3257777,550000.0,,-19.904455,-43.92900900000001,3,1,1,2.0,130.0,320.0,leste,Sagrada Família,12/08/18,None,None
3258346,550000.0,,-19.966661,-43.96689370000002,3,2,1,2.0,93.0,510.0,oeste,Buritis,12/08/18,None,None
785275,551634.41,,-19.926652999999998,-43.91638569999998,2,2,1,2.0,0.01,0.01,centro-sul,Santa Efigênia,12/08/18,None,None
148554,553164.26,,-19.9062867,-43.92575299999999,2,2,1,2.0,0.01,0.01,leste,Sagrada Família,12/08/18,None,None
170792,555000.0,,-19.9512574,-43.9497695,1,2,1,2.0,290.0,250.0,centro-sul,Vila Paris,12/08/18,None,None
1672462,555000.0,,-19.881253899999997,-43.98206500000003,3,2,1,2.0,120.0,210.0,pampulha,Ouro Preto,12/08/18,None,None
3246735,555000.0,,-19.8308857,-43.96708619999998,4,2,1,2.0,115.0,250.0,pampulha,Santa Branca,12/08/18,None,None
141467,556000.0,,-19.8394836,-43.96442619999999,3,2,1,2.0,107.0,160.0,pampulha,Itapoã,12/08/18,None,None
337496,556000.0,,-19.9041712,-43.92398800000001,3,2,1,2.0,147.25,460.0,leste,Sagrada Família,12/08/18,None,None
3243874,556000.0,,-19.9392341,-43.963680700000005,3,3,1,1.0,238.24,499.92,oeste,Grajaú,12/08/18,None,None
3252483,557500.0,,-19.945694800000002,-43.9272421,2,1,2,2.0,60.0,400.0,centro-sul,Cruzeiro,12/08/18,None,None
1756778,558000.0,,-19.94259,-43.96690790000002,3,3,1,2.0,180.0,763.0,oeste,Nova Granada,12/08/18,None,None
986504,559000.0,,-19.9684687,-43.9688802,3,1,1,2.0,240.0,633.0,oeste,Buritis,12/08/18,None,None
6995,560000.0,,-19.953887100000003,-43.96836429999996,4,4,2,1.0,1352.0,300.0,oeste,Jardim América,12/08/18,None,None
7415,560000.0,,-19.9408319,-43.96462639999999,3,2,1,1.0,189.31,475.0,oeste,Grajaú,12/08/18,None,None
11499,560000.0,,-19.9402275,-43.96521840000002,3,3,1,2.0,160.0,500.0,oeste,Gutierrez,12/08/18,None,None
11583,560000.0,,-19.901207199999998,-43.92752780000001,4,3,1,2.0,183.0,280.0,leste,Sagrada Família,12/08/18,None,None
13744,560000.0,,-19.907853699999997,-43.97592559999998,3,3,1,2.0,110.91,300.0,noroeste,Caiçara-Adelaide,12/08/18,None,None
31959,560000.0,,-19.898956100000003,-43.92410410000002,4,3,1,2.0,95.0,130.0,leste,Sagrada Família,12/08/18,None,None
67139,560000.0,,-19.9540635,-43.98520680000002,3,2,1,2.0,184.58,367.0,oeste,Havaí,12/08/18,None,None
149448,560000.0,,-19.9460006,-43.946936799999996,2,3,1,2.0,192.0,342.0,centro-sul,Santo Antônio,12/08/18,None,None
157729,560000.0,,-19.9396245,-43.96914889999999,3,2,1,1.0,147.88,400.0,oeste,Nova Granada,12/08/18,None,None
163849,560000.0,,-19.8831706,-44.00298829999997,3,2,1,2.0,0.01,250.0,pampulha,Castelo,12/08/18,None,None
164316,560000.0,,-19.8748134,-43.99157779999996,3,2,1,1.0,88.0,550.0,pampulha,Ouro Preto,12/08/18,None,None
173733,560000.0,,-19.908274600000002,-43.91943889999999,3,2,1,2.0,155.14,450.0,leste,Sagrada Família,12/08/18,None,None
333566,560000.0,,-19.910761899999997,-43.95733050000001,4,3,1,2.0,206.37,400.0,noroeste,Padre Eustáquio,12/08/18,None,None
334490,560000.0,,-19.94771,-43.93699300000003,3,2,1,2.0,168.0,340.0,centro-sul,São Pedro,12/08/18,None,None
362562,560000.0,,-19.859753899999998,-43.943723500000026,3,2,1,2.0,161.0,230.0,pampulha,Jaraguá,12/08/18,None,None
460448,560000.0,,-19.9234887,-43.91642939999997,3,2,1,2.0,155.0,800.0,centro-sul,Santa Efigênia,12/08/18,None,None
593755,560000.0,,-19.916798899999996,-43.97725179999998,3,1,1,2.0,180.0,550.0,noroeste,Padre Eustáquio,12/08/18,None,None
783187,560000.0,,-19.9206233,-43.90808400000003,3,2,1,2.0,128.15,140.0,leste,Paraíso,12/08/18,None,None
1685666,560000.0,,-19.870404999999998,-43.99430100000001,3,1,1,2.0,130.0,300.0,pampulha,Paquetá,12/08/18,None,None
2429576,560000.0,,-19.969267000000002,-43.96997520000002,3,2,1,1.0,223.08,750.0,oeste,Buritis,12/08/18,None,None
3234411,560000.0,,-19.8883052,-43.99522500000001,3,1,1,2.0,110.0,220.0,pampulha,Castelo,12/08/18,None,None
3237701,560000.0,,-19.8904495,-43.93917320000003,3,3,1,1.0,189.2,200.0,nordeste,Renascença,12/08/18,None,None
3238381,560000.0,,-19.8801521,-43.92905980000001,3,2,1,2.0,201.21,586.0,nordeste,União,12/08/18,None,None
3238691,560000.0,,-19.871115,-43.93448000000001,3,2,1,2.0,182.58,282.0,nordeste,Palmares,12/08/18,None,None
3241225,560000.0,,-19.883304000000003,-44.00163800000002,3,2,1,3.0,0.01,800.0,pampulha,Castelo,12/08/18,None,None
3248878,560000.0,,-19.9732212,-43.964952400000016,3,3,1,3.0,250.59,750.0,oeste,Buritis,12/08/18,None,None
3251497,560000.0,,-19.8876035,-43.89305630000001,3,3,1,2.0,60.0,450.0,leste,Boa Vista,12/08/18,None,None
3254329,560000.0,,-19.972746899999997,-43.97047199999997,3,2,1,3.0,164.5,800.0,oeste,Buritis,12/08/18,None,None
3257679,560000.0,,-19.9040639,-43.96661900000004,3,3,1,3.0,228.0,580.0,noroeste,Caiçaras,12/08/18,None,None
357032,565000.0,,-19.9369681,-43.98311939999997,3,3,1,3.0,80.0,250.0,oeste,Salgado Filho,12/08/18,None,None
274137,567000.0,,-19.9495407,-43.957136799999994,2,2,1,0.0,190.0,448.0,centro-sul,Luxemburgo,12/08/18,None,None
167437,568500.0,,-19.9245995,-43.9166224,3,2,1,1.0,166.34,463.88,centro-sul,Santa Efigênia,12/08/18,None,None
351558,569000.0,,-19.902352899999997,-43.922121800000006,3,2,1,2.0,160.0,330.0,leste,Sagrada Família,12/08/18,None,None
398598,569000.0,,-19.8929147,-43.93108669999998,3,2,1,2.0,189.0,535.0,nordeste,Silveira,12/08/18,None,None
7996,570000.0,,-19.9176804,-43.987531699999984,3,2,1,2.0,168.0,400.0,noroeste,Padre Eustáquio,12/08/18,None,None
21915,570000.0,,-19.927839600000002,-43.911692000000016,4,4,1,2.0,132.0,260.0,leste,São Lucas,12/08/18,None,None
163846,570000.0,,-19.883059399999997,-44.00041870000001,3,2,1,3.0,0.01,0.01,pampulha,Castelo,12/08/18,None,None
163850,570000.0,,-19.883226,-44.00298599999997,3,2,1,3.0,0.01,0.01,pampulha,Castelo,12/08/18,None,None
165496,570000.0,,-19.9313431,-43.913446799999974,3,2,1,2.0,119.34,1.0,leste,São Lucas,12/08/18,None,None
166092,570000.0,,-19.9632641,-43.9510742,3,3,1,3.0,153.0,1000.0,centro-sul,São Bento,12/08/18,None,None
339420,570000.0,,-19.9164388,-43.974513,3,2,1,1.0,228.49,960.0,noroeste,Padre Eustáquio,12/08/18,None,None
355834,570000.0,,-19.9581469,-43.93699119999997,3,2,1,1.0,153.0,600.0,centro-sul,Sion,12/08/18,None,None
356370,570000.0,,-19.928751199999997,-43.98072860000002,4,3,1,2.0,145.32,250.0,oeste,Calafate,12/08/18,None,None
358465,570000.0,,-19.8988598,-43.92556250000001,4,3,1,2.0,185.85,200.0,leste,Sagrada Família,12/08/18,None,None
359211,570000.0,,-19.9666133,-43.96551039999997,3,2,1,2.0,201.31,1112.0,oeste,Buritis,12/08/18,None,None
360230,570000.0,,-19.8876035,-43.89305630000001,4,2,1,2.0,38.0,550.0,leste,Boa Vista,12/08/18,None,None
364109,570000.0,,-19.938163199999998,-43.95031499999999,2,2,0,2.0,94.0,220.0,centro-sul,Cidade Jardim,12/08/18,None,None
365295,570000.0,,-19.9354683,-43.91838229999996,3,1,1,2.0,120.0,476.74,centro-sul,Serra,12/08/18,None,None
375190,570000.0,,-19.943602181650494,-43.920880693392974,2,2,1,1.0,317.86,671.0,centro-sul,Serra,12/08/18,None,None
1030361,570000.0,,-19.9558919,-43.94025560000001,3,3,1,1.0,192.51,670.0,centro-sul,Sion,12/08/18,None,None
1381840,570000.0,,-19.8823309,-43.982606000000025,3,2,1,1.0,184.0,900.0,pampulha,Ouro Preto,12/08/18,None,None
1686715,570000.0,,-19.9402802,-43.9578085,3,2,1,2.0,222.83,500.0,oeste,Gutierrez,12/08/18,None,None
2232127,570000.0,,-19.892899300000003,-43.935948,3,4,2,2.0,132.3,495.0,nordeste,Silveira,12/08/18,None,None
3206251,570000.0,,-19.941822199999997,-43.916512899999994,3,2,1,2.0,192.07,900.0,centro-sul,Serra,12/08/18,None,None
3236636,570000.0,,-19.966667,-43.968119,4,3,1,1.0,200.0,900.0,oeste,Buritis,12/08/18,None,None
3237300,570000.0,,-19.92529,-43.98914000000002,4,2,1,2.0,141.0,300.0,noroeste,Coração Eucarístico,12/08/18,None,None
3240312,570000.0,,-19.959752899999998,-43.946614200000006,3,2,1,2.0,108.0,400.0,centro-sul,São Bento,12/08/18,None,None
3249573,570000.0,,-19.8427018,-43.97693029999999,3,1,1,2.0,1200.0,200.0,pampulha,Santa Amélia,12/08/18,None,None
3257790,570000.0,,-19.9305639,-43.96760389999997,2,3,2,2.0,165.0,300.0,oeste,Prado,12/08/18,None,None
347693,574800.0,,-19.9809117,-43.97416190000001,3,3,1,3.0,185.0,297.0,oeste,Buritis,12/08/18,None,None
189039,575000.0,,-19.9520825,-43.948046999999974,4,3,2,1.0,255.0,300.0,centro-sul,São Bento,12/08/18,None,None
363549,575000.0,,-19.936248000000003,-43.96475800000002,4,3,1,2.0,162.24,1060.0,oeste,Gutierrez,12/08/18,None,None
1381231,575000.0,,-19.9415918,-43.92294659999999,2,2,1,2.0,161.0,715.0,centro-sul,Serra,12/08/18,None,None
1516565,575000.0,,-19.9849133,-43.97369230000004,3,1,1,2.0,260.16,585.0,oeste,Buritis,12/08/18,None,None
134783,578000.0,,-19.9711952,-43.97280230000001,4,3,1,2.0,64.7,400.0,oeste,Buritis,12/08/18,None,None
349955,579000.0,,-19.9525845,-43.93750310000002,2,1,1,3.0,231.0,350.0,centro-sul,Sion,12/08/18,None,None
367112,579000.0,,-19.9415891,-43.96681739999997,3,3,1,2.0,179.89,790.0,oeste,Nova Granada,12/08/18,None,None
6904,580000.0,,-19.979449,-43.96834000000001,4,2,1,2.0,218.06,350.0,oeste,Buritis,12/08/18,None,None
14395,580000.0,,-19.9763316,-43.96737759999996,4,1,1,2.0,112.0,350.0,oeste,Buritis,12/08/18,None,None
55850,580000.0,,-19.8861323,-43.93430849999999,4,2,1,2.0,135.0,250.0,nordeste,Nova Floresta,12/08/18,None,None
129656,580000.0,,-19.8897789,-43.9300088,3,2,1,2.0,142.0,485.0,nordeste,Silveira,12/08/18,None,None
138918,580000.0,,-19.87180318309132,-43.943537432263156,3,1,1,3.0,105.08,200.0,nordeste,Santa Cruz,12/08/18,None,None
142190,580000.0,,-19.927091,-43.94287199999997,2,1,0,2.0,193.53,900.0,centro-sul,Santo Agostinho,12/08/18,None,None
143235,580000.0,,-19.856550100000003,-43.956120500000004,3,1,1,2.0,160.0,500.0,pampulha,Jaraguá,12/08/18,None,None
162335,580000.0,,-19.906139000000003,-43.92843640000001,3,3,1,2.0,113.92,245.0,leste,Sagrada Família,12/08/18,None,None
163843,580000.0,,-19.883226,-44.00298599999997,3,2,1,1.0,0.01,0.01,pampulha,Castelo,12/08/18,None,None
163844,580000.0,,-19.883226,-44.00298599999997,3,2,1,2.0,0.01,0.01,pampulha,Castelo,12/08/18,None,None
167112,580000.0,,-19.9714589,-43.96942630000001,4,3,1,4.0,0.01,0.01,oeste,Buritis,12/08/18,None,None
188700,580000.0,,-19.9775138,-44.02271819999999,3,3,2,4.0,190.0,200.0,barreiro,Barreiro de Baixo,12/08/18,None,None
188701,580000.0,,-19.977242899999997,-44.02195970000002,3,3,2,3.0,190.0,200.0,barreiro,Barreiro de Baixo,12/08/18,None,None
188738,580000.0,,-19.977488,-44.02259559999999,3,3,2,2.0,190.0,200.0,barreiro,Barreiro de Baixo,12/08/18,None,None
188744,580000.0,,-19.977449800000002,-44.0224139,3,3,2,2.0,190.0,200.0,barreiro,Barreiro de Baixo,12/08/18,None,None
188746,580000.0,,-19.9776468,-44.02240719999998,3,3,2,3.0,190.0,200.0,barreiro,Barreiro de Baixo,12/08/18,None,None
336513,580000.0,,-19.9099462,-43.92486919999999,3,2,1,4.0,195.0,800.0,leste,Sagrada Família,12/08/18,None,None
340245,580000.0,,-19.9036475,-43.93587339999999,3,3,1,4.0,148.0,250.0,nordeste,Concórdia,12/08/18,None,None
340295,580000.0,,-19.895836499999998,-43.92863030000001,3,2,1,3.0,120.0,424.0,leste,Graça,12/08/18,None,None
346461,580000.0,,-19.9195756,-43.977701399999994,5,4,2,3.0,217.57,429.44,noroeste,Padre Eustáquio,12/08/18,None,None
352949,580000.0,,-19.8970303,-43.92111620000003,3,3,1,3.0,171.0,320.0,leste,Sagrada Família,12/08/18,None,None
356105,580000.0,,-19.878383300000003,-43.92988550000001,4,2,1,5.0,238.64,794.0,nordeste,Ipiranga,12/08/18,None,None
358942,580000.0,,-19.918501688740754,-43.98778433068844,3,2,1,4.0,257.0,1000.0,noroeste,Coração Eucarístico,12/08/18,None,None
364764,580000.0,,-19.9650681,-43.95114219999999,3,2,0,4.0,204.37,700.0,centro-sul,Santa Lúcia,12/08/18,None,None
484282,580000.0,,-19.9363838,-43.96633580000002,4,3,1,3.0,144.94,350.0,oeste,Barroca,12/08/18,None,None
1525957,580000.0,,-19.8830516,-44.00351950000004,3,3,2,2.0,209.93,350.0,pampulha,Castelo,12/08/18,None,None
1687287,580000.0,,-19.8646188,-43.94416139999998,3,1,1,3.0,158.38,330.0,pampulha,Santa Rosa,12/08/18,None,None
1744910,580000.0,,-19.9575575,-43.935819099999996,3,2,1,3.0,145.0,700.0,centro-sul,Sion,12/08/18,None,None
1818726,580000.0,,-19.8608257,-43.95330200000001,3,2,1,1.0,158.0,220.0,pampulha,Liberdade,12/08/18,None,None
2189119,580000.0,,-19.9580759,-43.937703000000006,3,4,1,1.0,1.0,250.0,centro-sul,Sion,12/08/18,None,None
2464816,580000.0,,-19.935087,-43.96114790000002,3,2,1,1.0,96.44,380.0,oeste,Gutierrez,12/08/18,None,None
3233826,580000.0,,-19.9427964,-43.969191000000016,3,3,1,2.0,195.0,150.0,oeste,Nova Granada,12/08/18,None,None
3235109,580000.0,,-19.932171,-43.981546500000036,3,3,1,0.0,207.0,525.0,oeste,Nova Suíssa,12/08/18,None,None
3236257,580000.0,,-19.974932,-43.963997000000006,4,2,1,0.0,225.09,489.0,oeste,Buritis,12/08/18,None,None
3238752,580000.0,,-19.880467000000003,-43.99600199999998,3,1,1,2.0,150.0,400.0,pampulha,Castelo,12/08/18,None,None
3243766,580000.0,,-19.939556500000002,-43.95992089999999,3,2,1,2.0,242.0,623.0,oeste,Gutierrez,12/08/18,None,None
3244407,580000.0,,-19.91806,-43.975853700000016,3,2,1,1.0,205.65,385.0,noroeste,Padre Eustáquio,12/08/18,None,None
3245546,580000.0,,-19.9652529,-43.96456319999999,3,2,1,3.0,146.88,350.0,oeste,Estoril,12/08/18,None,None
3253015,580000.0,,-19.9163125,-43.97431069999999,3,2,1,3.0,235.52,960.0,noroeste,Padre Eustáquio,12/08/18,None,None
3255166,580000.0,,-19.881581,-44.00492629999997,3,1,1,3.0,195.0,400.0,pampulha,Castelo,12/08/18,None,None
3255921,580000.0,,-19.970706,-43.97303349999999,3,3,1,1.0,259.78,630.0,oeste,Buritis,12/08/18,None,None
3256695,580000.0,,-19.9139638,-43.93040329999997,3,2,1,1.0,146.94,760.0,leste,Floresta,12/08/18,None,None
148542,580912.51,,-19.9062867,-43.92575299999999,2,2,1,1.0,0.01,0.01,leste,Sagrada Família,12/08/18,None,None
2386302,581189.0,,-19.858255,-43.94524300000001,3,2,2,1.0,0.01,250.0,pampulha,Dona Clara,12/08/18,None,None
7283,583000.0,,-19.8893036,-43.9970193,3,2,1,3.0,166.49,500.0,pampulha,Castelo,12/08/18,None,None
227390,583000.0,,-19.893811499999998,-43.9240519,3,2,1,2.0,124.83,490.0,leste,Sagrada Família,12/08/18,None,None
153165,584000.0,,-19.868204000000002,-43.98915490000002,3,0,1,1.0,100.0,200.0,pampulha,Paquetá,12/08/18,None,None
6298,585000.0,,-19.909392,-43.92044599999997,3,2,1,1.0,75.0,250.0,leste,Sagrada Família,12/08/18,None,None
51381,585000.0,,-19.881456,-43.99870440000001,2,1,1,1.0,130.0,500.0,pampulha,Castelo,12/08/18,None,None
124553,585000.0,,-19.916407500000002,-43.97441370000002,3,2,1,3.0,214.0,960.0,noroeste,Padre Eustáquio,12/08/18,None,None
227598,585000.0,,-19.948514000000003,-43.94485199999997,4,2,1,2.0,138.0,700.0,centro-sul,Santo Antônio,12/08/18,None,None
512813,585000.0,,-19.888116,-44.00066500000002,3,1,1,2.0,110.0,300.0,pampulha,Castelo,12/08/18,None,None
1686987,585000.0,,-19.919114999999998,-43.98830900000002,3,3,1,1.0,363.0,700.0,noroeste,Minas Brasil,12/08/18,None,None
1798826,585000.0,,-19.9696829,-43.96903370000001,3,3,1,1.0,295.0,600.0,oeste,Buritis,12/08/18,None,None
3246356,585000.0,,-19.976005899999997,-43.964478199999974,4,2,1,1.0,238.22,1100.0,oeste,Buritis,12/08/18,None,None
3258385,585000.0,,-19.8733758,-43.936139499999975,4,2,1,2.0,123.41,370.0,nordeste,Palmares,12/08/18,None,None
65152,589000.0,,-19.971642000000003,-43.97150820000002,4,3,1,2.0,233.51,700.0,oeste,Buritis,12/08/18,None,None
1098434,589000.0,,-19.901938,-43.92948000000001,3,3,1,1.0,223.09,340.0,nordeste,Silveira,12/08/18,None,None
3238477,589000.0,,-19.9713937,-43.97117839999999,4,3,1,2.0,247.1,830.0,oeste,Buritis,12/08/18,None,None
6234,590000.0,,-19.922073,-43.94449529999997,5,3,2,2.0,84.1,590.0,centro-sul,Centro,12/08/18,None,None
6974,590000.0,,-19.886857,-43.909475999999984,3,3,1,0.0,175.0,800.0,leste,Santa Inês,12/08/18,None,None
7930,590000.0,,-19.8697081,-43.928252999999984,3,2,1,2.0,155.63,530.0,nordeste,Palmares,12/08/18,None,None
9937,590000.0,,-19.9595647,-43.97677119999997,3,3,1,0.0,93.08,250.0,oeste,Palmeiras,12/08/18,None,None
52551,590000.0,,-19.9508203,-43.94473590000001,4,2,1,2.0,140.0,290.0,centro-sul,Santo Antônio,12/08/18,None,None
54682,590000.0,,-19.9296969,-43.948288299999994,3,2,1,1.0,179.0,200.0,centro-sul,Santo Agostinho,12/08/18,None,None
55942,590000.0,,-19.9767057,-43.96784470000001,3,2,1,1.0,163.51,300.0,oeste,Buritis,12/08/18,None,None
57350,590000.0,,-19.9870853,-44.00716260000002,3,1,1,1.0,46.0,120.0,barreiro,Milionários,12/08/18,None,None
57351,590000.0,,-19.985731,-44.00177529999996,3,1,1,3.0,46.0,120.0,barreiro,Milionários,12/08/18,None,None
62575,590000.0,,-19.97774,-43.97373700000003,3,2,1,3.0,141.06,350.0,oeste,Buritis,12/08/18,None,None
141336,590000.0,,-19.935179100000003,-43.92704600000002,3,1,0,3.0,161.75,120.0,centro-sul,Funcionários,12/08/18,None,None
145008,590000.0,,-19.890975,-43.933820399999995,3,2,1,1.0,176.21,500.0,nordeste,Nova Floresta,12/08/18,None,None
156747,590000.0,,-19.9692355,-43.96786659999998,3,2,1,2.0,215.0,500.0,oeste,Buritis,12/08/18,None,None
159697,590000.0,,-19.9308288,-43.9349421,1,2,0,1.0,150.0,636.68,centro-sul,Savassi,12/08/18,None,None
159698,590000.0,,-19.9565324,-43.939475000000016,3,2,1,1.0,181.0,670.0,centro-sul,Sion,12/08/18,None,None
162043,590000.0,,-19.9088318,-43.97002529999998,2,2,1,2.0,152.24,200.0,noroeste,Caiçaras,12/08/18,None,None
199883,590000.0,,-19.9400185,-43.924826199999984,3,2,1,1.0,231.83,350.0,centro-sul,Sion,12/08/18,None,None
308044,590000.0,,-19.9522695,-43.93657839999997,2,2,1,1.0,242.61,800.0,centro-sul,Sion,12/08/18,None,None
333547,590000.0,,-19.944147100000002,-43.94137569999998,3,2,1,2.0,136.0,300.0,centro-sul,São Pedro,12/08/18,None,None
333861,590000.0,,-19.9076221,-43.91951510000001,3,2,1,2.0,83.3,350.0,leste,Sagrada Família,12/08/18,None,None
338362,590000.0,,-19.9458162,-43.95138980000002,2,2,1,2.0,1600.0,250.0,centro-sul,Coração de Jesus,12/08/18,None,None
339822,590000.0,,-19.894377,-43.93057770000002,3,2,1,2.0,209.44,900.0,nordeste,Silveira,12/08/18,None,None
357771,590000.0,,-19.9484727,-43.95350880000001,4,3,1,1.0,165.0,500.0,centro-sul,Coração de Jesus,12/08/18,None,None
361563,590000.0,,-19.928853399999998,-43.97910619999999,3,2,1,1.0,187.51,480.0,oeste,Nova Suíssa,12/08/18,None,None
364555,590000.0,,-19.8868806,-43.90949950000004,3,3,1,2.0,174.0,750.0,leste,Santa Inês,12/08/18,None,None
366455,590000.0,,-19.8834133,-43.99634800000001,3,1,1,2.0,110.0,430.0,pampulha,Castelo,12/08/18,None,None
521016,590000.0,,-19.8878169,-43.93080900000001,3,2,1,2.0,145.0,660.0,nordeste,Silveira,12/08/18,None,None
1660042,590000.0,,-19.945199300000002,-43.92773979999998,3,2,0,1.0,171.1,200.0,centro-sul,Cruzeiro,12/08/18,None,None
1689937,590000.0,,-19.937555,-43.961659000000004,3,3,1,1.0,0.0,442.22,oeste,Gutierrez,12/08/18,None,None
2175139,590000.0,,-19.8864879,-43.90592229999999,3,1,1,3.0,181.0,550.0,leste,Santa Inês,12/08/18,None,None
3212004,590000.0,,-19.925450100000003,-43.94874779999998,3,3,1,1.0,290.0,450.0,centro-sul,Barro Preto,12/08/18,None,None
3238570,590000.0,,-19.9356702,-43.94424190000001,3,2,0,2.0,229.19,500.0,centro-sul,Lourdes,12/08/18,None,None
3241042,590000.0,,-19.9430715,-43.948609000000026,4,3,1,2.0,170.0,250.0,centro-sul,Santo Antônio,12/08/18,None,None
3246667,590000.0,,-19.9487741,-43.92758520000001,3,3,1,3.0,104.44,300.0,centro-sul,Cruzeiro,12/08/18,None,None
3249285,590000.0,,-19.9668545,-43.96557519999999,3,2,1,1.0,216.0,1100.0,oeste,Buritis,12/08/18,None,None
3250303,590000.0,,-19.9757574,-43.97381949999999,3,2,1,1.0,181.0,380.0,oeste,Buritis,12/08/18,None,None
3252515,590000.0,,-19.945694800000002,-43.9272421,2,1,1,2.0,60.0,400.0,centro-sul,Cruzeiro,12/08/18,None,None
3252523,590000.0,,-19.945613100000003,-43.92708319999997,2,1,1,2.0,60.0,400.0,centro-sul,Cruzeiro,12/08/18,None,None
3252748,590000.0,,-19.9281677,-43.91599109999999,3,2,1,1.0,112.0,350.0,leste,São Lucas,12/08/18,None,None
3255315,590000.0,,-19.917167000000003,-43.9904439,3,3,1,1.0,176.28,260.0,noroeste,Minas Brasil,12/08/18,None,None
3257286,590000.0,,-19.911754600000002,-43.93190609999999,3,2,1,1.0,173.48,400.0,leste,Floresta,12/08/18,None,None
130629,592000.0,,-19.962144199999997,-43.98025710000002,3,2,1,1.0,140.0,405.0,oeste,Palmeiras,12/08/18,None,None
785276,593224.16,,-19.926652999999998,-43.91638569999998,2,2,1,1.0,0.01,0.01,centro-sul,Santa Efigênia,12/08/18,None,None
36867,595000.0,,-19.94116,-43.95331499999998,3,2,1,2.0,240.0,400.0,centro-sul,Luxemburgo,12/08/18,None,None
148026,595000.0,,-19.9785557,-43.97580219999998,3,2,1,2.0,242.59,630.0,oeste,Buritis,12/08/18,None,None
157538,595000.0,,-19.9498333,-43.94374900000002,3,3,1,3.0,250.0,800.0,centro-sul,São Bento,12/08/18,None,None
356475,595000.0,,-19.917442899999998,-43.93423740000003,4,5,2,2.0,168.76,350.0,pampulha,Santa Rosa,12/08/18,None,None
363343,595000.0,,-19.875881,-43.98125099999999,4,4,1,2.0,158.0,350.0,pampulha,Ouro Preto,12/08/18,None,None
638004,595000.0,,-19.8438223,-43.93717749999996,3,3,1,2.0,189.32,300.0,norte,Planalto,12/08/18,None,None
2168980,595000.0,,-19.9559283,-43.93621710000002,3,3,1,2.0,240.0,816.0,centro-sul,Sion,12/08/18,None,None
3235456,595000.0,,-19.8598915,-43.94176019999998,4,1,1,3.0,168.0,400.0,pampulha,Dona Clara,12/08/18,None,None
3250373,595000.0,,-19.890151,-43.994056,4,3,2,3.0,170.0,250.0,pampulha,Castelo,12/08/18,None,None
3255639,595000.0,,-19.934375600000003,-43.93155860000002,2,2,0,3.0,300.0,475.0,centro-sul,Savassi,12/08/18,None,None
3255959,595000.0,,-19.9428919,-43.92734999999999,1,1,1,4.0,290.0,800.0,centro-sul,Cruzeiro,12/08/18,None,None
3250982,596000.0,,-19.941112699999998,-43.91668379999999,1,1,1,4.0,150.0,500.0,centro-sul,Serra,12/08/18,None,None
9854,598000.0,,-19.9077926,-43.96627699999999,3,3,1,5.0,95.0,350.0,noroeste,Caiçaras,12/08/18,None,None
21632,598000.0,,-19.9498242,-43.942594199999974,4,3,1,5.0,190.0,380.0,centro-sul,Santo Antônio,12/08/18,None,None
27898,598000.0,,-19.967744800000002,-43.9677744,4,3,1,1.0,169.91,770.0,oeste,Buritis,12/08/18,None,None
141592,598000.0,,-19.882090899999998,-43.99821550000002,3,1,1,1.0,100.0,300.0,pampulha,Castelo,12/08/18,None,None
141594,598000.0,,-19.882090899999998,-43.99821550000002,3,1,1,1.0,100.0,300.0,pampulha,Castelo,12/08/18,None,None
146859,598000.0,,-19.943866399999997,-43.94243540000002,4,1,1,1.0,126.0,470.0,centro-sul,Santo Antônio,12/08/18,None,None
343469,598000.0,,-19.951872199999997,-43.93911530000002,3,2,1,1.0,224.02,852.0,centro-sul,São Pedro,12/08/18,None,None
346346,598000.0,,-19.924909500000002,-43.937177599999984,4,3,1,1.0,196.0,700.0,centro-sul,Centro,12/08/18,None,None
1745807,598000.0,,-19.9858893,-44.0035067,3,2,1,1.0,141.66,150.0,barreiro,Milionários,12/08/18,None,None
1909701,598000.0,,-19.8980338,-43.92304830000001,4,2,1,0.0,180.0,930.0,leste,Sagrada Família,12/08/18,None,None
2435834,598000.0,,-19.9416671,-43.94627420000001,3,2,1,1.0,163.53,400.0,centro-sul,Santo Antônio,12/08/18,None,None
3239263,598000.0,,-19.947401,-43.94617419999997,3,2,1,1.0,113.0,400.0,centro-sul,Santo Antônio,12/08/18,None,None
3252420,598000.0,,-19.994486300000002,-44.02177849999998,3,3,1,1.0,108.88,200.0,barreiro,Diamante,12/08/18,None,None
47754,599000.0,,-19.9189701,-43.98876960000001,4,2,1,1.0,150.03,900.0,noroeste,Minas Brasil,12/08/18,None,None
170898,599000.0,,-19.916893100000003,-43.99171330000002,3,2,1,2.0,181.0,230.0,noroeste,Minas Brasil,12/08/18,None,None
1655434,599000.0,,-19.973056,-43.97065199999997,4,3,1,2.0,179.63,375.0,oeste,Buritis,12/08/18,None,None
3234800,599000.0,,-19.862234,-43.95090700000003,3,2,1,4.0,186.03,500.0,pampulha,Jaraguá,12/08/18,None,None
6012,600000.0,,-19.886709399999997,-43.9280369,4,2,2,4.0,100.0,300.0,leste,Cidade Nova,12/08/18,None,None
12505,600000.0,,-19.875213000000002,-43.93227739999998,3,1,1,1.0,117.0,380.0,nordeste,Palmares,12/08/18,None,None
26050,600000.0,,-19.947146,-43.92464910000001,3,1,1,2.0,159.32,200.0,centro-sul,Cruzeiro,12/08/18,None,None
30830,600000.0,,-19.9413283,-43.95109059999999,3,3,1,3.0,1900.0,360.0,centro-sul,Cidade Jardim,12/08/18,None,None
35371,600000.0,,-19.9357427,-44.00214540000002,4,3,1,2.0,103.52,200.0,noroeste,Alto dos Pinheiros,12/08/18,None,None
50669,600000.0,,-19.8880712,-43.99965800000001,3,1,1,2.0,100.0,400.0,pampulha,Manacás,12/08/18,None,None
55316,600000.0,,-19.949158100000002,-43.92453769999997,3,2,1,2.0,148.35,330.0,centro-sul,Anchieta,12/08/18,None,None
65989,600000.0,,-19.955132199999998,-43.93698860000001,3,2,1,2.0,192.0,1230.0,centro-sul,Sion,12/08/18,None,None
128529,600000.0,,-19.9046204,-43.91667259999997,3,2,1,2.0,140.0,250.0,leste,Sagrada Família,12/08/18,None,None
139269,600000.0,,-19.9761344,-43.97206640000002,4,1,1,2.0,231.0,1250.0,oeste,Buritis,12/08/18,None,None
144077,600000.0,,-19.941450800000002,-44.0199677,3,3,1,2.0,185.01,0.01,noroeste,Camargos,12/08/18,None,None
144078,600000.0,,-19.941450800000002,-44.0199677,3,3,1,2.0,185.01,0.01,noroeste,Camargos,12/08/18,None,None
144085,600000.0,,-19.941450800000002,-44.0199677,3,3,1,2.0,185.01,0.01,noroeste,Camargos,12/08/18,None,None
146579,600000.0,,-19.941917999999998,-43.91901999999999,3,2,1,2.0,206.48,1000.0,centro-sul,Serra,12/08/18,None,None
151809,600000.0,,-19.9465448,-43.94694070000003,3,3,1,2.0,128.2,350.0,centro-sul,Santo Antônio,12/08/18,None,None
154091,600000.0,,-19.969511999999998,-43.96901679999996,4,2,1,2.0,266.0,650.0,oeste,Buritis,12/08/18,None,None
168152,600000.0,,-19.8280087,-43.95464830000003,3,1,1,2.0,90.0,250.0,norte,Planalto,12/08/18,None,None
188436,600000.0,,-19.9329297,-43.92068019999999,3,1,1,2.0,188.0,650.0,centro-sul,Serra,12/08/18,None,None
293361,600000.0,,-19.9522695,-43.93657839999997,2,2,1,4.0,242.61,800.0,centro-sul,Sion,12/08/18,None,None
336391,600000.0,,-19.948568100000003,-43.944987999999974,3,2,1,4.0,152.33,850.0,centro-sul,Santo Antônio,12/08/18,None,None
340903,600000.0,,-19.918295999999998,-43.97268209999999,4,2,1,4.0,224.83,590.0,noroeste,Padre Eustáquio,12/08/18,None,None
344148,600000.0,,-19.919629800000003,-43.94024619999999,4,3,1,2.0,201.21,700.0,centro-sul,Lourdes,12/08/18,None,None
344311,600000.0,,-19.9272659,-43.91404130000001,3,2,1,2.0,190.0,350.0,leste,São Lucas,12/08/18,None,None
357368,600000.0,,-19.8886184,-43.92664460000003,3,1,1,0.0,513.0,280.0,leste,Cidade Nova,12/08/18,None,None
361045,600000.0,,-19.937176,-43.92171400000001,2,2,0,1.0,1.0,1.0,centro-sul,Serra,12/08/18,None,None
361487,600000.0,,-19.9262867,-43.97451109999997,3,3,1,1.0,158.66,500.0,oeste,Nova Suíssa,12/08/18,None,None
1108422,600000.0,,-19.9024608,-43.926350800000016,4,2,2,1.0,211.54,300.0,leste,Sagrada Família,12/08/18,None,None
1529231,600000.0,,-19.856679,-43.95608900000002,3,2,1,2.0,245.81,550.0,pampulha,Liberdade,12/08/18,None,None
1623953,600000.0,,-19.940260600000002,-43.9541438,3,2,1,1.0,207.76,350.0,oeste,Gutierrez,12/08/18,None,None
1844806,600000.0,,-19.972639899999997,-43.968452000000006,3,2,1,2.0,192.28,740.0,oeste,Buritis,12/08/18,None,None
1896081,600000.0,,-19.893808,-43.94066900000002,4,3,1,2.0,202.5,220.0,nordeste,Renascença,12/08/18,None,None
2427342,600000.0,,-19.966599399999996,-43.9655416,3,3,1,1.0,206.79,1112.0,oeste,Buritis,12/08/18,None,None
3211484,600000.0,,-19.946939399999998,-43.92754609999997,1,2,1,2.0,185.0,603.0,centro-sul,Sion,12/08/18,None,None
3235057,600000.0,,-19.936248000000003,-43.96475800000002,4,3,1,2.0,183.04,1150.0,oeste,Grajaú,12/08/18,None,None
3238141,600000.0,,-19.933315,-43.932931,2,1,1,1.0,194.1,800.0,centro-sul,Savassi,12/08/18,None,None
3240011,600000.0,,-19.9099388,-43.97955339999999,3,3,1,1.0,78.0,300.0,noroeste,Monsenhor Messias,12/08/18,None,None
3240573,600000.0,,-19.932871600000002,-43.9302002,3,3,1,1.0,241.53,1025.0,centro-sul,Funcionários,12/08/18,None,None
3241681,600000.0,,-19.9435268,-43.94137160000002,3,3,2,1.0,170.58,575.32,centro-sul,Santo Antônio,12/08/18,None,None
3250865,600000.0,,-19.9476073,-43.93703470000003,3,2,1,1.0,219.0,400.0,centro-sul,São Pedro,12/08/18,None,None
3254112,600000.0,,-19.949277,-43.92749400000002,2,3,1,1.0,163.83,865.0,centro-sul,Anchieta,12/08/18,None,None
3258198,600000.0,,-19.946416600000003,-43.94847600000003,2,3,1,1.0,174.86,780.0,centro-sul,Santo Antônio,12/08/18,None,None
53029,606852.0,,-19.884401993538702,-44.00657660583499,3,2,1,1.0,100.0,450.0,pampulha,Manacás,12/08/18,None,None
1819660,607000.0,,-19.9143522,-43.9269271,3,1,1,1.0,187.8,480.0,leste,Floresta,12/08/18,None,None
25247,610000.0,,-19.8758645,-43.918471200000006,3,2,1,1.0,115.0,249.32,nordeste,União,12/08/18,None,None
157507,610000.0,,-19.936061,-43.9352859,3,1,1,2.0,174.94,850.0,centro-sul,Funcionários,12/08/18,None,None
268408,610000.0,,-19.9414848,-43.9367532,2,2,1,2.0,218.0,488.0,centro-sul,São Pedro,12/08/18,None,None
364748,610000.0,,-19.877006,-43.99933599999997,3,3,1,1.0,111.0,320.0,pampulha,Castelo,12/08/18,None,None
1535926,610000.0,,-19.8878,-44.00209100000001,3,1,1,1.0,110.0,360.0,pampulha,Castelo,12/08/18,None,None
2449918,610000.0,,-19.898297,-43.92443200000002,3,2,1,1.0,120.53,307.54,leste,Sagrada Família,12/08/18,None,None
3214986,610000.0,,-19.976032999999997,-43.964397599999984,3,2,1,1.0,200.0,900.0,oeste,Buritis,12/08/18,None,None
3251415,610000.0,,-19.940859399999997,-43.94934860000001,4,2,1,2.0,116.0,800.0,centro-sul,Cidade Jardim,12/08/18,None,None
3256120,610000.0,,-19.9179772,-43.93030390000001,3,2,1,1.0,14.94,850.0,leste,Floresta,12/08/18,None,None
3256566,610000.0,,-19.9444191,-43.9586582,4,3,1,1.0,226.0,641.0,oeste,Gutierrez,12/08/18,None,None
141300,611919.3,,-19.926652999999998,-43.91638569999998,2,2,1,2.0,0.01,0.01,centro-sul,Santa Efigênia,12/08/18,None,None
37854,611952.12,,-19.9240125,-43.94450710000001,2,2,1,2.0,350.0,0.01,centro-sul,Centro,12/08/18,None,None
141677,614000.0,,-19.839523100000005,-43.96446150000003,3,1,1,2.0,95.0,160.0,pampulha,Itapoã,12/08/18,None,None
2202712,615000.0,,-19.937248800000003,-43.9739644,3,3,1,2.0,193.85,600.0,oeste,Nova Suíssa,12/08/18,None,None
3239805,615000.0,,-19.871537,-43.93188199999997,3,2,1,2.0,220.33,776.53,nordeste,Palmares,12/08/18,None,None
53015,615777.0,,-19.8866216,-44.004602500000026,3,2,1,1.0,100.0,450.0,pampulha,Manacás,12/08/18,None,None
25248,620000.0,,-19.875885500000003,-43.91968809999997,3,2,1,1.0,247.32,249.0,nordeste,União,12/08/18,None,None
27098,620000.0,,-19.924561800000003,-43.95299499999999,3,2,1,0.0,96.48,650.0,centro-sul,Santo Agostinho,12/08/18,None,None
51838,620000.0,,-19.939149399999998,-43.92345069999999,2,1,2,2.0,240.0,650.0,centro-sul,Serra,12/08/18,None,None
54894,620000.0,,-19.9386803,-44.01616899999999,3,2,1,1.0,118.1,460.0,noroeste,Camargos,12/08/18,None,None
56926,620000.0,,-19.9566579,-43.93930219999999,3,2,1,1.0,138.0,670.0,centro-sul,Sion,12/08/18,None,None
57212,620000.0,,-19.8709672,-43.983280199999975,3,2,1,1.0,208.6,1100.0,pampulha,Ouro Preto,12/08/18,None,None
136140,620000.0,,-19.9161073,-43.97123679999999,4,3,2,1.0,200.0,300.0,noroeste,Carlos Prates,12/08/18,None,None
139848,620000.0,,-19.959280300000003,-43.9369446,3,2,1,1.0,244.6,602.0,centro-sul,Sion,12/08/18,None,None
146029,620000.0,,-19.9294803,-43.961182399999984,3,1,1,2.0,124.5,575.0,oeste,Prado,12/08/18,None,None
166581,620000.0,,-19.9365707,-43.96499240000003,3,2,1,2.0,154.84,500.0,oeste,Grajaú,12/08/18,None,None
169083,620000.0,,-19.940604999999998,-44.016493200000006,3,4,1,1.0,187.0,260.0,noroeste,Camargos,12/08/18,None,None
173110,620000.0,,-19.947566100000003,-43.92161240000002,4,4,3,1.0,170.0,500.0,centro-sul,Cruzeiro,12/08/18,None,None
173292,620000.0,,-19.9733211,-43.97086709999997,4,2,1,3.0,224.34,570.0,oeste,Buritis,12/08/18,None,None
245082,620000.0,,-19.872732100000004,-43.93765780000001,4,2,1,3.0,331.64,450.0,nordeste,Palmares,12/08/18,None,None
292014,620000.0,,-19.944754999999997,-43.94786199999999,4,2,1,2.0,180.0,450.0,centro-sul,Santo Antônio,12/08/18,None,None
361719,620000.0,,-19.9453305,-43.95112599999999,3,1,2,3.0,326.75,1144.0,centro-sul,Luxemburgo,12/08/18,None,None
365983,620000.0,,-19.9393764,-43.92002170000001,3,2,1,3.0,175.77,795.0,centro-sul,Serra,12/08/18,None,None
366525,620000.0,,-19.948501999999998,-43.945310000000006,4,2,1,3.0,233.0,850.0,centro-sul,Santo Antônio,12/08/18,None,None
1529635,620000.0,,-19.856550100000003,-43.956120500000004,3,2,1,1.0,245.81,550.0,pampulha,Liberdade,12/08/18,None,None
2201104,620000.0,,-19.92665,-43.975134499999974,3,2,1,2.0,193.0,220.0,oeste,Calafate,12/08/18,None,None
3234488,620000.0,,-19.9427965,-43.96917259999998,3,2,1,4.0,150.0,470.0,oeste,Nova Granada,12/08/18,None,None
3237650,620000.0,,-19.888748100000004,-43.99535359999999,3,2,1,4.0,147.83,372.33,pampulha,Castelo,12/08/18,None,None
3243190,620000.0,,-19.9743146,-43.9709226,4,2,1,1.0,257.0,700.0,oeste,Buritis,12/08/18,None,None
3243447,620000.0,,-19.9201665,-43.93875800000001,3,3,0,1.0,161.0,550.0,centro-sul,Centro,12/08/18,None,None
3244402,620000.0,,-19.91806,-43.975853700000016,3,2,1,3.0,205.65,385.0,noroeste,Padre Eustáquio,12/08/18,None,None
3251676,620000.0,,-19.8787813,-43.995750699999974,3,2,1,2.0,120.0,390.0,pampulha,Castelo,12/08/18,None,None
3256690,620000.0,,-19.941616600000003,-43.96358450000002,0,4,1,2.0,208.0,350.0,oeste,Grajaú,12/08/18,None,None
3257221,620000.0,,-19.920118,-43.961774299999995,3,1,1,1.0,143.0,550.0,oeste,Prado,12/08/18,None,None
3257674,620000.0,,-19.919438800000002,-43.96308269999997,3,2,1,1.0,130.0,575.0,oeste,Prado,12/08/18,None,None
3257926,620000.0,,-19.943811,-43.92841370000002,3,1,1,2.0,136.0,650.0,centro-sul,Cruzeiro,12/08/18,None,None
37485,625000.0,,-19.9240087,-43.94450610000001,2,1,0,1.0,295.1,415.0,centro-sul,Centro,12/08/18,None,None
143774,625000.0,,-19.9427557,-43.955889000000006,4,3,1,2.0,204.44,605.0,oeste,Gutierrez,12/08/18,None,None
3243286,625000.0,,-19.9202287,-43.953848100000016,3,1,1,2.0,175.76,571.85,centro-sul,Barro Preto,12/08/18,None,None
3252285,625000.0,,-19.8901916,-43.93043320000004,3,2,1,2.0,233.0,630.0,nordeste,Silveira,12/08/18,None,None
3253335,628000.0,,-19.9033571,-43.97025239999999,4,3,1,2.0,190.0,540.0,noroeste,Caiçaras,12/08/18,None,None
245081,629000.0,,-19.9481962,-43.94442090000001,2,3,1,2.0,1.0,1.0,centro-sul,Santo Antônio,12/08/18,None,None
3252823,629000.0,,-19.882375800000002,-44.003006899999995,3,2,1,1.0,100.0,100.0,pampulha,Castelo,12/08/18,None,None
6434,630000.0,,-19.9471105,-43.94791329999998,3,2,1,2.0,99.38,287.5,centro-sul,Santo Antônio,12/08/18,None,None
12031,630000.0,,-19.9746935,-43.96845029999997,4,2,1,2.0,137.0,449.84,oeste,Estoril,12/08/18,None,None
56931,630000.0,,-19.8691484,-43.91808750000001,4,4,1,3.0,120.0,300.0,nordeste,Fernão Dias,12/08/18,None,None
66352,630000.0,,-19.956207,-43.933292,3,2,1,1.0,185.0,650.0,centro-sul,Sion,12/08/18,None,None
124607,630000.0,,-19.9442292,-43.95099870000002,4,2,1,1.0,269.81,800.0,centro-sul,Luxemburgo,12/08/18,None,None
126548,630000.0,,-19.9768875,-44.014147500000036,3,2,1,1.0,257.0,250.0,barreiro,Barreiro de Baixo,12/08/18,None,None
128544,630000.0,,-19.9046204,-43.91667259999997,3,2,1,1.0,140.0,250.0,leste,Sagrada Família,12/08/18,None,None
136275,630000.0,,-19.9331145,-43.93546570000001,2,1,0,1.0,227.0,850.0,centro-sul,Savassi,12/08/18,None,None
143237,630000.0,,-19.858237600000002,-43.95237689999999,3,1,1,1.0,160.0,500.0,pampulha,Liberdade,12/08/18,None,None
149345,630000.0,,-19.9473327,-43.94577179999999,4,2,1,1.0,189.0,350.0,centro-sul,Santo Antônio,12/08/18,None,None
167436,630000.0,,-19.973382,-43.970844,3,2,1,1.0,313.33,637.0,oeste,Buritis,12/08/18,None,None
168089,630000.0,,-19.9495407,-43.957136799999994,2,2,1,1.0,190.0,448.0,centro-sul,Luxemburgo,12/08/18,None,None
339722,630000.0,,-19.8974422,-44.0121034,3,3,1,1.0,70.0,0.0,noroeste,Glória,12/08/18,None,None
352663,630000.0,,-19.9394462,-43.947913200000016,2,2,1,1.0,199.0,768.0,centro-sul,Cidade Jardim,12/08/18,None,None
371295,630000.0,,-19.8598193,-43.94137030000002,4,3,1,1.0,176.35,450.0,pampulha,Jaraguá,12/08/18,None,None
1525522,630000.0,,-19.980765899999998,-43.97515569999996,3,2,1,1.0,231.84,817.6,oeste,Buritis,12/08/18,None,None
1607470,630000.0,,-19.951579199999998,-43.93909510000003,3,2,1,1.0,151.44,453.24,centro-sul,Sion,12/08/18,None,None
2544319,630000.0,,-19.879587,-43.99671000000001,3,2,1,1.0,220.0,420.0,pampulha,Castelo,12/08/18,None,None
2802431,630000.0,,-19.885883,-43.98558400000002,3,1,1,1.0,100.0,600.0,pampulha,Ouro Preto,12/08/18,None,None
3196298,630000.0,,-19.8574539,-43.9535502,3,2,1,1.0,162.08,250.0,pampulha,Liberdade,12/08/18,None,None
3214332,630000.0,,-19.9475318,-43.93716240000003,3,2,1,1.0,324.49,600.0,centro-sul,São Pedro,12/08/18,None,None
3235504,630000.0,,-19.944737300000003,-43.94113140000002,3,2,1,2.0,340.0,880.0,centro-sul,São Pedro,12/08/18,None,None
3245490,630000.0,,-19.9728053,-43.96524320000003,3,2,1,1.0,210.0,900.0,oeste,Buritis,12/08/18,None,None
3255592,630000.0,,-19.9639357,-43.965428900000006,3,3,1,2.0,270.0,600.0,oeste,Estoril,12/08/18,None,None
189662,635000.0,,-19.9405055,-43.91807110000002,3,3,1,2.0,172.56,395.0,centro-sul,Serra,12/08/18,None,None
3239768,635000.0,,-19.942207699999997,-43.91855880000003,4,2,1,1.0,211.0,627.0,centro-sul,Serra,12/08/18,None,None
14339,636000.0,,-19.9190677,-43.938574700000004,3,1,1,1.0,961.0,450.0,centro-sul,Vila Paris,12/08/18,None,None
245080,639000.0,,-19.9481962,-43.94442090000001,2,3,1,1.0,1.0,1.0,centro-sul,Santo Antônio,12/08/18,None,None
36873,640000.0,,-19.940952,-43.95339899999999,3,3,2,1.0,240.0,450.0,centro-sul,Luxemburgo,12/08/18,None,None
52044,640000.0,,-19.9671518,-43.97205739999998,3,2,2,1.0,202.08,400.0,oeste,Buritis,12/08/18,None,None
52257,640000.0,,-19.9709367,-43.96620940000002,4,3,1,2.0,180.84,600.0,oeste,Buritis,12/08/18,None,None
57422,640000.0,,-19.9683143,-43.9689095,3,1,1,2.0,224.33,800.0,oeste,Buritis,12/08/18,None,None
59240,640000.0,,-19.8707915,-43.922501200000006,4,2,1,2.0,199.68,350.0,nordeste,Fernão Dias,12/08/18,None,None
141682,640000.0,,-19.870432,-43.9342537,4,1,1,2.0,311.14,0.01,nordeste,Palmares,12/08/18,None,None
161091,640000.0,,-19.909622600000002,-43.96255930000001,4,4,1,2.0,200.2,445.0,noroeste,Carlos Prates,12/08/18,None,None
165153,640000.0,,-19.9273052,-43.91736379999998,3,3,1,2.0,132.0,750.0,centro-sul,Santa Efigênia,12/08/18,None,None
339587,640000.0,,-19.938148,-43.91879800000004,2,2,1,2.0,196.63,1196.0,centro-sul,Serra,12/08/18,None,None
351871,640000.0,,-19.951639899999996,-43.93906830000003,3,2,1,2.0,145.61,997.0,centro-sul,São Pedro,12/08/18,None,None
360257,640000.0,,-19.917022,-43.93073900000002,4,2,1,2.0,110.0,750.0,leste,Floresta,12/08/18,None,None
365767,640000.0,,-19.870316600000002,-43.91475230000003,3,2,1,2.0,131.7,200.0,nordeste,Fernão Dias,12/08/18,None,None
365939,640000.0,,-19.8779355,-43.93060159999999,4,1,1,1.0,260.0,1060.0,nordeste,Ipiranga,12/08/18,None,None
1696368,640000.0,,-19.974493,-43.97191299999997,3,3,1,2.0,236.4,550.0,oeste,Buritis,12/08/18,None,None
1703045,640000.0,,-19.8739478,-43.98612500000002,5,4,2,2.0,80.0,320.0,pampulha,Pampulha,12/08/18,None,None
3236028,640000.0,,-19.948401999999998,-43.94587680000001,3,3,1,2.0,130.38,650.0,centro-sul,Santo Antônio,12/08/18,None,None
3237454,640000.0,,-19.872506899999998,-43.9316412,3,2,1,2.0,208.0,330.0,nordeste,Palmares,12/08/18,None,None
3237540,640000.0,,-19.970706,-43.97303349999999,4,3,1,2.0,251.64,965.0,oeste,Buritis,12/08/18,None,None
3239925,640000.0,,-19.948856600000003,-43.95996780000002,3,2,1,2.0,317.0,600.0,centro-sul,Luxemburgo,12/08/18,None,None
3248507,640000.0,,-19.9273177,-43.92601379999997,2,2,1,2.0,218.07,690.0,centro-sul,Santa Efigênia,12/08/18,None,None
3257037,640000.0,,-19.889551899999997,-43.92968619999999,4,2,1,2.0,1744.2,802.0,nordeste,Silveira,12/08/18,None,None
3257444,640000.0,,-19.945082,-43.921397000000006,2,2,1,2.0,353.0,560.0,centro-sul,Serra,12/08/18,None,None
3258450,640000.0,,-19.914409,-43.974404899999975,3,3,1,1.0,204.76,600.0,noroeste,Padre Eustáquio,12/08/18,None,None
335736,643000.0,,-19.9076158,-43.90655989999999,3,1,1,2.0,153.0,446.0,leste,Santa Tereza,12/08/18,None,None
142753,645000.0,,-19.9625291,-43.95140700000002,3,3,1,2.0,138.32,420.0,centro-sul,Santa Lúcia,12/08/18,None,None
3242365,645000.0,,-19.9312611,-43.94196139999997,2,2,1,2.0,159.9,600.0,centro-sul,Lourdes,12/08/18,None,None
345447,649000.0,,-19.9403608,-43.96327759999997,4,2,1,2.0,240.0,500.0,oeste,Gutierrez,12/08/18,None,None
468465,649000.0,,-19.9496183,-43.95729419999998,2,2,1,1.0,215.0,480.0,centro-sul,Luxemburgo,12/08/18,None,None
10542,650000.0,,-19.926375,-43.99072100000001,4,4,2,2.0,88.98,400.0,noroeste,Coração Eucarístico,12/08/18,None,None
13729,650000.0,,-19.9741329,-43.97298999999998,4,1,1,2.0,241.66,353.0,oeste,Buritis,12/08/18,None,None
15827,650000.0,,-19.973251899999998,-43.96936210000001,4,4,2,2.0,295.72,450.0,oeste,Buritis,12/08/18,None,None
27483,650000.0,,-19.877044100000003,-43.91479440000001,3,3,1,2.0,90.43,250.0,nordeste,Penha,12/08/18,None,None
32922,650000.0,,-19.885143499999998,-43.99544500000002,4,3,2,2.0,129.49,432.0,pampulha,Castelo,12/08/18,None,None
35842,650000.0,,-19.886980100000002,-44.00312810000002,3,2,1,2.0,178.27,260.0,nordeste,Nova Floresta,12/08/18,None,None
51984,650000.0,,-19.9760788,-43.97678639999998,3,2,1,3.0,256.54,550.0,oeste,Buritis,12/08/18,None,None
52035,650000.0,,-19.9384104277946,-43.965527798147605,4,4,1,2.0,116.0,430.0,oeste,Grajaú,12/08/18,None,None
52587,650000.0,,-19.956523699999998,-43.93003579999999,3,2,1,2.0,230.05,500.0,centro-sul,Sion,12/08/18,None,None
56513,650000.0,,-19.945169399999997,-43.93681509999999,4,2,1,2.0,135.19,470.0,centro-sul,Santo Antônio,12/08/18,None,None
58063,650000.0,,-19.957293399999998,-43.93850839999999,3,1,1,2.0,239.05,760.0,centro-sul,Sion,12/08/18,None,None
59173,650000.0,,-19.9157651,-43.99128480000002,4,2,1,2.0,180.0,300.0,noroeste,Minas Brasil,12/08/18,None,None
128542,650000.0,,-19.9046204,-43.91667269999999,3,2,1,4.0,170.0,250.0,leste,Sagrada Família,12/08/18,None,None
129164,650000.0,,-19.973729000000002,-43.969247,4,2,1,2.0,301.37,300.0,oeste,Buritis,12/08/18,None,None
138036,650000.0,,-19.8823309,-43.982606000000025,3,2,1,2.0,200.0,800.0,pampulha,Ouro Preto,12/08/18,None,None
138600,650000.0,,-19.940639,-43.94915100000003,4,1,1,2.0,145.0,500.0,centro-sul,Cidade Jardim,12/08/18,None,None
139371,650000.0,,-19.940433300000002,-43.97473020000001,3,3,1,2.0,220.0,210.0,oeste,Jardim América,12/08/18,None,None
141899,650000.0,,-19.9505087,-43.930917599999994,3,1,1,3.0,216.3,700.0,centro-sul,Sion,12/08/18,None,None
147349,650000.0,,-19.9216568,-43.93946890000001,3,2,0,2.0,156.0,550.0,centro-sul,Centro,12/08/18,None,None
149102,650000.0,,-19.9360961,-43.964716599999974,3,1,1,2.0,195.0,1036.33,oeste,Gutierrez,12/08/18,None,None
154915,650000.0,,-19.947482,-43.919892,3,2,1,2.0,271.52,600.0,centro-sul,Serra,12/08/18,None,None
156335,650000.0,,-19.9287673,-43.93572970000002,3,3,1,2.0,181.0,500.0,centro-sul,Funcionários,12/08/18,None,None
161752,650000.0,,-19.9776384,-44.022813600000006,3,2,1,2.0,190.0,250.0,barreiro,Barreiro de Baixo,12/08/18,None,None
161913,650000.0,,-19.9775013,-44.02265869999997,2,2,1,2.0,190.0,250.0,barreiro,Barreiro de Baixo,12/08/18,None,None
166942,650000.0,,-19.8348315,-43.96209590000001,3,1,1,2.0,180.0,540.0,pampulha,Itapoã,12/08/18,None,None
169061,650000.0,,-19.9419861,-43.9322545,4,3,1,2.0,218.33,1200.0,centro-sul,Sion,12/08/18,None,None
169256,650000.0,,-19.9213905,-43.93926149999999,3,2,1,2.0,116.82,600.0,centro-sul,Centro,12/08/18,None,None
177872,650000.0,,-19.880959,-43.910662,4,4,2,2.0,162.84,300.0,leste,Santa Inês,12/08/18,None,None
178846,650000.0,,-19.883299100000002,-43.92357119999997,4,2,1,2.0,255.0,280.0,nordeste,União,12/08/18,None,None
180307,650000.0,,-19.942818,-43.92746599999998,2,2,1,2.0,210.0,210.0,centro-sul,Cruzeiro,12/08/18,None,None
208129,650000.0,,-19.8953885,-43.9949115,4,3,1,2.0,225.89,350.0,pampulha,Manacás,12/08/18,None,None
226319,650000.0,,-19.9533966,-43.93097769999997,3,2,1,2.0,286.0,500.0,centro-sul,Sion,12/08/18,None,None
303271,650000.0,,-19.9557866,-43.93035609999998,3,2,2,2.0,174.28,350.0,centro-sul,Sion,12/08/18,None,None
335875,650000.0,,-19.9169682,-43.9753862,3,2,1,2.0,150.0,450.0,noroeste,Padre Eustáquio,12/08/18,None,None
337239,650000.0,,-19.8942414,-43.99792279999997,4,3,1,2.0,148.02,350.0,pampulha,Manacás,12/08/18,None,None
337693,650000.0,,-19.9126328,-43.98645149999999,3,3,1,2.0,211.74,600.0,noroeste,Padre Eustáquio,12/08/18,None,None
338137,650000.0,,-19.8787701,-43.9346205,4,3,1,3.0,190.39,774.0,nordeste,Palmares,12/08/18,None,None
338532,650000.0,,-19.937834699999996,-43.963027200000006,3,2,1,2.0,160.12,650.0,oeste,Gutierrez,12/08/18,None,None
350811,650000.0,,-19.918645,-43.93191350000001,3,2,1,2.0,143.36,759.22,leste,Floresta,12/08/18,None,None
350865,650000.0,,-19.8952531,-43.97090020000002,3,2,1,3.0,133.78,250.0,noroeste,Caiçaras,12/08/18,None,None
352308,650000.0,,-19.8580226,-43.9510525,4,2,2,2.0,216.4,650.0,pampulha,Liberdade,12/08/18,None,None
355349,650000.0,,-19.889134,-43.910325,4,2,1,2.0,134.0,650.0,leste,Santa Inês,12/08/18,None,None
355902,650000.0,,-19.902566,-43.9799266,4,1,2,2.0,118.0,400.0,noroeste,Caiçaras,12/08/18,None,None
355962,650000.0,,-19.9335064,-43.92044190000002,4,2,1,2.0,286.49,300.0,centro-sul,Serra,12/08/18,None,None
356347,650000.0,,-19.8959074,-43.99690399999997,3,3,1,2.0,151.0,350.0,pampulha,Manacás,12/08/18,None,None
357074,650000.0,,-19.9367713,-43.9635359,4,4,1,2.0,214.0,650.0,oeste,Gutierrez,12/08/18,None,None
357265,650000.0,,-19.859681600000002,-43.9436298,4,3,1,2.0,143.07,180.0,pampulha,Dona Clara,12/08/18,None,None
357341,650000.0,,-19.876769,-43.921289,3,2,1,1.0,205.36,580.0,nordeste,União,12/08/18,None,None
358747,650000.0,,-19.8318287,-43.9394701,4,5,2,1.0,110.0,250.0,norte,Floramar,12/08/18,None,None
362052,650000.0,,-19.910234600000003,-43.93336769999996,4,3,1,2.0,183.37,524.88,leste,Floresta,12/08/18,None,None
363049,650000.0,,-19.916576100000004,-43.93467989999999,3,2,1,2.0,190.0,1100.0,centro-sul,Savassi,12/08/18,None,None
363253,650000.0,,-19.821699,-43.983974999999994,3,1,1,2.0,1.0,1.0,venda-nova,Rio Branco,12/08/18,None,None
363316,650000.0,,-19.9052013,-43.92117619999999,3,2,1,2.0,151.32,300.0,leste,Sagrada Família,12/08/18,None,None
364857,650000.0,,-19.88322,-43.9964225,3,2,1,2.0,230.0,450.0,pampulha,Castelo,12/08/18,None,None
364934,650000.0,,-19.9202202,-43.95388370000001,3,1,1,2.0,183.93,500.0,centro-sul,Santo Agostinho,12/08/18,None,None
367266,650000.0,,-19.9575699,-43.93965359999999,3,2,1,2.0,179.0,998.0,centro-sul,Sion,12/08/18,None,None
391219,650000.0,,-19.9470509,-43.93253099999998,3,2,1,2.0,150.0,400.0,centro-sul,Carmo,12/08/18,None,None
1525361,650000.0,,-19.9785639,-43.9734125,4,3,1,2.0,226.0,450.0,oeste,Buritis,12/08/18,None,None
1577962,650000.0,,-19.9789041,-44.02123119999999,2,2,1,2.0,190.0,250.0,barreiro,Barreiro,12/08/18,None,None
1694575,650000.0,,-19.94781,-43.9341475,3,3,1,1.0,106.18,850.0,centro-sul,Sion,12/08/18,None,None
1834090,650000.0,,-19.942029,-43.91589820000002,3,1,1,1.0,219.45,755.0,centro-sul,Serra,12/08/18,None,None
1835127,650000.0,,-19.946465,-43.94914900000003,3,2,1,2.0,220.0,770.0,centro-sul,Santo Antônio,12/08/18,None,None
1836090,650000.0,,-19.972639899999997,-43.968452000000006,4,2,1,2.0,240.29,783.0,oeste,Buritis,12/08/18,None,None
1836909,650000.0,,-19.9494651,-43.92394869999998,2,3,1,2.0,328.0,450.0,centro-sul,Cruzeiro,12/08/18,None,None
1848011,650000.0,,-19.950215,-43.95571100000001,3,2,1,2.0,252.26,930.0,centro-sul,Luxemburgo,12/08/18,None,None
1974172,650000.0,,-19.9089813,-43.920549,4,2,2,2.0,206.03,350.0,leste,Sagrada Família,12/08/18,None,None
2360547,650000.0,,-19.927798000000003,-43.95348899999999,3,1,0,2.0,188.0,450.0,centro-sul,Santo Agostinho,12/08/18,None,None
2691043,650000.0,,-19.9293253,-43.92932759999997,2,3,1,1.0,251.0,760.0,centro-sul,Funcionários,12/08/18,None,None
2798232,650000.0,,-19.935610999999998,-43.95766400000002,3,3,1,3.0,290.0,500.0,oeste,Gutierrez,12/08/18,None,None
3212321,650000.0,,-19.927682,-43.92907500000001,2,2,1,2.0,236.71,600.0,centro-sul,Santa Efigênia,12/08/18,None,None
3233642,650000.0,,-19.983762,-43.94348300000002,3,2,1,2.0,165.0,600.0,nordeste,União,12/08/18,None,None
3234751,650000.0,,-19.836166,-43.95717890000003,4,2,1,2.0,160.0,226.0,pampulha,Itapoã,12/08/18,None,None
3235102,650000.0,,-19.910099300000002,-43.93401040000003,4,2,1,2.0,188.33,524.88,leste,Floresta,12/08/18,None,None
3235244,650000.0,,-19.934128899999997,-43.918076600000006,4,1,1,2.0,135.0,550.0,leste,São Lucas,12/08/18,None,None
3237385,650000.0,,-19.9808172,-43.94449259999999,3,3,1,1.0,1260.0,200.0,leste,São Lucas,12/08/18,None,None
3238068,650000.0,,-19.953923,-43.93122060000002,3,2,1,2.0,224.86,580.0,centro-sul,Sion,12/08/18,None,None
3243764,650000.0,,-19.880914399999998,-44.00267740000004,5,3,2,2.0,170.0,345.0,pampulha,Castelo,12/08/18,None,None
3244209,650000.0,,-19.9226209,-43.93943560000002,4,3,1,1.0,219.8,750.0,centro-sul,Centro,12/08/18,None,None
3253504,650000.0,,-19.957389000000003,-43.93100620000001,4,2,1,4.0,188.51,840.0,centro-sul,Sion,12/08/18,None,None
3254511,650000.0,,-19.935430399999998,-43.961224000000016,3,2,1,4.0,212.45,700.0,oeste,Gutierrez,12/08/18,None,None
3255143,650000.0,,-19.860924899999997,-43.95397960000002,3,2,1,1.0,108.0,300.0,pampulha,Liberdade,12/08/18,None,None
3256410,650000.0,,-19.9437575,-43.958676800000035,3,3,1,1.0,195.47,640.0,oeste,Gutierrez,12/08/18,None,None
3256750,650000.0,,-19.980236399999995,-43.96881880000001,4,5,2,1.0,301.77,700.0,oeste,Buritis,12/08/18,None,None
3257534,650000.0,,-19.928456699999998,-43.921842800000036,3,2,1,1.0,291.42,1270.0,leste,São Lucas,12/08/18,None,None
349906,651000.0,,-19.9525845,-43.93750310000002,2,1,1,2.0,231.0,350.0,centro-sul,Sion,12/08/18,None,None
3211290,651000.0,,-19.929398000000003,-43.93705399999999,4,4,1,1.0,177.61,602.35,centro-sul,Lourdes,12/08/18,None,None
348527,659000.0,,-19.970882800000002,-43.97034359999998,4,3,1,1.0,247.77,500.0,oeste,Buritis,12/08/18,None,None
14176,660000.0,,-19.8922253,-43.92912969999998,4,3,1,1.0,235.28,980.0,nordeste,Silveira,12/08/18,None,None
124228,660000.0,,-19.835997,-43.96404340000004,3,2,1,1.0,220.0,650.0,pampulha,Itapoã,12/08/18,None,None
161433,660000.0,,-19.9437085,-43.95277550000003,3,2,1,1.0,199.52,265.0,centro-sul,Luxemburgo,12/08/18,None,None
165344,660000.0,,-19.9273232,-43.923792299999995,3,3,1,1.0,240.0,1100.0,centro-sul,Santa Efigênia,12/08/18,None,None
353170,660000.0,,-19.9319639,-43.93659149999996,3,3,1,1.0,249.0,619.0,centro-sul,Boa Viagem,12/08/18,None,None
358822,660000.0,,-19.955098,-43.93685829999998,4,3,1,1.0,186.18,600.0,centro-sul,Sion,12/08/18,None,None
1809911,660000.0,,-19.978798,-43.96684900000002,3,2,1,3.0,224.05,450.0,oeste,Buritis,12/08/18,None,None
2200227,660000.0,,-19.955941,-43.93498399999999,3,2,1,1.0,296.26,550.0,centro-sul,Sion,12/08/18,None,None
3215022,660000.0,,-19.9500799,-43.95555130000002,4,2,1,2.0,250.0,370.0,centro-sul,Luxemburgo,12/08/18,None,None
3245511,660000.0,,-19.8725105,-43.91528819999997,3,3,1,2.0,1.0,300.0,nordeste,Fernão Dias,12/08/18,None,None
6125,665000.0,,-19.8673842,-43.92215620000002,3,2,1,1.0,103.0,300.0,nordeste,São Paulo,12/08/18,None,None
140673,670000.0,,-19.9414997,-43.959711999999975,4,3,1,1.0,197.0,600.0,oeste,Gutierrez,12/08/18,None,None
144710,670000.0,,-19.893055899999997,-43.93117689999997,4,3,1,1.0,272.79,490.0,nordeste,Silveira,12/08/18,None,None
174195,670000.0,,-19.9179338,-43.97557219999999,4,2,1,2.0,214.67,240.0,noroeste,Padre Eustáquio,12/08/18,None,None
335703,670000.0,,-19.957962100000003,-43.93763409999997,3,3,1,2.0,200.0,990.0,centro-sul,Sion,12/08/18,None,None
355319,670000.0,,-19.941798000000002,-43.914484000000016,4,3,1,2.0,144.0,1149.0,centro-sul,Serra,12/08/18,None,None
362493,670000.0,,-19.949047600000004,-43.94551149999995,3,3,1,1.0,251.03,460.0,centro-sul,Santo Antônio,12/08/18,None,None
1574683,670000.0,,-19.966667,-43.968119,4,3,1,1.0,230.0,650.0,oeste,Buritis,12/08/18,None,None
3213190,670000.0,,-19.9063188,-43.92566310000001,3,1,1,1.0,110.0,550.0,leste,Sagrada Família,12/08/18,None,None
3239718,670000.0,,-19.9358202,-43.9599566,3,3,1,1.0,221.9,440.0,oeste,Gutierrez,12/08/18,None,None
3241941,670000.0,,-19.9324236,-43.94240660000003,2,2,1,1.0,238.0,700.0,centro-sul,Centro,12/08/18,None,None
3249277,670000.0,,-19.888939999999998,-43.92463399999997,4,2,1,1.0,219.0,350.0,leste,Cidade Nova,12/08/18,None,None
3251133,670000.0,,-19.948521,-43.94455500000004,3,3,1,1.0,188.0,679.0,centro-sul,Santo Antônio,12/08/18,None,None
3251848,670000.0,,-19.9387648,-43.94952360000002,3,3,1,1.0,280.0,750.0,centro-sul,Coração de Jesus,12/08/18,None,None
3253878,670000.0,,-19.957145,-43.93434600000001,3,3,1,1.0,152.0,480.0,centro-sul,Sion,12/08/18,None,None
3255620,670000.0,,-19.978627,-43.97263409999999,4,2,2,2.0,228.0,660.0,oeste,Buritis,12/08/18,None,None
3258362,670000.0,,-19.879573899999997,-43.931325799999975,4,1,1,1.0,245.22,800.0,nordeste,Palmares,12/08/18,None,None
53030,673606.0,,-19.888316551262232,-44.00194174865725,3,2,1,2.0,100.0,450.0,pampulha,Manacás,12/08/18,None,None
164441,675000.0,,-19.979968735297835,-43.969004472491406,4,3,1,2.0,194.48,550.0,oeste,Buritis,12/08/18,None,None
167881,675000.0,,-19.9750996,-43.96592069999997,4,2,1,1.0,231.0,600.0,oeste,Buritis,12/08/18,None,None
1625126,675000.0,,-19.9367081,-43.93517510000004,2,2,1,2.0,185.37,780.0,centro-sul,Savassi,12/08/18,None,None
3212080,675000.0,,-19.957560100000002,-43.940094499999994,3,3,1,1.0,308.0,985.0,centro-sul,Sion,12/08/18,None,None
167551,679000.0,,-19.940334600000003,-43.92756129999998,3,3,1,2.0,214.53,750.0,centro-sul,Cruzeiro,12/08/18,None,None
363653,679000.0,,-19.97749,-43.97315529999997,4,3,1,4.0,290.36,642.0,oeste,Buritis,12/08/18,None,None
3240266,679900.0,,-19.8885826,-43.99544930000002,4,2,1,3.0,110.0,350.0,pampulha,Castelo,12/08/18,None,None
361032,679933.5,,-19.939896700000002,-43.92008149999998,2,2,1,2.0,1.0,1.0,centro-sul,Serra,12/08/18,None,None
10205,680000.0,,-19.949101000000002,-43.94595600000002,4,2,1,2.0,230.0,700.0,centro-sul,Santo Antônio,12/08/18,None,None
31420,680000.0,,-19.9384612,-43.92589620000001,2,3,1,2.0,177.0,630.0,centro-sul,Santa Efigênia,12/08/18,None,None
37156,680000.0,,-19.943478600000002,-43.95454999999998,4,2,1,2.0,176.69,450.0,centro-sul,Luxemburgo,12/08/18,None,None
38397,680000.0,,-19.959475100000002,-43.94855899999999,4,3,2,2.0,178.63,350.0,centro-sul,Santa Lúcia,12/08/18,None,None
129724,680000.0,,-19.916241699999997,-43.979687300000016,5,2,1,2.0,242.14,582.0,noroeste,Padre Eustáquio,12/08/18,None,None
148044,680000.0,,-19.8279182,-43.9586635,3,2,1,2.0,114.75,150.0,norte,Planalto,12/08/18,None,None
157474,680000.0,,-19.956897199999997,-43.94026129999998,3,2,1,4.0,243.8,685.0,centro-sul,Sion,12/08/18,None,None
171550,680000.0,,-19.973382,-43.970844,3,3,1,4.0,330.36,300.0,oeste,Buritis,12/08/18,None,None
335961,680000.0,,-19.8703319,-43.91476160000002,3,1,1,1.0,195.47,200.0,nordeste,Fernão Dias,12/08/18,None,None
337891,680000.0,,-19.9375708,-43.962874,3,3,1,5.0,128.63,380.0,oeste,Gutierrez,12/08/18,None,None
338762,680000.0,,-19.8724771,-43.93145989999999,3,1,1,5.0,189.0,350.0,nordeste,Palmares,12/08/18,None,None
345111,680000.0,,-19.9420958,-43.94016779999998,3,1,1,2.0,11.0,300.0,centro-sul,Santo Antônio,12/08/18,None,None
345898,680000.0,,-19.964502,-43.9502493,4,1,1,1.0,270.0,890.0,centro-sul,Santa Lúcia,12/08/18,None,None
348482,680000.0,,-19.8595354,-43.955737,4,4,1,2.0,150.0,500.0,pampulha,Liberdade,12/08/18,None,None
352992,680000.0,,-19.9415298,-43.95974580000001,4,2,1,2.0,295.0,900.0,oeste,Gutierrez,12/08/18,None,None
357154,680000.0,,-19.9394177,-43.9686686,3,3,1,2.0,103.31,500.0,oeste,Nova Granada,12/08/18,None,None
360579,680000.0,,-19.8905733,-43.99781350000001,3,2,1,2.0,100.0,200.0,pampulha,Castelo,12/08/18,None,None
362698,680000.0,,-19.9730764,-43.970829500000036,3,2,1,2.0,274.96,650.0,oeste,Buritis,12/08/18,None,None
1517727,680000.0,,-19.931683800000002,-43.93065230000002,2,1,1,1.0,199.46,550.0,centro-sul,Lourdes,12/08/18,None,None
1624743,680000.0,,-19.9490813,-43.94492679999996,3,1,1,2.0,225.0,500.0,centro-sul,Santo Antônio,12/08/18,None,None
1638986,680000.0,,-19.9776528,-44.02404369999999,3,1,1,2.0,186.0,505.0,barreiro,Barreiro,12/08/18,None,None
1656896,680000.0,,-19.930369,-43.943152000000005,1,2,1,1.0,272.0,730.0,centro-sul,Lourdes,12/08/18,None,None
1912447,680000.0,,-19.921769100000002,-43.94475890000001,3,2,1,1.0,117.0,840.0,centro-sul,Lourdes,12/08/18,None,None
3214989,680000.0,,-19.927682,-43.92907500000001,2,2,1,2.0,236.71,800.0,centro-sul,Santa Efigênia,12/08/18,None,None
3215051,680000.0,,-19.923120800000003,-43.92148929999996,3,2,1,1.0,168.22,438.16,centro-sul,Santa Efigênia,12/08/18,None,None
3233867,680000.0,,-19.9270786,-43.94270829999999,1,1,0,4.0,231.63,580.0,centro-sul,Santo Agostinho,12/08/18,None,None
3236225,680000.0,,-19.9179033,-43.97351930000002,3,1,1,4.0,295.81,450.0,noroeste,Padre Eustáquio,12/08/18,None,None
3239062,680000.0,,-19.888348,-43.940246,3,3,1,1.0,205.0,170.0,nordeste,Renascença,12/08/18,None,None
3239909,680000.0,,-19.939846499999998,-43.93023340000002,2,2,1,2.0,246.0,968.0,centro-sul,Sion,12/08/18,None,None
3245982,680000.0,,-19.92867,-43.931081000000006,4,1,1,2.0,288.11,650.0,centro-sul,Funcionários,12/08/18,None,None
3247409,680000.0,,-19.8827327,-43.91717449999999,3,2,1,1.0,176.63,400.0,nordeste,União,12/08/18,None,None
3251741,680000.0,,-19.8593875,-43.954863700000026,3,1,1,1.0,95.0,170.0,pampulha,Liberdade,12/08/18,None,None
3254106,680000.0,,-19.831262399999996,-43.942192500000026,3,3,1,3.0,161.0,240.0,norte,Planalto,12/08/18,None,None
3256183,680000.0,,-19.8816424,-43.92448300000001,3,3,1,1.0,0.0,200.0,nordeste,União,12/08/18,None,None
3256206,680000.0,,-19.858109,-43.94402100000002,4,3,1,1.0,171.94,200.0,pampulha,Santa Rosa,12/08/18,None,None
3256779,680000.0,,-19.928179500000002,-43.95082130000003,4,2,1,1.0,224.0,330.0,centro-sul,Santo Agostinho,12/08/18,None,None
155936,684160.0,,-19.899872199999997,-43.967907399999994,3,3,1,1.0,120.0,600.0,noroeste,Caiçaras,12/08/18,None,None
356281,685000.0,,-19.9259066,-43.971127300000035,3,4,1,3.0,204.13,201.0,oeste,Prado,12/08/18,None,None
2428517,685000.0,,-19.935942,-43.92109600000003,3,3,1,3.0,149.0,410.0,centro-sul,Serra,12/08/18,None,None
3236108,685000.0,,-19.8928554,-43.9683642,3,2,1,1.0,1598.47,550.0,noroeste,Caiçaras,12/08/18,None,None
5786,690000.0,,-19.9273326,-43.99494329999999,4,3,1,1.0,194.0,300.0,noroeste,Coração Eucarístico,12/08/18,None,None
9241,690000.0,,-19.956655899999998,-43.94033139999999,3,2,1,1.0,200.0,730.0,centro-sul,Sion,12/08/18,None,None
18274,690000.0,,-19.938545,-43.921411000000035,2,2,1,1.0,294.0,780.0,centro-sul,Serra,12/08/18,None,None
24077,690000.0,,-19.930531100000003,-43.93208759999999,3,2,0,1.0,175.59,270.0,centro-sul,Savassi,12/08/18,None,None
52029,690000.0,,-19.9351539,-43.9555555,3,2,1,1.0,231.3,650.0,oeste,Gutierrez,12/08/18,None,None
146878,690000.0,,-19.940893300000003,-43.9563263,4,3,1,1.0,165.0,850.0,oeste,Gutierrez,12/08/18,None,None
149641,690000.0,,-19.948294699999998,-43.9271589,4,2,1,1.0,195.0,400.0,centro-sul,Anchieta,12/08/18,None,None
154483,690000.0,,-19.9403481,-43.96416740000001,3,3,1,1.0,0.01,0.01,oeste,Grajaú,12/08/18,None,None
163249,690000.0,,-19.9433783,-43.94609009999999,3,2,2,1.0,174.68,435.0,centro-sul,Santo Antônio,12/08/18,None,None
246129,690000.0,,-19.9430063,-43.9577362,3,2,1,1.0,217.89,660.0,oeste,Gutierrez,12/08/18,None,None
334115,690000.0,,-19.886557999999997,-43.90574079999999,4,3,1,4.0,243.54,500.0,leste,Santa Inês,12/08/18,None,None
343972,690000.0,,-19.8876468,-43.92413379999999,3,2,1,1.0,228.0,350.0,leste,Cidade Nova,12/08/18,None,None
344876,690000.0,,-19.940487,-43.92726199999999,3,2,1,1.0,263.0,480.0,centro-sul,Cruzeiro,12/08/18,None,None
346730,690000.0,,-19.876658600000003,-43.9997818,3,3,1,3.0,136.27,280.0,pampulha,Castelo,12/08/18,None,None
350022,690000.0,,-19.915813,-43.97860379999997,3,3,1,3.0,154.76,320.0,noroeste,Padre Eustáquio,12/08/18,None,None
350336,690000.0,,-19.894042199999998,-43.930791,3,1,1,0.0,209.36,1200.0,nordeste,Silveira,12/08/18,None,None
358575,690000.0,,-19.949865600000003,-43.94333899999998,4,2,1,2.0,296.0,600.0,centro-sul,Santo Antônio,12/08/18,None,None
1469927,690000.0,,-19.9138683,-43.90965,3,3,1,3.0,108.0,600.0,leste,Santa Tereza,12/08/18,None,None
1689384,690000.0,,-19.9707155,-43.965188700000006,4,2,1,1.0,279.14,681.0,oeste,Buritis,12/08/18,None,None
1856704,690000.0,,-19.910457100000002,-43.9276011,4,2,1,1.0,263.07,450.0,leste,Floresta,12/08/18,None,None
1913251,690000.0,,-19.9521424,-43.95068620000001,4,2,1,3.0,189.46,300.0,centro-sul,Vila Paris,12/08/18,None,None
1914059,690000.0,,-19.9707749,-43.97293880000001,4,1,1,2.0,323.0,421.0,oeste,Buritis,12/08/18,None,None
2443352,690000.0,,-19.94771,-43.93699300000003,4,1,1,1.0,230.0,564.0,centro-sul,São Pedro,12/08/18,None,None
2539732,690000.0,,-19.927922,-43.96479290000002,3,2,1,1.0,162.0,450.0,oeste,Prado,12/08/18,None,None
3233638,690000.0,,-19.944338100000003,-43.92501379999999,3,2,1,0.0,303.78,600.0,centro-sul,Cruzeiro,12/08/18,None,None
3251809,690000.0,,-19.921283,-43.93654300000003,3,2,1,2.0,60.0,510.0,centro-sul,Centro,12/08/18,None,None
3257562,690000.0,,-19.949144600000004,-43.9454141,3,2,1,1.0,270.0,450.0,centro-sul,Santo Antônio,12/08/18,None,None
3257729,690000.0,,-19.9474107,-43.926983800000016,4,2,1,1.0,260.0,740.0,centro-sul,Carmo,12/08/18,None,None
3258164,690000.0,,-19.8899792,-43.996411299999984,4,2,1,2.0,148.0,350.0,pampulha,Castelo,12/08/18,None,None
1675455,690714.0,,-19.9512056,-43.9395993,3,3,2,2.0,322.54,400.0,centro-sul,São Pedro,12/08/18,None,None
5932,695000.0,,-19.9558919,-43.94025560000001,4,2,1,3.0,292.14,1350.0,centro-sul,Sion,12/08/18,None,None
7360,695000.0,,-19.9452014,-43.92771859999999,3,2,1,2.0,197.0,290.0,centro-sul,Cruzeiro,12/08/18,None,None
12384,695000.0,,-19.979008800000003,-43.97300799999999,3,1,1,2.0,166.58,300.08,oeste,Buritis,12/08/18,None,None
51380,695000.0,,-19.881427600000002,-43.998944,3,1,1,1.0,130.0,500.0,pampulha,Castelo,12/08/18,None,None
350506,695000.0,,-19.9334907,-43.96980009999999,5,4,1,3.0,161.0,416.0,oeste,Barroca,12/08/18,None,None
358104,695000.0,,-19.940433600000002,-43.96050630000002,4,4,1,3.0,133.0,660.27,oeste,Gutierrez,12/08/18,None,None
359708,695000.0,,-19.946458800000002,-43.93788210000002,3,2,1,2.0,253.73,1200.0,centro-sul,Santo Antônio,12/08/18,None,None
364008,695000.0,,-19.9484838,-43.932954,3,3,1,2.0,162.09,1347.0,centro-sul,Sion,12/08/18,None,None
1691244,695000.0,,-19.9486392,-43.95352439999999,3,2,1,2.0,312.0,1000.0,centro-sul,Luxemburgo,12/08/18,None,None
2454141,695000.0,,-19.9237997,-43.9891634,3,2,1,2.0,203.16,460.0,noroeste,Coração Eucarístico,12/08/18,None,None
3215006,695000.0,,-19.972130800000002,-43.965453300000036,3,4,1,4.0,281.0,700.0,oeste,Buritis,12/08/18,None,None
3237589,695000.0,,-19.898211800000002,-43.99659270000001,3,2,1,2.0,170.0,500.0,pampulha,Manacás,12/08/18,None,None
6907,698000.0,,-19.972662699999997,-43.96760519999998,4,3,1,5.0,120.0,970.0,oeste,Buritis,12/08/18,None,None
159047,698000.0,,-19.9193552,-43.976594500000026,4,3,1,2.0,185.0,850.0,noroeste,Padre Eustáquio,12/08/18,None,None
343221,698000.0,,-19.943364000000003,-43.94189130000001,3,1,1,1.0,11.0,300.0,centro-sul,Santo Antônio,12/08/18,None,None
8336,699000.0,,-19.952061999999998,-43.97029099999998,3,3,1,3.0,203.14,400.0,oeste,Jardim América,12/08/18,None,None
54370,699000.0,,-19.881291100000002,-43.99613929999998,4,2,1,1.0,225.0,770.0,pampulha,Paquetá,12/08/18,None,None
67391,699000.0,,-19.9785648,-44.01766580000003,3,2,1,2.0,226.5,200.0,barreiro,Barreiro de Baixo,12/08/18,None,None
127982,699000.0,,-19.9420902,-43.93747559999997,2,2,1,3.0,1.0,1.0,centro-sul,São Pedro,12/08/18,None,None
203257,699000.0,,-19.969047800000002,-43.96688389999997,4,3,1,3.0,280.12,1000.0,oeste,Buritis,12/08/18,None,None
3233945,699000.0,,-19.953972600000004,-43.92707359999997,3,3,1,3.0,256.0,370.0,centro-sul,Anchieta,12/08/18,None,None
3235004,699000.0,,-19.9539354,-43.937254199999984,3,3,2,3.0,1.0,1.0,centro-sul,Sion,12/08/18,None,None
3252458,699000.0,,-19.8810079,-43.98205759999996,4,2,1,3.0,212.0,800.0,pampulha,Ouro Preto,12/08/18,None,None
1036878,699900.0,,-19.874851,-43.91628220000001,4,3,1,1.0,1746.79,450.0,nordeste,Fernão Dias,12/08/18,None,None
8335,700000.0,,-19.953411499999998,-43.96943260000001,3,3,1,2.0,204.64,480.0,oeste,Jardim América,12/08/18,None,None
12257,700000.0,,-19.88210784265684,-43.99254502590333,3,3,1,2.0,87.0,330.0,pampulha,Castelo,12/08/18,None,None
37845,700000.0,,-19.8610323,-43.94231550000001,3,4,1,3.0,127.13,300.0,pampulha,Dona Clara,12/08/18,None,None
43654,700000.0,,-19.937058,-43.9547,3,2,1,2.0,195.81,1300.0,oeste,Gutierrez,12/08/18,None,None
114775,700000.0,,-19.9597652,-43.94660039999997,3,3,1,2.0,220.0,430.0,centro-sul,Santa Lúcia,12/08/18,None,None
126689,700000.0,,-19.973315,-43.97073710000001,4,2,1,3.0,329.87,900.0,oeste,Buritis,12/08/18,None,None
142507,700000.0,,-19.8794658,-43.99367949999999,3,1,1,1.0,115.71,400.0,pampulha,Castelo,12/08/18,None,None
158658,700000.0,,-19.9574172,-43.93818390000001,4,1,1,1.0,179.16,890.0,centro-sul,Sion,12/08/18,None,None
167065,700000.0,,-19.9328622,-43.9410196,4,2,1,1.0,180.0,310.0,centro-sul,Lourdes,12/08/18,None,None
167645,700000.0,,-19.9438125,-43.94235190000001,4,3,1,1.0,115.0,470.0,centro-sul,Santo Antônio,12/08/18,None,None
342908,700000.0,,-19.941966,-43.95798600000001,4,3,1,1.0,220.0,660.0,oeste,Gutierrez,12/08/18,None,None
343081,700000.0,,-19.9439645,-43.94994739999999,3,2,1,4.0,274.59,700.0,centro-sul,Luxemburgo,12/08/18,None,None
343119,700000.0,,-19.9566599,-43.9385221,2,2,1,3.0,300.0,440.0,centro-sul,Sion,12/08/18,None,None
351661,700000.0,,-19.9770297,-43.96371870000002,4,2,1,4.0,200.0,500.0,oeste,Estoril,12/08/18,None,None
353222,700000.0,,-19.8321896,-43.962731700000006,4,3,1,1.0,260.14,600.0,pampulha,Itapoã,12/08/18,None,None
354076,700000.0,,-19.9388611,-43.93779849999999,3,1,0,1.0,170.98,350.0,centro-sul,Savassi,12/08/18,None,None
354982,700000.0,,-19.903816100000004,-43.92603580000002,3,2,1,2.0,195.25,560.0,leste,Sagrada Família,12/08/18,None,None
363154,700000.0,,-19.9284767,-43.9319332,2,2,1,1.0,220.0,570.0,centro-sul,Funcionários,12/08/18,None,None
390439,700000.0,,-19.9766202,-43.96736279999999,4,4,1,1.0,240.11,850.0,oeste,Buritis,12/08/18,None,None
484621,700000.0,,-19.935957000000002,-43.9594171,4,3,1,1.0,215.36,500.0,oeste,Gutierrez,12/08/18,None,None
741815,700000.0,,-19.9353037,-43.93172659999999,3,2,1,1.0,317.45,855.0,centro-sul,Funcionários,12/08/18,None,None
1517748,700000.0,,-19.933123300000002,-43.91915819999997,3,3,1,1.0,298.78,900.0,leste,São Lucas,12/08/18,None,None
1846167,700000.0,,-19.9696829,-43.96903370000001,4,3,1,1.0,307.65,1216.75,oeste,Buritis,12/08/18,None,None
1858452,700000.0,,-19.9019159,-43.92365540000003,4,3,1,1.0,230.35,1020.0,leste,Sagrada Família,12/08/18,None,None
3238663,700000.0,,-19.947333399999998,-43.94352179999999,4,2,1,4.0,242.0,500.0,centro-sul,Santo Antônio,12/08/18,None,None
3240690,700000.0,,-19.9691924,-43.9717144,3,3,1,4.0,362.98,630.0,oeste,Buritis,12/08/18,None,None
3242624,700000.0,,-19.9589038,-43.94630519999998,4,0,0,1.0,160.0,870.0,centro-sul,Santa Lúcia,12/08/18,None,None
3242632,700000.0,,-19.9344379,-43.92945120000002,4,3,1,1.0,260.0,600.0,centro-sul,Funcionários,12/08/18,None,None
3242656,700000.0,,-19.937414999999998,-43.92322849999999,3,2,1,2.0,240.0,900.0,centro-sul,Serra,12/08/18,None,None
3246550,700000.0,,-19.919048,-43.97703039999999,4,2,1,2.0,246.0,680.0,noroeste,Padre Eustáquio,12/08/18,None,None
127983,702000.0,,-19.9420902,-43.93747559999997,2,2,1,2.0,1.0,450000.0,centro-sul,São Pedro,12/08/18,None,None
155913,704930.0,,-19.899872199999997,-43.967907399999994,3,3,1,2.0,120.0,600.0,noroeste,Caiçaras,12/08/18,None,None
1609768,705000.0,,-19.94284,-43.92737199999999,3,3,1,2.0,10.0,330.0,centro-sul,Cruzeiro,12/08/18,None,None
30744,710000.0,,-19.879673999999998,-43.999304,4,2,1,2.0,80.0,250.0,pampulha,Castelo,12/08/18,None,None
174602,710000.0,,-19.9063117,-43.96836189999999,4,3,1,2.0,258.0,450.0,noroeste,Caiçaras,12/08/18,None,None
335702,710000.0,,-19.9375629,-43.924893699999984,4,3,1,2.0,220.0,400.0,centro-sul,Sion,12/08/18,None,None
348111,710000.0,,-19.8922784,-43.92941789999998,3,2,1,2.0,187.81,500.0,nordeste,Silveira,12/08/18,None,None
355108,710000.0,,-19.940479,-43.927188,3,2,1,2.0,274.52,530.0,centro-sul,Cruzeiro,12/08/18,None,None
357076,711000.0,,-19.942536999999998,-43.96845289999999,3,3,1,1.0,100.0,200.0,oeste,Nova Granada,12/08/18,None,None
127995,712000.0,,-19.9420902,-43.93747559999997,2,2,1,1.0,1.0,450000.0,centro-sul,São Pedro,12/08/18,None,None
3246981,712602.0,,-19.929085699999998,-43.95610369999997,2,2,1,3.0,1.0,1.0,centro-sul,Santo Agostinho,12/08/18,None,None
2892760,714000.0,,-19.875916,-43.93390999999997,4,1,1,3.0,201.68,700.0,nordeste,Palmares,12/08/18,None,None
332670,715000.0,,-19.9422815,-43.91841620000002,2,2,1,3.0,182.55,400.0,centro-sul,Serra,12/08/18,None,None
332689,715000.0,,-19.9422815,-43.91841620000002,2,2,1,3.0,182.55,400.0,centro-sul,Serra,12/08/18,None,None
3211980,715000.0,,-19.9709546,-43.97113769999999,3,2,1,3.0,238.3,612.0,oeste,Buritis,12/08/18,None,None
3235454,715000.0,,-19.9539354,-43.937254199999984,3,3,2,3.0,1.0,1.0,centro-sul,Sion,12/08/18,None,None
3248180,715000.0,,-19.9334767,-43.97042809999999,4,3,1,1.0,194.0,1000.0,oeste,Barroca,12/08/18,None,None
3252461,715500.0,,-19.945613100000003,-43.92708319999997,2,1,1,1.0,60.0,400.0,centro-sul,Cruzeiro,12/08/18,None,None
3246983,718641.0,,-19.929085699999998,-43.95610369999997,2,2,1,3.0,1.0,1.0,centro-sul,Santo Agostinho,12/08/18,None,None
127996,719000.0,,-19.9420902,-43.93747559999997,2,2,1,2.0,1.0,450.0,centro-sul,São Pedro,12/08/18,None,None
11288,720000.0,,-19.9766205,-43.97614149999998,3,2,1,4.0,330.02,1050.0,oeste,Buritis,12/08/18,None,None
36088,720000.0,,-19.966407699999998,-43.96781799999997,4,2,1,1.0,220.0,640.0,oeste,Buritis,12/08/18,None,None
140354,720000.0,,-19.940343,-43.927571,3,2,1,1.0,287.0,1000.0,centro-sul,Cruzeiro,12/08/18,None,None
141659,720000.0,,-19.9464857,-43.94847709999999,3,2,1,1.0,160.33,430.0,centro-sul,Santo Antônio,12/08/18,None,None
148773,720000.0,,-19.9348334,-43.92352489999996,4,2,1,2.0,236.0,660.0,centro-sul,Serra,12/08/18,None,None
304027,720000.0,,-19.858727399999996,-43.9421691,4,3,2,2.0,136.0,750.0,pampulha,Dona Clara,12/08/18,None,None
331679,720000.0,,-19.8715151,-43.93196760000001,3,2,1,2.0,215.0,750.0,nordeste,Palmares,12/08/18,None,None
334737,720000.0,,-19.9259613,-43.9900768,3,2,1,2.0,136.81,550.0,noroeste,Coração Eucarístico,12/08/18,None,None
351281,720000.0,,-19.9490813,-43.94492679999996,3,3,1,1.0,243.0,950.0,centro-sul,Santo Antônio,12/08/18,None,None
359753,720000.0,,-19.9467362,-43.9604994,4,3,1,2.0,297.17,1500.0,oeste,Gutierrez,12/08/18,None,None
459231,720000.0,,-19.9485725,-43.92667210000002,2,2,1,2.0,251.0,450.0,centro-sul,Anchieta,12/08/18,None,None
772156,720000.0,,-19.9282217,-43.94081019999999,3,2,1,2.0,198.0,1000.0,centro-sul,Lourdes,12/08/18,None,None
1964493,720000.0,,-19.937436399999996,-43.95984440000001,3,2,1,2.0,256.42,942.78,oeste,Gutierrez,12/08/18,None,None
2241464,720000.0,,-19.93095,-43.9597579,4,3,2,2.0,117.65,300.0,oeste,Gutierrez,12/08/18,None,None
3236481,720000.0,,-19.9355201,-43.93069109999999,2,2,1,2.0,278.36,560.4,centro-sul,Funcionários,12/08/18,None,None
3240627,720000.0,,-19.927363600000003,-43.92361349999999,2,3,2,2.0,261.67,600.0,centro-sul,Santa Efigênia,12/08/18,None,None
3240876,720000.0,,-19.925987,-43.99272619999999,3,2,1,2.0,281.63,770.0,noroeste,Coração Eucarístico,12/08/18,None,None
3257431,720000.0,,-19.970906,-43.97130200000004,3,3,1,2.0,250.0,900.0,oeste,Buritis,12/08/18,None,None
3246996,724680.0,,-19.929085699999998,-43.95610369999997,2,2,1,2.0,1.0,1.0,centro-sul,Santo Agostinho,12/08/18,None,None
68605,725000.0,,-19.9515505,-43.93910579999999,3,2,1,2.0,195.8,760.0,centro-sul,São Pedro,12/08/18,None,None
127976,725000.0,,-19.9420902,-43.93747559999997,2,2,1,2.0,1.0,1.0,centro-sul,São Pedro,12/08/18,None,None
148409,725000.0,,-19.9766202,-43.96736279999999,3,2,1,2.0,236.0,600.0,oeste,Buritis,12/08/18,None,None
128002,729000.0,,-19.9420902,-43.93747559999997,2,2,1,4.0,1.0,450.0,centro-sul,São Pedro,12/08/18,None,None
149140,730000.0,,-19.9481535,-43.92271549999998,4,3,2,4.0,228.0,610.0,centro-sul,Cruzeiro,12/08/18,None,None
162325,730000.0,,-19.979998499999997,-44.02294840000002,3,4,1,1.0,216.37,350.0,barreiro,Barreiro de Baixo,12/08/18,None,None
334453,730000.0,,-19.9234658,-43.99082670000002,3,1,1,1.0,187.35,323.0,noroeste,Coração Eucarístico,12/08/18,None,None
335275,730000.0,,-19.9404359,-43.92847180000001,3,2,1,1.0,208.21,750.0,centro-sul,Cruzeiro,12/08/18,None,None
348838,730000.0,,-19.969514,-43.96903550000002,4,3,1,1.0,227.0,1100.0,oeste,Buritis,12/08/18,None,None
357108,730000.0,,-19.877000199999998,-43.98140260000002,4,3,1,1.0,202.0,1064.0,pampulha,Ouro Preto,12/08/18,None,None
1889350,730000.0,,-19.923525199999997,-43.98951699999998,3,2,1,1.0,228.72,395.0,noroeste,Coração Eucarístico,12/08/18,None,None
3235337,730000.0,,-19.9690984,-43.9698214,4,4,2,1.0,345.97,900.0,oeste,Buritis,12/08/18,None,None
3236681,730000.0,,-19.991190600000003,-43.9904568,3,2,1,1.0,255.0,900.0,centro-sul,Sion,12/08/18,None,None
3249457,730000.0,,-19.872527899999998,-43.93001579999998,4,3,2,1.0,132.72,250.0,nordeste,Palmares,12/08/18,None,None
3250202,730000.0,,-19.9779626,-43.9706577,4,3,1,1.0,234.26,1000.0,oeste,Buritis,12/08/18,None,None
3251245,730000.0,,-19.973253,-43.96612500000003,4,3,1,1.0,286.96,750.0,oeste,Buritis,12/08/18,None,None
3254322,730000.0,,-19.884731,-43.908722600000026,3,2,1,1.0,179.52,500.0,leste,Santa Inês,12/08/18,None,None
3246999,730719.0,,-19.929085699999998,-43.95610369999997,2,2,1,1.0,1.0,1.0,centro-sul,Santo Agostinho,12/08/18,None,None
3235489,733190.0,,-19.9539354,-43.937254199999984,3,3,2,1.0,1.0,1.0,centro-sul,Sion,12/08/18,None,None
143015,735000.0,,-19.941647800000002,-43.9146073,4,3,1,1.0,294.0,1050.0,centro-sul,Serra,12/08/18,None,None
473407,735000.0,,-19.953369,-43.934245000000026,4,3,1,1.0,300.0,1050.0,centro-sul,Sion,12/08/18,None,None
3235490,736000.0,,-19.9539354,-43.937254199999984,3,3,2,1.0,1.0,1.0,centro-sul,Sion,12/08/18,None,None
1529406,739900.0,,-19.942225699999998,-43.957356,4,3,1,1.0,259.0,950.0,oeste,Gutierrez,12/08/18,None,None
6993,740000.0,,-19.9552923,-43.931883899999995,4,2,1,1.0,220.84,550.0,centro-sul,Sion,12/08/18,None,None
143374,740000.0,,-19.941647800000002,-43.9146073,4,3,1,1.0,294.0,1050.0,centro-sul,Serra,12/08/18,None,None
166420,740000.0,,-19.887653,-43.91024300000004,4,3,1,1.0,0.0,270.0,leste,Santa Inês,12/08/18,None,None
328432,740000.0,,-19.9443843,-43.950286300000016,4,2,1,1.0,373.01,911.0,centro-sul,Coração de Jesus,12/08/18,None,None
336081,740000.0,,-19.919629800000003,-43.94024619999999,4,3,1,1.0,175.0,800.0,centro-sul,Centro,12/08/18,None,None
340301,740000.0,,-19.9075981,-43.967266600000016,3,3,1,1.0,155.3,450.0,noroeste,Pedro II,12/08/18,None,None
352418,740000.0,,-19.928775100000003,-43.93583849999999,3,2,1,1.0,191.0,687.0,centro-sul,Funcionários,12/08/18,None,None
359763,740000.0,,-19.940496399999997,-43.92875620000001,3,3,1,1.0,214.53,767.0,centro-sul,Cruzeiro,12/08/18,None,None
396471,740000.0,,-19.9686839,-43.96999629999999,4,3,1,1.0,294.81,1100.0,oeste,Buritis,12/08/18,None,None
1527401,740000.0,,-19.927099,-43.93325390000001,4,1,1,1.0,144.5,722.0,centro-sul,Funcionários,12/08/18,None,None
3211993,740000.0,,-19.9412366,-43.94064520000001,4,3,2,1.0,177.32,410.89,centro-sul,Santo Antônio,12/08/18,None,None
3254094,740000.0,,-19.9671357,-43.97003819999998,4,3,1,1.0,225.2,550.0,oeste,Buritis,12/08/18,None,None
3247353,741000.0,,-19.946794,-43.92378500000001,3,3,1,1.0,219.71,800.0,centro-sul,Anchieta,12/08/18,None,None
3246686,742000.0,,-19.9728053,-43.96524320000003,4,2,1,1.0,189.81,700.0,oeste,Estoril,12/08/18,None,None
3235491,742500.0,,-19.9539354,-43.937254199999984,3,3,2,1.0,1.0,1.0,centro-sul,Sion,12/08/18,None,None
59587,745000.0,,-19.9738884,-43.97202659999999,4,3,1,1.0,289.64,850.0,oeste,Buritis,12/08/18,None,None
169511,745000.0,,-19.8898029,-43.93000180000002,4,2,1,1.0,128.72,806.0,nordeste,Silveira,12/08/18,None,None
342598,745000.0,,-19.9362138,-43.96485510000002,4,3,1,1.0,162.0,1000.0,oeste,Gutierrez,12/08/18,None,None
2190705,745000.0,,-19.860493100000003,-43.943968900000016,4,4,2,1.0,190.07,450.0,pampulha,Dona Clara,12/08/18,None,None
155982,745290.0,,-19.899872199999997,-43.967907399999994,3,3,1,1.0,120.0,600.0,noroeste,Caiçaras,12/08/18,None,None
3235492,747500.0,,-19.9539354,-43.937254199999984,3,3,2,1.0,1.0,1.0,centro-sul,Sion,12/08/18,None,None
3229485,747890.28,,-19.8620641,-43.95602250000002,2,2,1,1.0,1.0,440.0,pampulha,Liberdade,12/08/18,None,None
156012,748000.0,,-19.9161234,-43.97439600000001,4,1,1,1.0,214.0,500.0,noroeste,Padre Eustáquio,12/08/18,None,None
6914,749000.0,,-19.972662699999997,-43.96760519999998,4,3,1,1.0,120.0,970.0,oeste,Buritis,12/08/18,None,None
13092,749000.0,,-19.945382199999997,-43.921153499999996,3,3,1,2.0,152.0,990.0,centro-sul,Cruzeiro,12/08/18,None,None
124575,749000.0,,-9.8545449,-56.06965980000001,3,2,1,3.0,168.0,450.0,leste,Floresta,12/08/18,None,None
144785,749000.0,,-19.959769199999997,-43.93675289999999,2,3,2,4.0,172.0,740.0,centro-sul,Sion,12/08/18,None,None
202540,749000.0,,-19.9376699,-43.918476,3,2,1,1.0,130.0,500.0,centro-sul,Serra,12/08/18,None,None
1845352,749000.0,,-19.9274818,-43.961943599999984,3,2,1,1.0,250.97,400.0,oeste,Prado,12/08/18,None,None
3236482,749000.0,,-19.8810217,-43.93086240000002,3,3,2,1.0,227.32,700.0,nordeste,União,12/08/18,None,None
5913,750000.0,,-19.9415307,-43.912812100000004,4,2,1,1.0,250.0,1000.0,centro-sul,Serra,12/08/18,None,None
20884,750000.0,,-19.932106899999997,-43.964328000000016,3,3,1,1.0,211.0,700.0,oeste,Gutierrez,12/08/18,None,None
27567,750000.0,,-19.9701635,-43.97113230000002,4,1,2,1.0,360.0,900.0,oeste,Buritis,12/08/18,None,None
32608,750000.0,,-19.9392408,-43.93302399999999,3,1,1,1.0,141.25,300.0,centro-sul,Savassi,12/08/18,None,None
42693,750000.0,,-19.940961399999996,-43.9440692,3,2,1,1.0,220.0,340.0,centro-sul,Santo Antônio,12/08/18,None,None
60405,750000.0,,-19.868645899999997,-43.9833443,3,3,1,1.0,210.0,630.0,pampulha,Ouro Preto,12/08/18,None,None
127366,750000.0,,-19.8782806,-43.9994481,3,3,1,0.0,0.0,250.0,pampulha,Castelo,12/08/18,None,None
128502,750000.0,,-19.9558919,-43.94025560000001,4,2,1,1.0,251.39,1100.0,centro-sul,Sion,12/08/18,None,None
134351,750000.0,,-19.9647102,-43.96660480000003,4,3,1,1.0,237.75,460.0,oeste,Estoril,12/08/18,None,None
134987,750000.0,,-19.991070800000003,-43.99027390000003,3,3,1,1.0,285.0,800.0,centro-sul,Sion,12/08/18,None,None
136868,750000.0,,-19.934493300000003,-43.960882399999996,3,3,1,1.0,350.0,900.0,oeste,Gutierrez,12/08/18,None,None
144041,750000.0,,-19.9407621,-43.96647080000002,3,3,1,1.0,169.0,750.0,oeste,Grajaú,12/08/18,None,None
144903,750000.0,,-19.9038186,-43.90833529999998,3,2,1,1.0,121.81,400.0,leste,Esplanada,12/08/18,None,None
149348,750000.0,,-19.9409585,-43.95641330000001,4,2,1,1.0,202.0,1400.0,oeste,Gutierrez,12/08/18,None,None
160322,750000.0,,-19.960255899999996,-43.92897979999998,3,2,1,1.0,300.0,900.0,centro-sul,Sion,12/08/18,None,None
161704,750000.0,,-19.9408609,-43.92939630000001,4,2,1,1.0,264.68,1000.0,centro-sul,Cruzeiro,12/08/18,None,None
163192,750000.0,,-19.940390899999997,-43.92745279999997,3,2,1,1.0,214.27,750.0,centro-sul,Cruzeiro,12/08/18,None,None
165942,750000.0,,-19.9368822,-43.93116599999996,3,2,1,1.0,250.0,581.0,centro-sul,Funcionários,12/08/18,None,None
166976,750000.0,,-19.936587300000003,-43.964383500000004,4,2,1,1.0,162.24,1000.0,oeste,Gutierrez,12/08/18,None,None
168686,750000.0,,-19.9528648,-43.931175,4,3,1,1.0,0.01,600.0,centro-sul,Sion,12/08/18,None,None
171673,750000.0,,-19.8864212,-43.923451699999994,5,4,3,1.0,292.0,400.0,nordeste,União,12/08/18,None,None
196543,750000.0,,-19.8817118,-43.9926888,4,2,1,1.0,238.76,896.0,pampulha,Paquetá,12/08/18,None,None
206543,750000.0,,-19.9242229,-43.945321499999984,3,3,1,1.0,255.0,950.0,centro-sul,Santo Agostinho,12/08/18,None,None
224913,750000.0,,-19.9787225,-43.972687500000006,3,2,1,1.0,224.58,1000.0,oeste,Buritis,12/08/18,None,None
224914,750000.0,,-19.9489217,-43.94339979999995,3,1,1,1.0,256.63,1200.0,centro-sul,Santo Antônio,12/08/18,None,None
242504,750000.0,,-19.9517222,-43.93241599999999,3,2,1,1.0,313.64,1200.0,centro-sul,Sion,12/08/18,None,None
280130,750000.0,,-19.876063199999997,-43.92077810000001,3,3,1,1.0,145.83,532.0,nordeste,São Paulo,12/08/18,None,None
339717,750000.0,,-19.923298100000004,-43.94678620000002,3,2,1,1.0,0.01,700.0,centro-sul,Santo Agostinho,12/08/18,None,None
340241,750000.0,,-19.9393372,-43.961393999999984,3,3,1,1.0,331.0,630.0,oeste,Gutierrez,12/08/18,None,None
342445,750000.0,,-19.9561044,-43.93902030000004,3,3,1,1.0,220.0,650.0,centro-sul,Sion,12/08/18,None,None
346334,750000.0,,-19.956553600000003,-43.93427299999996,3,2,1,1.0,281.16,850.0,centro-sul,Sion,12/08/18,None,None
347117,750000.0,,-19.8920831,-43.9232495,3,2,1,2.0,278.0,400.0,leste,Cidade Nova,12/08/18,None,None
347427,750000.0,,-19.9469086,-43.95318040000001,4,2,1,2.0,200.0,370.0,centro-sul,Luxemburgo,12/08/18,None,None
350901,750000.0,,-19.9743444,-43.96930839999999,4,3,1,1.0,341.0,1200.0,oeste,Buritis,12/08/18,None,None
351030,750000.0,,-19.9329913,-43.95743429999999,3,2,1,2.0,183.23,950.0,oeste,Gutierrez,12/08/18,None,None
353317,750000.0,,-19.9738884,-43.97202659999999,4,3,1,1.0,299.6,860.0,oeste,Buritis,12/08/18,None,None
357085,750000.0,,-19.9410468,-43.96464019999996,3,3,1,1.0,330.0,475.0,oeste,Grajaú,12/08/18,None,None
358801,750000.0,,-19.9681264,-43.9708349,4,3,2,1.0,337.0,950.0,oeste,Buritis,12/08/18,None,None
361566,750000.0,,-19.9326526,-43.9586415,3,2,1,1.0,237.0,1400.0,oeste,Gutierrez,12/08/18,None,None
363150,750000.0,,-19.959439399999997,-43.93739819999996,2,2,1,2.0,286.35,1050.0,centro-sul,Sion,12/08/18,None,None
363295,750000.0,,-19.9380591,-43.93673039999999,2,3,2,1.0,305.77,1200.0,centro-sul,Funcionários,12/08/18,None,None
366173,750000.0,,-19.918778200000002,-43.98706040000002,3,2,1,2.0,248.04,900.0,noroeste,Minas Brasil,12/08/18,None,None
366622,750000.0,,-19.934689000000002,-43.91737000000001,3,3,1,4.0,293.63,1440.0,centro-sul,Serra,12/08/18,None,None
572090,750000.0,,-19.9205348,-43.9871824,4,2,1,1.0,248.04,900.0,noroeste,Minas Brasil,12/08/18,None,None
1098432,750000.0,,-19.8731766,-43.93177159999999,4,3,2,2.0,153.0,450.0,nordeste,Palmares,12/08/18,None,None
1121354,750000.0,,-19.9187913,-43.97234470000001,4,1,1,2.0,200.0,600.0,noroeste,Padre Eustáquio,12/08/18,None,None
1576793,750000.0,,-19.9419102,-43.9584448,4,4,1,2.0,245.99,803.0,oeste,Gutierrez,12/08/18,None,None
1581897,750000.0,,-19.933061300000002,-43.9500003,3,2,1,2.0,120.0,1009.0,centro-sul,Santo Agostinho,12/08/18,None,None
1671915,750000.0,,-19.9427667,-43.92785349999997,3,2,1,2.0,317.81,541.0,centro-sul,Cruzeiro,12/08/18,None,None
1691122,750000.0,,-19.952569600000004,-43.9399176,4,2,1,2.0,197.99,800.0,centro-sul,Sion,12/08/18,None,None
1700870,750000.0,,-19.9464752,-43.93255720000002,4,4,3,2.0,240.0,1010.0,centro-sul,Sion,12/08/18,None,None
1824232,750000.0,,-19.935206,-43.97072670000001,3,3,1,2.0,281.06,560.0,oeste,Gutierrez,12/08/18,None,None
1831653,750000.0,,-19.9283183,-43.9320674,2,2,1,2.0,247.6,550.0,centro-sul,Funcionários,12/08/18,None,None
2701399,750000.0,,-19.9622645,-43.96559790000003,4,3,1,2.0,270.57,700.0,oeste,Estoril,12/08/18,None,None
2706484,750000.0,,-19.9319941,-43.92115339999998,3,1,1,2.0,288.0,850.0,leste,São Lucas,12/08/18,None,None
2796589,750000.0,,-19.9474171,-43.94854670000001,4,2,1,1.0,22.05,1300.0,centro-sul,Santo Antônio,12/08/18,None,None
3214454,750000.0,,-19.9041712,-43.92398800000001,3,3,1,1.0,147.25,480.0,leste,Sagrada Família,12/08/18,None,None
3216879,750000.0,,-19.925516000000002,-43.91316770000003,3,3,1,1.0,212.75,565.0,centro-sul,Santa Efigênia,12/08/18,None,None
3233581,750000.0,,-19.971527,-43.96727880000003,4,4,3,3.0,319.0,759.0,oeste,Buritis,12/08/18,None,None
3236992,750000.0,,-19.9349305,-43.93016879999999,2,2,1,2.0,278.36,560.4,centro-sul,Funcionários,12/08/18,None,None
3240092,750000.0,,-19.840428,-43.95949469999999,3,2,1,2.0,0.01,300.0,pampulha,Itapoã,12/08/18,None,None
3243227,750000.0,,-19.8939305,-43.93427120000001,3,2,1,2.0,200.75,300.0,nordeste,Nova Floresta,12/08/18,None,None
3244208,750000.0,,-19.9421215,-43.95841059999998,4,3,1,2.0,226.0,803.0,oeste,Gutierrez,12/08/18,None,None
3244576,750000.0,,-19.8896975,-43.92579869999997,3,1,2,3.0,239.45,450.0,leste,Cidade Nova,12/08/18,None,None
3245427,750000.0,,-19.928775100000003,-43.93583849999999,3,3,2,3.0,324.0,650.0,centro-sul,Savassi,12/08/18,None,None
3246675,750000.0,,-19.970933,-43.97355800000002,4,2,1,2.0,329.79,325.0,oeste,Estrela Dalva,12/08/18,None,None
3249380,750000.0,,-19.9692355,-43.96786659999998,4,3,2,2.0,265.0,712.0,oeste,Buritis,12/08/18,None,None
3253784,750000.0,,-19.93498,-43.97489189999999,3,3,1,3.0,191.44,745.0,oeste,Nova Suíssa,12/08/18,None,None
3254000,750000.0,,-19.888747,-43.99606499999999,4,3,1,3.0,124.73,380.0,pampulha,Ouro Preto,12/08/18,None,None
3254953,750000.0,,-19.898221600000003,-43.92674890000001,4,1,1,3.0,216.74,400.0,leste,Sagrada Família,12/08/18,None,None
3255516,750000.0,,-19.883523999999998,-43.996804,4,2,2,3.0,78.0,750.0,pampulha,Castelo,12/08/18,None,None
3255637,750000.0,,-19.87795,-43.92993009999998,3,4,1,3.0,56.89,780.0,nordeste,Palmares,12/08/18,None,None
357078,751000.0,,-19.935155399999996,-43.97099739999999,4,4,1,2.0,100.0,200.0,oeste,Nova Granada,12/08/18,None,None
3235499,751000.0,,-19.9539354,-43.937254199999984,3,3,2,2.0,1.0,1.0,centro-sul,Sion,12/08/18,None,None
359274,755000.0,,-19.9290941,-43.963311600000004,3,2,1,2.0,115.0,490.0,oeste,Prado,12/08/18,None,None
3112273,755000.0,,-19.956118,-43.93195550000002,3,1,1,2.0,279.69,400.0,centro-sul,Sion,12/08/18,None,None
3235500,756000.0,,-19.9539354,-43.937254199999984,3,3,2,2.0,1.0,1.0,centro-sul,Sion,12/08/18,None,None
147368,758000.0,,-19.9697682,-43.966602299999984,3,3,1,4.0,199.22,920.0,oeste,Buritis,12/08/18,None,None
357946,758000.0,,-19.9697478,-43.966588,3,3,1,2.0,199.22,920.0,oeste,Buritis,12/08/18,None,None
2385285,759000.0,,-19.898990899999998,-43.921787,3,3,1,2.0,230.0,325.0,leste,Sagrada Família,12/08/18,None,None
3235501,759000.0,,-19.9539354,-43.937254199999984,3,3,2,4.0,1.0,1.0,centro-sul,Sion,12/08/18,None,None
57108,760000.0,,-19.856745,-43.95255270000001,4,3,3,4.0,263.0,350.0,pampulha,Pampulha,12/08/18,None,None
58772,760000.0,,-19.9001025,-43.92044529999998,3,1,1,4.0,263.63,300.0,leste,Sagrada Família,12/08/18,None,None
101676,760000.0,,-19.948434,-43.947634,3,2,1,4.0,181.7,1300.0,centro-sul,Santo Antônio,12/08/18,None,None
132291,760000.0,,-19.978083899999998,-43.968100899999975,4,4,2,4.0,160.0,350.0,oeste,Buritis,12/08/18,None,None
340033,760000.0,,-19.978907500000002,-43.96629519999999,3,1,1,4.0,193.0,600.0,oeste,Estoril,12/08/18,None,None
346485,760000.0,,-19.9145307,-43.97049440000001,4,3,1,2.0,197.0,535.0,noroeste,Carlos Prates,12/08/18,None,None
359759,760000.0,,-19.9374844,-43.92492630000004,3,2,1,2.0,100.0,318.76,centro-sul,Serra,12/08/18,None,None
1629279,760000.0,,-19.968424300000002,-43.96976799999999,4,2,1,1.0,295.27,1100.0,oeste,Buritis,12/08/18,None,None
3212006,760000.0,,-19.9267482,-43.9379735,2,2,1,2.0,195.0,650.0,centro-sul,Lourdes,12/08/18,None,None
3249609,760000.0,,-19.942601,-43.94109879999996,3,1,1,1.0,300.73,1000.0,centro-sul,Santo Antônio,12/08/18,None,None
3253454,760000.0,,-19.970412,-43.96761200000003,4,4,1,1.0,273.0,750.0,oeste,Buritis,12/08/18,None,None
59930,765000.0,,-19.947666,-43.93658600000003,3,1,1,2.0,221.71,1150.0,centro-sul,São Pedro,12/08/18,None,None
366681,765000.0,,-19.9036085,-43.97181610000001,4,4,1,2.0,250.0,600.0,noroeste,Caiçaras,12/08/18,None,None
3235502,765000.0,,-19.9539354,-43.937254199999984,3,3,2,2.0,1.0,1.0,centro-sul,Sion,12/08/18,None,None
356285,766000.0,,-19.937189899999996,-43.97123260000001,3,2,1,2.0,175.0,170.0,oeste,Nova Granada,12/08/18,None,None
152302,768000.0,,-19.9380165,-43.94733510000003,4,1,1,2.0,268.0,200.0,centro-sul,Santo Antônio,12/08/18,None,None
3244712,769536.89,,-19.932707,-43.93050770000002,2,2,1,3.0,1.0,1.0,centro-sul,Savassi,12/08/18,None,None
120121,770000.0,,-19.9437475,-43.9303711,3,2,1,1.0,262.11,948.0,centro-sul,Sion,12/08/18,None,None
157767,770000.0,,-19.923712,-43.98814709999999,2,2,1,1.0,167.05,250.0,noroeste,Coração Eucarístico,12/08/18,None,None
345930,770000.0,,-19.9095663,-43.9161939,4,3,1,1.0,137.0,300.0,leste,Horto,12/08/18,None,None
347823,770000.0,,-19.859157800000002,-43.94620459999999,4,5,2,1.0,116.0,350.0,pampulha,Dona Clara,12/08/18,None,None
351412,770000.0,,-19.936560399999998,-43.97759009999999,3,4,2,1.0,146.0,800.0,oeste,Nova Suíssa,12/08/18,None,None
353597,770000.0,,-19.9333898,-43.92781660000003,3,2,1,1.0,388.0,1260.0,centro-sul,Funcionários,12/08/18,None,None
367419,770000.0,,-19.9486753,-43.92302569999998,3,2,1,3.0,295.0,900.0,centro-sul,Cruzeiro,12/08/18,None,None
946948,770000.0,,-19.937617000000003,-43.957128099999984,4,2,1,3.0,196.89,420.0,oeste,Gutierrez,12/08/18,None,None
3235470,770000.0,,-19.973253,-43.96612500000003,4,1,1,2.0,443.0,670.0,oeste,Buritis,12/08/18,None,None
3249568,770000.0,,-19.943715899999997,-43.9302123,3,2,1,2.0,275.0,1000.0,centro-sul,Carmo,12/08/18,None,None
3235599,779000.0,,-19.9539354,-43.937254199999984,3,3,2,3.0,1.0,1.0,centro-sul,Sion,12/08/18,None,None
8474,780000.0,,-19.93587,-43.92143709999999,4,2,1,2.0,264.35,600.0,centro-sul,Serra,12/08/18,None,None
21363,780000.0,,-19.8958767,-43.93353230000002,3,1,1,2.0,1.0,150.0,nordeste,Nova Floresta,12/08/18,None,None
39623,780000.0,,-19.9495737,-44.05986759999996,4,2,1,3.0,330.0,750.0,centro-sul,Carmo,12/08/18,None,None
53080,780000.0,,-19.9267772,-43.95934740000001,4,6,1,2.0,256.61,390.0,oeste,Prado,12/08/18,None,None
125134,780000.0,,-19.973482,-43.97154279999995,4,3,2,2.0,130.0,350.0,oeste,Buritis,12/08/18,None,None
128147,780000.0,,-19.942501,-43.94515319999999,4,2,1,2.0,335.85,1200.0,centro-sul,Santo Antônio,12/08/18,None,None
135226,780000.0,,-19.9517195,-43.93656909999999,4,2,1,2.0,250.0,723.0,centro-sul,Sion,12/08/18,None,None
135911,780000.0,,-19.945659,-43.94609350000002,3,3,1,2.0,235.17,350.0,centro-sul,Santo Antônio,12/08/18,None,None
144543,780000.0,,-19.9523423,-43.9498605,3,3,1,2.0,2687.06,650.0,centro-sul,Vila Paris,12/08/18,None,None
164526,780000.0,,-19.9352738,-43.9485072,4,2,1,2.0,243.35,501.0,centro-sul,Coração de Jesus,12/08/18,None,None
169631,780000.0,,-19.904839300000003,-43.97105650000003,4,3,1,2.0,300.0,480.0,noroeste,Caiçaras,12/08/18,None,None
172694,780000.0,,-19.873448899999996,-43.981265500000006,3,1,1,3.0,1200.0,300.0,pampulha,Ouro Preto,12/08/18,None,None
174839,780000.0,,-19.953829100000004,-43.95187620000002,4,3,1,3.0,190.0,750.0,centro-sul,São Bento,12/08/18,None,None
206416,780000.0,,-19.9036803,-43.92792670000001,3,2,1,4.0,323.3,420.0,leste,Sagrada Família,12/08/18,None,None
272876,780000.0,,-19.9331109,-43.9492295,3,2,1,4.0,298.0,1119.0,centro-sul,Santo Agostinho,12/08/18,None,None
307916,780000.0,,-19.917345,-43.98985099999999,4,2,1,1.0,290.0,150.0,noroeste,Minas Brasil,12/08/18,None,None
359734,780000.0,,-19.9487667,-43.958916499999994,3,2,1,1.0,343.54,980.0,centro-sul,Luxemburgo,12/08/18,None,None
585296,780000.0,,-19.958202899999996,-43.93705669999997,4,2,1,1.0,200.0,900.0,centro-sul,Sion,12/08/18,None,None
1057730,780000.0,,-19.8857453,-43.99476800000002,4,2,1,1.0,120.0,300.0,pampulha,Castelo,12/08/18,None,None
1057731,780000.0,,-19.8857453,-43.99476800000002,4,2,1,1.0,120.0,300.0,pampulha,Castelo,12/08/18,None,None
1578332,780000.0,,-19.9458336,-43.92888549999998,2,3,1,1.0,149.73,600.0,centro-sul,Cruzeiro,12/08/18,None,None
1921772,780000.0,,-19.973848999999998,-43.96950249999998,4,3,1,1.0,353.06,550.0,oeste,Buritis,12/08/18,None,None
2164239,780000.0,,-19.957130399999997,-43.934148799999996,4,2,1,2.0,345.0,890.0,centro-sul,Sion,12/08/18,None,None
3234031,780000.0,,-19.9581469,-43.93699119999997,4,2,1,2.0,212.5,950.0,centro-sul,Sion,12/08/18,None,None
3237063,780000.0,,-19.924139,-43.98860300000001,4,4,1,2.0,199.99,600.0,noroeste,Coração Eucarístico,12/08/18,None,None
3240762,780000.0,,-19.9508547,-43.9317001,3,2,1,2.0,268.0,550.0,centro-sul,Sion,12/08/18,None,None
3241757,780000.0,,-19.9450247,-43.948484399999984,4,3,2,2.0,200.0,500.0,centro-sul,Santo Antônio,12/08/18,None,None
3244696,780000.0,,-19.886941,-43.925329000000026,4,4,2,2.0,227.27,630.0,leste,Cidade Nova,12/08/18,None,None
3244821,780000.0,,-19.9499426,-43.945136100000006,2,2,1,2.0,185.54,288.0,centro-sul,Santo Antônio,12/08/18,None,None
3244944,780000.0,,-19.972986,-43.97143399999999,4,3,1,2.0,317.77,700.0,oeste,Estoril,12/08/18,None,None
3245567,780000.0,,-19.8818129,-43.99206609999999,4,2,1,2.0,135.0,850.0,pampulha,Paquetá,12/08/18,None,None
3249478,780000.0,,-19.937197,-43.9641949,4,3,1,2.0,201.42,500.0,oeste,Grajaú,12/08/18,None,None
3254937,780000.0,,-19.948463500000003,-43.92264850000004,4,2,1,2.0,217.59,325.0,centro-sul,Cruzeiro,12/08/18,None,None
3257885,780000.0,,-19.927869199999996,-43.91617289999999,3,3,1,2.0,296.0,950.0,leste,São Lucas,12/08/18,None,None
3254835,785000.0,,-19.9257994,-43.96381050000002,4,1,1,3.0,234.0,290.0,oeste,Prado,12/08/18,None,None
3235053,786000.0,,-19.940017899999997,-43.965438000000006,4,3,1,3.0,10.0,10.0,oeste,Grajaú,12/08/18,None,None
3235602,786000.0,,-19.9539354,-43.937254199999984,3,3,2,3.0,1.0,1.0,centro-sul,Sion,12/08/18,None,None
44076,789000.0,,-19.9357629,-43.958262899999994,3,1,1,3.0,85.0,350.0,oeste,Gutierrez,12/08/18,None,None
1687669,789000.0,,-19.8718368,-43.99309110000002,4,2,2,3.0,190.0,240.0,pampulha,Paquetá,12/08/18,None,None
23126,790000.0,,-19.9409745,-43.91633179999997,4,2,1,3.0,288.42,1280.0,centro-sul,Serra,12/08/18,None,None
35662,790000.0,,-19.944288,-43.93543829999999,3,3,1,1.0,174.0,1260.0,centro-sul,São Pedro,12/08/18,None,None
58980,790000.0,,-19.897811899999997,-43.97042350000004,3,2,1,2.0,1121.58,275.0,noroeste,Caiçaras,12/08/18,None,None
141422,790000.0,,-19.966317,-43.9672243,4,3,1,2.0,200.0,1038.0,oeste,Buritis,12/08/18,None,None
148702,790000.0,,-19.9211049,-43.98692470000003,4,4,1,2.0,227.0,600.0,noroeste,Padre Eustáquio,12/08/18,None,None
156051,790000.0,,-19.9526521,-43.949510499999974,4,2,1,2.0,352.11,1500.0,centro-sul,Vila Paris,12/08/18,None,None
165133,790000.0,,-19.9375961,-43.95713569999998,4,2,1,2.0,125.88,400.0,oeste,Gutierrez,12/08/18,None,None
165213,790000.0,,-19.939494,-43.96075300000001,4,3,1,2.0,247.0,1200.0,oeste,Gutierrez,12/08/18,None,None
171557,790000.0,,-19.9550171,-43.95153099999999,3,2,1,1.0,268.0,600.0,centro-sul,São Bento,12/08/18,None,None
334698,790000.0,,-19.949823300000002,-43.9501626,4,4,1,2.0,380.0,1650.0,centro-sul,Vila Paris,12/08/18,None,None
342144,790000.0,,-19.950331100000003,-43.9528674,2,2,1,2.0,0.01,320.0,centro-sul,Luxemburgo,12/08/18,None,None
348499,790000.0,,-19.944453399999997,-43.958787700000016,4,2,1,1.0,212.24,750.0,oeste,Gutierrez,12/08/18,None,None
356337,790000.0,,-19.9393612,-43.96074010000001,3,3,1,1.0,200.0,1200.0,oeste,Gutierrez,12/08/18,None,None
357438,790000.0,,-19.937436399999996,-43.95984440000001,3,2,1,1.0,244.63,1100.0,oeste,Gutierrez,12/08/18,None,None
363361,790000.0,,-19.936166,-43.92423300000002,3,2,1,1.0,390.02,645.0,centro-sul,Serra,12/08/18,None,None
365056,790000.0,,-19.9444415,-43.94044059999999,3,2,1,1.0,260.0,493.0,centro-sul,São Pedro,12/08/18,None,None
415936,790000.0,,-19.9279293,-43.91627570000003,3,2,1,1.0,315.0,1300.0,leste,São Lucas,12/08/18,None,None
592820,790000.0,,-19.9491115,-43.95652899999999,4,4,2,1.0,375.43,1030.0,centro-sul,Luxemburgo,12/08/18,None,None
1468782,790000.0,,-19.931912708449204,-43.927030548410016,3,3,1,1.0,343.1,780.0,centro-sul,Funcionários,12/08/18,None,None
1525447,790000.0,,-19.940952,-43.95339899999999,4,2,1,1.0,437.0,800.0,centro-sul,Luxemburgo,12/08/18,None,None
1691573,790000.0,,-19.8884656,-43.93106139999998,3,2,1,1.0,233.0,630.0,nordeste,Silveira,12/08/18,None,None
1836910,790000.0,,-19.925191,-43.92500180000002,4,1,1,1.0,255.82,450.0,centro-sul,Santa Efigênia,12/08/18,None,None
1846231,790000.0,,-19.9685461,-43.9678811,4,3,2,1.0,400.54,800.0,oeste,Buritis,12/08/18,None,None
3234565,790000.0,,-19.9436012,-43.942764700000005,3,2,1,1.0,305.0,944.34,centro-sul,Santo Antônio,12/08/18,None,None
3238123,790000.0,,-19.859425,-43.95489599999996,3,1,1,1.0,238.9,627.0,pampulha,Liberdade,12/08/18,None,None
3252672,790000.0,,-19.9310397,-43.93919790000001,4,3,1,1.0,0.0,300.0,centro-sul,Lourdes,12/08/18,None,None
159588,792045.58,,-19.8676907,-43.994663300000006,3,2,1,1.0,100.0,400.0,pampulha,Paquetá,12/08/18,None,None
159593,792045.58,,-19.8676907,-43.994663300000006,3,2,1,1.0,100.0,400.0,pampulha,Paquetá,12/08/18,None,None
41252,795000.0,,-19.927764,-43.96391679999999,4,3,1,1.0,200.0,450.0,oeste,Prado,12/08/18,None,None
134992,795000.0,,-19.903752700000002,-43.9715362,4,4,1,1.0,436.0,250.0,noroeste,Caiçaras,12/08/18,None,None
150059,795000.0,,-19.9588826,-43.93829529999999,4,2,1,1.0,283.0,1100.0,centro-sul,Sion,12/08/18,None,None
158254,795000.0,,-19.8965363,-43.93113160000002,3,2,1,1.0,231.18,536.87,leste,Graça,12/08/18,None,None
172708,795000.0,,-19.9404086,-43.92745250000002,3,2,1,1.0,196.0,980.0,centro-sul,Cruzeiro,12/08/18,None,None
348192,795000.0,,-19.9246069,-43.99020899999999,3,2,1,1.0,194.82,460.0,noroeste,Coração Eucarístico,12/08/18,None,None
363980,795000.0,,-19.9346145,-43.9545372,3,3,1,1.0,285.0,815.0,oeste,Gutierrez,12/08/18,None,None
1012664,795000.0,,-19.877358100000002,-43.98209170000001,3,3,1,1.0,272.0,480.0,pampulha,Ouro Preto,12/08/18,None,None
1784478,795000.0,,-19.934717000000003,-43.91737799999999,3,2,1,1.0,302.0,1600.0,centro-sul,Serra,12/08/18,None,None
3243519,795000.0,,-19.9685701,-43.96565450000003,4,4,2,1.0,301.91,1200.0,oeste,Buritis,12/08/18,None,None
3248847,795000.0,,-19.9562535,-43.93075999999997,3,2,1,1.0,305.53,430.0,centro-sul,Sion,12/08/18,None,None
3255078,795000.0,,-19.924137100000003,-43.9633078,4,2,1,1.0,282.0,900.0,oeste,Prado,12/08/18,None,None
1519612,795760.0,,-19.956174899999997,-43.938944299999996,3,2,1,1.0,1.0,1.0,centro-sul,Sion,12/08/18,None,None
147709,797000.0,,-19.967513600000004,-43.9676766,4,3,2,1.0,375.92,1000.0,oeste,Buritis,12/08/18,None,None
364509,798000.0,,-19.9316067,-43.9312157,3,2,1,1.0,0.01,950.0,centro-sul,Savassi,12/08/18,None,None
1810521,798000.0,,-19.9549462,-43.93511369999999,4,2,1,1.0,287.0,429.0,centro-sul,Sion,12/08/18,None,None
1691023,799000.0,,-19.9527878,-43.93286080000002,4,2,1,1.0,280.0,1250.0,centro-sul,Sion,12/08/18,None,None
1798568,799000.0,,-19.973599800000002,-44.01608450000003,3,2,1,1.0,220.0,750.0,barreiro,Barreiro,12/08/18,None,None
5880,800000.0,,-19.9185739,-43.93870709999999,4,3,1,1.0,200.0,400.0,centro-sul,Santo Antônio,12/08/18,None,None
5982,800000.0,,-19.924117199999998,-43.98818299999999,3,2,1,1.0,147.31,450.0,noroeste,Coração Eucarístico,12/08/18,None,None
6291,800000.0,,-19.9269899,-43.9441817,2,3,2,1.0,280.61,630.0,centro-sul,Lourdes,12/08/18,None,None
12919,800000.0,,-19.9383954,-43.93519650000002,4,2,1,1.0,197.0,480.0,centro-sul,Savassi,12/08/18,None,None
19207,800000.0,,-19.883345300000002,-43.90888810000001,3,3,1,1.0,300.0,220.0,leste,Santa Inês,12/08/18,None,None
27100,800000.0,,-19.8896093,-43.9994906,4,3,2,1.0,136.23,350.0,pampulha,Castelo,12/08/18,None,None
41336,800000.0,,-19.9465217,-43.94894999999997,4,2,1,1.0,149.0,800.0,centro-sul,Cidade Jardim,12/08/18,None,None
48812,800000.0,,-19.9309032,-44.03657269999997,9,3,3,1.0,125.0,0.0,nordeste,Cachoeirinha,12/08/18,None,None
139369,800000.0,,-19.923294600000002,-43.94253220000002,3,1,1,1.0,263.0,700.0,centro-sul,Lourdes,12/08/18,None,None
141607,800000.0,,-19.991070800000003,-43.99027390000003,3,2,1,1.0,255.0,900.0,centro-sul,Sion,12/08/18,None,None
153171,800000.0,,-19.8744686,-43.93191669999999,4,3,1,1.0,225.31,383.0,nordeste,Palmares,12/08/18,None,None
158252,800000.0,,-19.9300769179818,-43.94016861852418,4,3,1,1.0,339.8,1100.0,centro-sul,Lourdes,12/08/18,None,None
161250,800000.0,,-19.9628616,-43.95227829999999,4,3,1,1.0,239.44,800.0,centro-sul,São Bento,12/08/18,None,None
162699,800000.0,,-19.951064300000002,-43.955668300000006,4,1,1,1.0,370.0,1050.0,centro-sul,Luxemburgo,12/08/18,None,None
165109,800000.0,,-19.959439399999997,-43.93739819999996,3,3,1,1.0,110.0,800.0,centro-sul,Sion,12/08/18,None,None
165759,800000.0,,-19.886557999999997,-43.90574079999999,4,2,1,1.0,750.0,980.0,leste,Santa Inês,12/08/18,None,None
181399,800000.0,,-19.9355604,-43.9590154,4,4,1,1.0,140.76,500.0,oeste,Gutierrez,12/08/18,None,None
332079,800000.0,,-19.944399899999997,-43.91679249999999,3,2,1,1.0,453.19,1100.0,centro-sul,Serra,12/08/18,None,None
343343,800000.0,,-19.958382999999998,-43.9360969,4,3,2,1.0,241.75,700.0,centro-sul,Sion,12/08/18,None,None
351470,800000.0,,-19.8999023,-43.92136370000003,3,3,1,1.0,204.16,450.0,leste,Sagrada Família,12/08/18,None,None
352039,800000.0,,-19.896536800000003,-43.9278094,3,1,1,1.0,140.0,600.0,leste,Sagrada Família,12/08/18,None,None
359553,800000.0,,-19.931098199999997,-43.95085649999999,4,2,1,1.0,244.19,625.0,centro-sul,Santo Agostinho,12/08/18,None,None
366437,800000.0,,-19.9412831,-43.9644548,4,3,1,1.0,312.0,490.0,oeste,Grajaú,12/08/18,None,None
1610085,800000.0,,-19.978820000000002,-44.01585499999999,4,2,1,1.0,264.0,750.0,barreiro,Barreiro de Baixo,12/08/18,None,None
1838872,800000.0,,-19.889342000000003,-43.99424669999996,3,1,1,1.0,110.0,350.0,pampulha,Castelo,12/08/18,None,None
3234887,800000.0,,-19.942727899999998,-43.94241169999998,3,2,1,1.0,297.09,1000.0,centro-sul,Santo Antônio,12/08/18,None,None
3236468,800000.0,,-19.898309,-43.99573599999997,4,3,1,1.0,167.09,467.5,pampulha,Manacás,12/08/18,None,None
3240932,800000.0,,-19.939455300000002,-43.9606379,4,3,1,1.0,208.0,954.0,oeste,Gutierrez,12/08/18,None,None
3241043,800000.0,,-19.952582,-43.93048299999998,2,3,2,1.0,298.0,450.0,centro-sul,Sion,12/08/18,None,None
3251780,800000.0,,-19.978509,-43.97777529999996,4,2,1,1.0,213.0,900.0,oeste,Buritis,12/08/18,None,None
3255152,800000.0,,-19.9441431,-43.95872980000002,3,3,1,1.0,275.0,1130.0,oeste,Gutierrez,12/08/18,None,None
3257038,800000.0,,-19.9466133,-43.953413700000006,3,2,1,1.0,411.23,1027.0,centro-sul,Luxemburgo,12/08/18,None,None
87732,805000.0,,-19.9757562,-43.94479580000001,3,2,1,1.0,408.14,1150.0,centro-sul,Belvedere,12/08/18,None,None
6702,810000.0,,-19.9764937,-43.96668069999998,4,3,1,1.0,430.0,1200.0,oeste,Buritis,12/08/18,None,None
61065,810000.0,,-19.9110288,-43.929629600000005,3,3,1,1.0,146.96,901.82,leste,Sagrada Família,12/08/18,None,None
62875,810000.0,,-19.975086800000003,-43.940700799999995,3,2,1,1.0,512.53,980.0,centro-sul,Belvedere,12/08/18,None,None
353507,810000.0,,-19.9593355,-43.9377457,4,2,1,1.0,307.0,1700.0,centro-sul,Sion,12/08/18,None,None
354771,810000.0,,-19.886187,-43.98204190000001,4,4,2,1.0,306.0,200.0,pampulha,Ouro Preto,12/08/18,None,None
2452037,810000.0,,-19.935552100000002,-43.96121410000001,3,2,1,1.0,245.0,1300.0,oeste,Gutierrez,12/08/18,None,None
3235600,810000.0,,-19.9539354,-43.937254199999984,3,3,2,1.0,1.0,1.0,centro-sul,Sion,12/08/18,None,None
3241370,810000.0,,-19.9413572,-43.94241299999999,4,3,1,1.0,299.93,1667.8,centro-sul,Santo Antônio,12/08/18,None,None
3235601,815000.0,,-19.9539354,-43.937254199999984,3,3,2,1.0,1.0,1.0,centro-sul,Sion,12/08/18,None,None
133191,820000.0,,-19.8860417,-43.99541579999999,4,2,1,1.0,200.0,350.0,pampulha,Castelo,12/08/18,None,None
133521,820000.0,,-19.9278864,-43.95034079999999,3,3,1,1.0,373.0,770.0,centro-sul,Santo Agostinho,12/08/18,None,None
138304,820000.0,,-19.9513367,-43.93192370000003,3,2,1,1.0,262.0,864.6,centro-sul,Sion,12/08/18,None,None
160452,820000.0,,-19.94771,-43.93699300000003,3,3,1,2.0,244.0,1300.0,centro-sul,São Pedro,12/08/18,None,None
161707,820000.0,,-19.9506467,-43.92486280000003,4,2,1,2.0,325.0,800.0,centro-sul,Cruzeiro,12/08/18,None,None
360276,820000.0,,-19.898941100000002,-43.9247006,4,3,2,1.0,189.0,350.0,leste,Sagrada Família,12/08/18,None,None
371364,820000.0,,-19.9356215,-43.95668710000001,3,3,1,2.0,311.62,1000.0,oeste,Gutierrez,12/08/18,None,None
1527122,820000.0,,-19.946953699999998,-43.93267800000001,3,2,1,2.0,248.87,952.66,centro-sul,Sion,12/08/18,None,None
2233835,820000.0,,-19.96276,-43.93037040000002,4,2,1,2.0,384.36,1043.51,centro-sul,Sion,12/08/18,None,None
3238016,820000.0,,-19.9471108,-43.95209160000002,3,1,1,2.0,180.0,1300.0,centro-sul,Luxemburgo,12/08/18,None,None
3243943,820000.0,,-19.9470509,-43.93253099999998,3,2,1,2.0,188.27,350.0,centro-sul,Sion,12/08/18,None,None
3250784,820000.0,,-19.9518525,-43.931555900000035,3,2,1,2.0,308.0,500.0,centro-sul,Sion,12/08/18,None,None
3257822,820000.0,,-19.944874399999996,-43.928264300000016,3,3,1,2.0,318.09,670.0,centro-sul,Cruzeiro,12/08/18,None,None
3257944,820000.0,,-19.9912066,-43.99044889999999,4,2,1,2.0,265.0,900.0,centro-sul,Sion,12/08/18,None,None
143288,820183.95,,-19.926652999999998,-43.91638569999998,2,2,1,2.0,0.01,0.01,centro-sul,Santa Efigênia,12/08/18,None,None
3235054,824000.0,,-19.940017899999997,-43.965438000000006,4,3,1,2.0,10.0,10.0,oeste,Grajaú,12/08/18,None,None
128611,825000.0,,-19.962347,-43.96540579999999,4,3,1,1.0,287.88,991.17,oeste,Estoril,12/08/18,None,None
3252038,829553.25,,-19.9320198,-43.93394139999998,2,2,1,2.0,1.0,1.0,centro-sul,Savassi,12/08/18,None,None
169872,830000.0,,-19.929345,-43.92827310000001,3,2,1,2.0,275.6,700.0,centro-sul,Funcionários,12/08/18,None,None
223974,830000.0,,-19.9453795,-43.9316442,3,1,1,2.0,261.81,450.0,centro-sul,Carmo,12/08/18,None,None
359574,830000.0,,-19.935177,-43.92585400000002,3,3,1,1.0,190.0,700.0,centro-sul,Santa Efigênia,12/08/18,None,None
363244,830000.0,,-19.9406002,-43.91582170000004,4,4,2,1.0,244.83,900.0,centro-sul,Serra,12/08/18,None,None
744452,830000.0,,-19.9521343,-43.93677409999998,4,2,1,2.0,412.0,680.0,centro-sul,Sion,12/08/18,None,None
1574394,830000.0,,-19.872749,-43.92000890000003,4,3,2,3.0,271.45,930.0,nordeste,Fernão Dias,12/08/18,None,None
3250312,830000.0,,-19.9342924,-43.9312478,3,2,1,1.0,368.0,900.0,centro-sul,Santa Efigênia,12/08/18,None,None
48915,835000.0,,-19.8759159,-43.9807174,3,4,1,1.0,170.0,100.0,pampulha,Ouro Preto,12/08/18,None,None
130375,840000.0,,-19.9809563,-43.97458269999999,2,2,1,1.0,195.0,650.0,oeste,Buritis,12/08/18,None,None
142305,840000.0,,-19.9378087,-43.9597359,3,2,1,1.0,200.0,600.0,oeste,Gutierrez,12/08/18,None,None
163851,840000.0,,-19.883226,-44.00298599999997,3,2,1,1.0,0.01,0.01,pampulha,Castelo,12/08/18,None,None
340056,840000.0,,-19.931208399999996,-43.94700419999998,4,2,1,4.0,380.54,1500.0,centro-sul,Santo Agostinho,12/08/18,None,None
343295,840000.0,,-19.9474078,-43.94853080000002,3,2,1,1.0,0.01,1400.0,centro-sul,Santo Antônio,12/08/18,None,None
366826,840000.0,,-19.9274882,-43.91728309999996,4,1,1,1.0,293.0,1300.0,centro-sul,Santa Efigênia,12/08/18,None,None
1696632,840000.0,,-19.9417187,-43.9486756,3,2,1,1.0,312.0,1282.0,centro-sul,Santo Antônio,12/08/18,None,None
3241340,840000.0,,-19.9572649,-43.931661599999984,4,3,1,2.0,217.0,400.0,centro-sul,Sion,12/08/18,None,None
3242076,840000.0,,-19.9349546,-43.95962359999999,4,3,1,3.0,297.01,1000.0,oeste,Gutierrez,12/08/18,None,None
3251819,840000.0,,-19.9266984,-43.92159729999997,3,2,1,1.0,291.42,1270.0,leste,São Lucas,12/08/18,None,None
1834964,845000.0,,-19.8806681,-43.930984299999984,4,1,1,2.0,250.0,460.0,nordeste,Ipiranga,12/08/18,None,None
3258423,845000.0,,-19.9233184,-43.96524420000003,4,3,1,2.0,260.0,505.0,oeste,Prado,12/08/18,None,None
136323,846000.0,,-19.975320800000002,-43.96513210000001,4,3,1,2.0,281.25,450.0,oeste,Buritis,12/08/18,None,None
1609745,848000.0,,-19.9266837,-43.94212140000002,2,2,1,2.0,244.81,735.0,centro-sul,Lourdes,12/08/18,None,None
208952,849000.0,,-19.9691073,-43.95083199999999,4,2,1,2.0,505.0,650.0,centro-sul,Santa Lúcia,12/08/18,None,None
1527446,849900.0,,-19.9960637,-44.019008499999984,3,2,1,2.0,0.0,200.0,barreiro,Diamante(barreiro),12/08/18,None,None
6114,850000.0,,-19.944947,-43.95138810000003,4,2,1,3.0,295.41,621.0,centro-sul,Coração de Jesus,12/08/18,None,None
6607,850000.0,,-19.934432,-43.91871700000002,4,3,1,3.0,185.0,500.0,centro-sul,Serra,12/08/18,None,None
7372,850000.0,,-19.929689800000002,-43.93274959999997,3,2,1,3.0,243.49,890.0,centro-sul,Funcionários,12/08/18,None,None
7386,850000.0,,-19.8903483,-43.99646559999997,4,2,2,3.0,120.0,350.0,pampulha,Castelo,12/08/18,None,None
15020,850000.0,,-19.940528,-43.91664700000001,4,2,1,3.0,315.0,1800.0,centro-sul,Serra,12/08/18,None,None
43728,850000.0,,-19.959148199999998,-43.93766500000004,4,2,1,3.0,316.03,1600.0,centro-sul,Sion,12/08/18,None,None
45693,850000.0,,-19.9527815,-43.9495695,4,2,1,0.0,300.0,1100.0,centro-sul,Vila Paris,12/08/18,None,None
47626,850000.0,,-19.959116100000003,-43.93749909999997,3,2,1,1.0,193.76,570.0,centro-sul,Sion,12/08/18,None,None
52604,850000.0,,-19.952104000000002,-43.937312599999984,4,3,2,1.0,130.0,320.0,centro-sul,Sion,12/08/18,None,None
55409,850000.0,,-19.9424465,-43.94497339999998,4,2,1,1.0,280.0,720.0,centro-sul,Santo Antônio,12/08/18,None,None
57359,850000.0,,-19.9388289,-43.91471899999999,3,3,2,1.0,160.0,1000.0,centro-sul,Serra,12/08/18,None,None
58190,850000.0,,-19.9507622,-43.938300700000006,4,3,1,3.0,275.0,680.0,centro-sul,Sion,12/08/18,None,None
65198,850000.0,,-19.92122,-43.95020149999999,4,2,1,2.0,267.17,400.0,centro-sul,Santo Agostinho,12/08/18,None,None
133674,850000.0,,-19.920123999999998,-43.98579489999997,3,2,1,1.0,138.0,300.0,noroeste,Padre Eustáquio,12/08/18,None,None
133820,850000.0,,-19.923440600000003,-43.94161750000001,6,4,0,1.0,259.0,1440.0,centro-sul,Centro,12/08/18,None,None
136939,850000.0,,-19.951064300000002,-43.955668300000006,4,2,1,2.0,361.06,1100.0,centro-sul,Luxemburgo,12/08/18,None,None
148666,850000.0,,-19.924699800000003,-43.99006510000004,3,3,1,1.0,120.0,800.0,noroeste,Coração Eucarístico,12/08/18,None,None
162917,850000.0,,-19.9559169,-43.936217899999974,4,2,1,1.0,300.0,1950.0,centro-sul,Sion,12/08/18,None,None
172549,850000.0,,-19.9538117,-43.95143559999997,4,3,1,1.0,190.0,750.0,centro-sul,Vila Paris,12/08/18,None,None
173434,850000.0,,-19.939848,-43.96564100000001,4,3,1,1.0,267.0,680.0,oeste,Grajaú,12/08/18,None,None
206782,850000.0,,-19.9395093,-43.91869350000002,5,3,2,1.0,281.06,450.0,centro-sul,Serra,12/08/18,None,None
332537,850000.0,,-19.9749347,-43.94133169999998,1,1,1,1.0,375.0,600.0,centro-sul,Belvedere,12/08/18,None,None
335160,850000.0,,-19.9521642,-43.933316100000006,3,2,1,1.0,327.27,550.0,centro-sul,Sion,12/08/18,None,None
336402,850000.0,,-19.929398000000003,-43.93705399999999,4,1,1,1.0,200.0,660.0,centro-sul,Funcionários,12/08/18,None,None
344495,850000.0,,-19.876577800000003,-43.99846760000002,3,2,1,1.0,170.0,450.0,pampulha,Castelo,12/08/18,None,None
347261,850000.0,,-19.933061300000002,-43.9500003,3,3,1,1.0,298.11,950.0,centro-sul,Santo Agostinho,12/08/18,None,None
357763,850000.0,,-19.9337698,-43.92154849999997,4,3,2,1.0,278.5,704.0,centro-sul,Serra,12/08/18,None,None
360575,850000.0,,-19.9308992,-43.9684871,4,4,2,1.0,211.0,550.0,oeste,Prado,12/08/18,None,None
363398,850000.0,,-19.980765899999998,-43.97515569999996,3,2,1,1.0,324.27,990.0,oeste,Buritis,12/08/18,None,None
365141,850000.0,,-19.933547100000002,-43.93310250000002,2,2,1,1.0,312.84,660.0,centro-sul,Savassi,12/08/18,None,None
626925,850000.0,,-19.977134500000002,-44.0274609,4,3,2,1.0,300.0,540.0,barreiro,Barreiro de Baixo,12/08/18,None,None
938326,850000.0,,-19.9266453,-43.944665999999984,3,1,1,1.0,251.1,970.0,centro-sul,Lourdes,12/08/18,None,None
1118362,850000.0,,-19.8605086,-43.95301499999999,4,4,2,1.0,237.18,104.0,pampulha,Liberdade,12/08/18,None,None
1702509,850000.0,,-19.8771663,-43.98134440000001,4,2,1,1.0,158.0,400.0,pampulha,Ouro Preto,12/08/18,None,None
1831647,850000.0,,-19.9542237,-43.9474227,5,4,1,1.0,369.84,1175.0,centro-sul,São Bento,12/08/18,None,None
1834887,850000.0,,-19.930873100000003,-43.933862100000006,2,3,1,1.0,300.0,1100.0,centro-sul,Funcionários,12/08/18,None,None
2147584,850000.0,,-19.9416562,-43.92909689999999,4,3,1,1.0,311.25,1240.0,centro-sul,Cruzeiro,12/08/18,None,None
2222865,850000.0,,-19.866226,-43.91684989999999,4,2,1,1.0,303.27,360.0,nordeste,Pirajá,12/08/18,None,None
2525861,850000.0,,-19.991030399999996,-43.99039199999999,3,2,1,1.0,317.19,674.0,centro-sul,Sion,12/08/18,None,None
2800876,850000.0,,-19.8571871,-43.94572740000001,4,4,2,1.0,186.17,530.0,pampulha,Dona Clara,12/08/18,None,None
2888423,850000.0,,-19.891719600000002,-43.921551599999994,3,2,1,1.0,149.5,550.0,leste,Cidade Nova,12/08/18,None,None
3212083,850000.0,,-19.9515887,-43.93361629999998,4,3,1,1.0,360.93,650.0,centro-sul,Sion,12/08/18,None,None
3215039,850000.0,,-19.9410233,-43.917916900000016,3,3,2,1.0,172.08,450.0,centro-sul,Serra,12/08/18,None,None
3215288,850000.0,,-19.9349276,-43.95957150000004,4,3,1,2.0,283.18,900.0,oeste,Gutierrez,12/08/18,None,None
3235289,850000.0,,-20.0560699,-44.35822580000002,3,1,1,1.0,315.0,745.0,centro-sul,Lourdes,12/08/18,None,None
3241195,850000.0,,-19.9122638,-43.93457089999998,4,2,1,2.0,217.49,1000.0,leste,Floresta,12/08/18,None,None
3242279,850000.0,,-19.961335199999997,-43.9806787,3,3,1,2.0,297.0,592.0,oeste,Palmeiras,12/08/18,None,None
3243103,850000.0,,-19.8876268,-43.89277849999996,4,4,2,2.0,40.0,700.0,leste,Nova Vista,12/08/18,None,None
3243485,850000.0,,-19.8874456,-43.924103899999984,4,2,1,2.0,328.25,500.0,nordeste,União,12/08/18,None,None
3248231,850000.0,,-19.928518,-43.929012,4,2,1,2.0,322.0,700.0,centro-sul,Funcionários,12/08/18,None,None
3251137,850000.0,,-19.9421215,-43.95841059999998,4,3,1,2.0,226.0,803.0,oeste,Gutierrez,12/08/18,None,None
3251496,850000.0,,-19.925345800000002,-43.990567,4,2,1,2.0,251.33,700.0,noroeste,Coração Eucarístico,12/08/18,None,None
3251672,850000.0,,-19.9905002,-43.98933249999999,4,2,1,2.0,307.0,1600.0,centro-sul,Sion,12/08/18,None,None
3253199,850000.0,,-19.976256699999997,-43.94447980000001,3,1,1,1.0,512.0,980.0,centro-sul,Belvedere,12/08/18,None,None
3254100,850000.0,,-19.906595199999998,-43.91874940000002,3,1,1,2.0,181.79,306.8,leste,Sagrada Família,12/08/18,None,None
3257261,850000.0,,-19.9430796,-43.93003959999999,3,2,1,3.0,351.75,1200.0,centro-sul,Sion,12/08/18,None,None
3258029,850000.0,,-19.9530547,-43.95146620000003,4,2,1,2.0,267.0,1100.0,centro-sul,Vila Paris,12/08/18,None,None
33758,860000.0,,-19.898323,-43.91818940000002,3,3,1,2.0,128.69,250.0,leste,Sagrada Família,12/08/18,None,None
167558,860000.0,,-19.934043399999997,-43.93592960000001,3,2,1,2.0,2566.95,715.0,centro-sul,Funcionários,12/08/18,None,None
343795,860000.0,,-19.9767103,-44.01947020000001,4,4,1,3.0,226.8,350.0,barreiro,Barreiro de Baixo,12/08/18,None,None
351681,860000.0,,-19.895932100000003,-43.9287223,3,3,1,3.0,0.01,458.0,leste,Graça,12/08/18,None,None
358660,860000.0,,-19.928172,-43.9245085,3,3,1,4.0,500.52,1300.0,centro-sul,Santa Efigênia,12/08/18,None,None
3240066,860000.0,,-19.9476098,-43.93996959999998,4,4,2,2.0,297.49,575.0,centro-sul,São Pedro,12/08/18,None,None
14427,870000.0,,-19.9252913,-43.9451132,4,3,2,3.0,109.41,650.0,centro-sul,Lourdes,12/08/18,None,None
51404,870000.0,,-19.9202079,-43.951243500000025,3,2,1,3.0,185.0,500.0,centro-sul,Barro Preto,12/08/18,None,None
52902,870000.0,,-19.930930757566628,-43.92413375186766,3,2,1,2.0,195.63,750.0,centro-sul,Santa Efigênia,12/08/18,None,None
128284,870000.0,,-19.9465846,-43.94606249999998,5,3,1,2.0,190.0,600.0,centro-sul,Santo Antônio,12/08/18,None,None
137162,870000.0,,-19.9521565,-43.92613979999999,4,2,1,2.0,296.0,1100.0,centro-sul,Anchieta,12/08/18,None,None
207568,870000.0,,-19.9518421,-43.92494139999997,3,3,1,1.0,348.0,600.0,centro-sul,Anchieta,12/08/18,None,None
207736,870000.0,,-19.8825836,-43.92067050000003,3,2,1,2.0,324.0,300.0,nordeste,União,12/08/18,None,None
335824,870000.0,,-19.9332837,-43.92840280000002,3,2,1,2.0,352.73,660.0,centro-sul,Serra,12/08/18,None,None
350017,870000.0,,-19.9525845,-43.93750310000002,2,1,1,1.0,443.0,350.0,centro-sul,Sion,12/08/18,None,None
1534067,870000.0,,-19.9072754,-43.92171610000002,3,3,1,1.0,309.0,550.0,leste,Sagrada Família,12/08/18,None,None
3256546,870000.0,,-19.902064000000003,-43.97723320000001,4,3,1,2.0,198.0,720.0,norte,Adelaide,12/08/18,None,None
128009,871500.0,,-19.9420902,-43.93747559999997,2,2,1,2.0,1.0,450.0,centro-sul,São Pedro,12/08/18,None,None
3256873,875000.0,,-19.9713389,-43.9706832,4,3,1,2.0,431.33,1250.0,oeste,Buritis,12/08/18,None,None
146846,880000.0,,-19.8875743,-43.91996499999999,4,2,1,2.0,292.52,840.0,nordeste,União,12/08/18,None,None
152376,880000.0,,-19.869515,-43.93049200000002,4,4,2,1.0,236.0,400.0,nordeste,Palmares,12/08/18,None,None
165234,880000.0,,-19.9787042,-44.02452440000002,3,3,1,2.0,129.05,160.0,barreiro,Barreiro,12/08/18,None,None
166557,880000.0,,-19.9483456,-43.91832210000001,4,3,1,2.0,258.41,650.0,centro-sul,Serra,12/08/18,None,None
167467,880000.0,,-19.9158665,-43.98715329999999,3,3,1,1.0,237.7,250.0,noroeste,Padre Eustáquio,12/08/18,None,None
195434,880000.0,,-19.932712300000002,-43.93186639999999,3,2,1,1.0,362.47,980.0,centro-sul,Savassi,12/08/18,None,None
347828,880000.0,,-19.931051,-43.942669000000016,3,3,1,0.0,351.38,770.0,centro-sul,Lourdes,12/08/18,None,None
361158,880000.0,,-19.949189800000003,-43.94671490000002,4,2,1,0.0,249.16,600.0,centro-sul,Santo Antônio,12/08/18,None,None
1913650,880000.0,,-19.9782384,-43.97345919999998,4,3,1,0.0,425.0,650.0,oeste,Buritis,12/08/18,None,None
2401564,880000.0,,-19.8808125,-43.93071399999997,3,1,2,1.0,245.5,400.0,nordeste,União,12/08/18,None,None
3255852,885000.0,,-19.9403671,-43.93116920000001,3,3,1,1.0,300.83,715.0,centro-sul,Cruzeiro,12/08/18,None,None
23951,890000.0,,-19.9397138,-43.920054799999996,4,2,1,3.0,285.0,1300.0,centro-sul,Serra,12/08/18,None,None
39801,890000.0,,-19.9158102,-43.91043179999997,4,4,3,0.0,103.28,250.0,leste,Santa Tereza,12/08/18,None,None
45347,890000.0,,-19.9491935,-43.937857399999984,2,2,1,1.0,187.0,648.0,centro-sul,São Pedro,12/08/18,None,None
51926,890000.0,,-19.8722427,-43.935550499999984,3,4,1,1.0,232.26,350.0,nordeste,Palmares,12/08/18,None,None
53154,890000.0,,-19.931501,-43.92579090000004,3,2,1,1.0,245.65,1000.0,centro-sul,Funcionários,12/08/18,None,None
159012,890000.0,,-19.904475100000003,-43.97002889999999,4,4,2,1.0,300.0,700.0,noroeste,Caiçaras,12/08/18,None,None
172022,890000.0,,-19.9276014,-43.920504,3,2,2,1.0,300.0,700.0,centro-sul,Funcionários,12/08/18,None,None
181578,890000.0,,-19.9241663,-43.96320550000002,4,3,1,1.0,286.91,740.0,oeste,Prado,12/08/18,None,None
183582,890000.0,,-19.978794100000002,-43.978101099999996,4,3,1,3.0,270.0,800.0,oeste,Buritis,12/08/18,None,None
195663,890000.0,,-19.9581469,-43.93699119999997,4,3,2,3.0,232.0,935.0,centro-sul,Sion,12/08/18,None,None
338593,890000.0,,-19.927074800000003,-43.94595129999999,3,3,2,1.0,113.8,865.0,centro-sul,Lourdes,12/08/18,None,None
339707,890000.0,,-19.9418973,-43.92200809999997,3,2,1,2.0,311.0,1022.0,centro-sul,Serra,12/08/18,None,None
345964,890000.0,,-19.9373324,-43.95006180000002,4,4,2,3.0,236.0,457.0,oeste,Gutierrez,12/08/18,None,None
349821,890000.0,,-19.919511899999996,-43.98805329999999,3,3,1,1.0,319.16,580.0,noroeste,Minas Brasil,12/08/18,None,None
350758,890000.0,,-19.934689000000002,-43.91737000000001,3,2,1,1.0,296.53,1600.0,centro-sul,Serra,12/08/18,None,None
354719,890000.0,,-19.9588826,-43.93829529999999,4,2,1,1.0,370.0,1100.0,centro-sul,Sion,12/08/18,None,None
357908,890000.0,,-19.9465051,-43.93838619999997,4,3,1,1.0,205.0,1300.0,centro-sul,Santo Antônio,12/08/18,None,None
365553,890000.0,,-19.928536800000003,-43.92905329999997,4,2,1,1.0,322.0,700.0,centro-sul,Funcionários,12/08/18,None,None
1058756,890000.0,,-19.942466,-43.93981810000002,4,2,1,2.0,263.0,500.0,centro-sul,São Pedro,12/08/18,None,None
1529469,890000.0,,-19.9289743,-43.962373800000016,4,1,1,1.0,409.0,440.0,oeste,Prado,12/08/18,None,None
1677375,890000.0,,-19.9691174,-43.96820339999999,4,4,2,1.0,354.0,750.0,oeste,Estoril,12/08/18,None,None
1683702,890000.0,,-19.9377025,-43.9184558,3,2,1,2.0,250.0,970.0,centro-sul,Serra,12/08/18,None,None
3244424,890000.0,,-19.9205441,-43.98771920000002,3,3,1,2.0,251.0,600.0,noroeste,Minas Brasil,12/08/18,None,None
3246208,890000.0,,-19.9249585,-43.94727369999998,2,3,1,2.0,223.0,600.0,centro-sul,Santo Agostinho,12/08/18,None,None
3256994,890000.0,,-19.9358012,-43.96653049999998,4,4,2,2.0,251.25,300.0,oeste,Barroca,12/08/18,None,None
3246979,891228.0,,-19.929085699999998,-43.95610369999997,3,2,1,2.0,1.0,1.0,centro-sul,Santo Agostinho,12/08/18,None,None
337535,895000.0,,-19.9624992,-43.985369399999975,2,2,1,3.0,318.25,1000.0,centro-sul,Luxemburgo,12/08/18,None,None
345110,895000.0,,-19.9420958,-43.94016779999998,0,1,1,2.0,11.0,300.0,centro-sul,Santo Antônio,12/08/18,None,None
582001,895000.0,,-19.976005899999997,-43.964478199999974,4,4,2,2.0,322.18,1250.0,oeste,Estoril,12/08/18,None,None
1835955,895000.0,,-19.9766202,-43.96736279999999,4,4,2,2.0,325.45,850.0,oeste,Buritis,12/08/18,None,None
155893,896400.0,,-19.899872199999997,-43.967907399999994,4,3,1,3.0,120.0,600.0,noroeste,Caiçaras,12/08/18,None,None
3246980,898911.0,,-19.929085699999998,-43.95610369999997,3,2,1,3.0,1.0,1.0,centro-sul,Santo Agostinho,12/08/18,None,None
336417,899000.0,,-19.97073,-43.9711489,4,4,2,4.0,322.31,900.0,oeste,Buritis,12/08/18,None,None
357036,899000.0,,-19.9346252,-43.96405370000002,4,5,2,3.0,205.0,460.0,oeste,Gutierrez,12/08/18,None,None
362959,899000.0,,-19.9185193,-43.988807200000004,4,3,2,3.0,257.23,1400.0,noroeste,Minas Brasil,12/08/18,None,None
366326,899000.0,,-19.9792073,-43.97305,4,5,3,1.0,300.0,1100.0,oeste,Buritis,12/08/18,None,None
6223,900000.0,,-19.8773453,-43.99756350000001,4,1,1,2.0,150.0,340.0,pampulha,Pampulha,12/08/18,None,None
6971,900000.0,,-19.8881866,-43.92476099999999,3,2,2,2.0,243.79,630.0,leste,Cidade Nova,12/08/18,None,None
50794,900000.0,,-19.9166756,-43.93451519999997,4,2,1,2.0,257.0,495.0,centro-sul,Anchieta,12/08/18,None,None
57583,900000.0,,-19.9356958,-43.92916059999999,4,3,1,0.0,196.32,450.0,centro-sul,Savassi,12/08/18,None,None
65456,900000.0,,-19.950485500000003,-43.93104069999998,4,2,1,2.0,175.0,900.0,centro-sul,Sion,12/08/18,None,None
129550,900000.0,,-19.941626100000004,-43.94878080000001,4,3,1,2.0,361.0,1800.0,centro-sul,Santo Antônio,12/08/18,None,None
135640,900000.0,,-19.9341242,-43.95634640000003,4,3,1,2.0,180.0,1325.0,oeste,Gutierrez,12/08/18,None,None
139693,900000.0,,-19.950482,-43.95286479999999,3,2,1,2.0,333.0,350.0,centro-sul,Coração de Jesus,12/08/18,None,None
143626,900000.0,,-19.932798499999997,-43.916092600000006,4,3,1,2.0,135.52,1200.0,leste,São Lucas,12/08/18,None,None
152534,900000.0,,-19.9401997,-43.92530149999999,4,2,1,1.0,266.47,1160.0,centro-sul,Cruzeiro,12/08/18,None,None
161625,900000.0,,-19.9780005,-44.01639290000003,4,3,1,,229.5,650.0,barreiro,Barreiro,12/08/18,None,None
171965,900000.0,,-19.9441548,-43.9413778,4,2,1,,390.0,1250.0,centro-sul,Santo Antônio,12/08/18,None,None
174608,900000.0,,-19.8752022,-43.98272829999996,4,5,2,,120.0,400.0,pampulha,Ouro Preto,12/08/18,None,None
187116,900000.0,,-19.957394,-43.93114930000002,3,2,1,,334.0,900.0,centro-sul,Sion,12/08/18,None,None
356174,900000.0,,-19.9397218,-43.96743240000001,3,3,1,,180.0,750.0,oeste,Grajaú,12/08/18,None,None
471413,900000.0,,-19.8933343,-43.9308431,4,3,1,,263.42,1400.0,nordeste,Silveira,12/08/18,None,None
626927,900000.0,,-19.9766755,-44.0290551,3,2,1,,182.0,338.0,barreiro,Barreiro de Baixo,12/08/18,None,None
1808180,900000.0,,-19.955855300000003,-43.93625320000001,4,3,1,,330.0,700.0,centro-sul,Sion,12/08/18,None,None
1865352,900000.0,,-19.8844163,-43.9244928,4,1,1,,360.0,1100.0,leste,Cidade Nova,12/08/18,None,None
2160561,900000.0,,-19.887203200000002,-43.92053490000001,4,2,1,,297.9,750.0,nordeste,União,12/08/18,None,None
3215078,900000.0,,-19.9341338,-43.93141279999998,2,3,1,,210.0,600.0,centro-sul,Savassi,12/08/18,None,None
3235081,900000.0,,-19.945894662065896,-43.93639218518069,3,3,1,,295.0,580.0,centro-sul,São Pedro,12/08/18,None,None
3236116,900000.0,,-19.9495407,-43.957136799999994,2,3,1,,271.67,480.0,centro-sul,Luxemburgo,12/08/18,None,None
3241604,900000.0,,-19.9572903,-43.9367297,2,2,1,,250.25,650.0,centro-sul,Sion,12/08/18,None,None
3241951,900000.0,,-19.9424293,-43.92995719999999,4,2,1,,372.29,720.0,centro-sul,Cruzeiro,12/08/18,None,None
3246786,900000.0,,-19.9280228,-43.99194299999999,4,2,1,,301.69,550.0,noroeste,Coração Eucarístico,12/08/18,None,None
3248265,900000.0,,-19.9277799,-43.924022000000036,3,2,1,,297.0,1071.0,centro-sul,Santa Efigênia,12/08/18,None,None
3253468,900000.0,,-19.948725500000002,-43.94488960000001,4,2,1,,180.0,900.0,centro-sul,São Pedro,12/08/18,None,None
3254471,900000.0,,-19.9451307,-43.93414659999996,3,2,1,,256.41,1006.4,centro-sul,Carmo,12/08/18,None,None
155904,901930.0,,-19.899872199999997,-43.967907399999994,4,3,1,,120.0,600.0,noroeste,Caiçaras,12/08/18,None,None
11261,903000.0,,-19.966499,-43.966755000000035,4,4,1,,449.88,800.0,oeste,Buritis,12/08/18,None,None
3242633,905000.0,,-19.9794615,-44.0252524,3,2,1,,177.0,210.0,barreiro,Barreiro,12/08/18,None,None
3246982,906594.0,,-19.929085699999998,-43.95610369999997,3,2,1,,1.0,1.0,centro-sul,Santo Agostinho,12/08/18,None,None
169785,910000.0,,-19.9287087,-43.945295699999974,4,3,1,,251.0,800.0,centro-sul,Lourdes,12/08/18,None,None
2340204,910000.0,,-19.9454961,-43.93632059999999,3,2,1,,295.41,1450.0,centro-sul,São Pedro,12/08/18,None,None
366702,910570.0,,-19.968884,-43.965845,4,2,1,,0.01,1.0,oeste,Estoril,12/08/18,None,None
333750,911000.0,,-19.9518192,-43.92905429999996,3,2,1,,263.49,300.0,centro-sul,Anchieta,12/08/18,None,None
3246995,914277.0,,-19.929085699999998,-43.95610369999997,3,2,1,,1.0,1.0,centro-sul,Santo Agostinho,12/08/18,None,None
67203,920000.0,,-19.932628,-43.92646500000001,3,2,1,,326.76,840.0,centro-sul,Funcionários,12/08/18,None,None
301995,920000.0,,-19.835736100000002,-43.962965699999984,3,2,2,,250.0,900.0,pampulha,Itapoã,12/08/18,None,None
343015,920000.0,,-19.874593616815027,-43.93116940898437,3,2,1,,283.98,600.0,nordeste,Palmares,12/08/18,None,None
343391,920000.0,,-19.8883923,-43.932729,4,2,2,,257.86,500.0,nordeste,Silveira,12/08/18,None,None
348047,920000.0,,-19.956537,-43.93732549999999,4,2,1,,205.67,950.0,centro-sul,Sion,12/08/18,None,None
622847,920000.0,,-19.953974,-43.93445889999998,4,2,1,,350.0,1150.0,centro-sul,Sion,12/08/18,None,None
997282,920000.0,,-19.9297742,-43.9440808,3,2,1,,414.79,604.19,centro-sul,Lourdes,12/08/18,None,None
1534390,920000.0,,-19.9537896,-43.93443430000002,3,2,2,,384.81,996.0,centro-sul,Sion,12/08/18,None,None
1845911,920000.0,,-19.8883923,-43.932729,4,2,2,,265.0,500.0,nordeste,Silveira,12/08/18,None,None
2791181,920000.0,,-19.900594,-43.96843890000002,4,3,1,,110.0,600.0,noroeste,Caiçaras,12/08/18,None,None
3252409,920000.0,,-19.934254,-43.954883,3,1,1,,300.0,690.0,oeste,Gutierrez,12/08/18,None,None
3257404,920000.0,,-19.952357,-43.925906,4,3,1,,233.0,600.0,centro-sul,Anchieta,12/08/18,None,None
3246925,923545.0,,-19.929085699999998,-43.95610369999997,2,2,1,,1.0,1.0,centro-sul,Santo Agostinho,12/08/18,None,None
366700,928760.0,,-19.968884,-43.965845,4,2,1,,1.0,1.0,oeste,Estoril,12/08/18,None,None
29764,930000.0,,-19.973482,-43.97154279999995,4,4,2,,385.0,850.0,oeste,Buritis,12/08/18,None,None
147759,930000.0,,-19.935692899999996,-43.92954140000001,5,4,1,,270.0,420.0,centro-sul,Funcionários,12/08/18,None,None
167369,930000.0,,-19.8761317,-43.93511319999999,4,2,1,,4000.0,800.0,nordeste,Palmares,12/08/18,None,None
168306,930000.0,,-19.944256600000003,-43.92934339999999,3,2,1,,425.58,1100.0,centro-sul,Cruzeiro,12/08/18,None,None
1995753,930000.0,,-19.9273611,-43.917683099999984,4,3,1,,225.81,1000.0,centro-sul,Santa Efigênia,12/08/18,None,None
3239039,930000.0,,-19.9910084,-43.99034140000003,4,2,1,,419.71,1200.0,centro-sul,Sion,12/08/18,None,None
3245576,930000.0,,-20.011584399999997,-44.03723939999998,4,2,1,,250.0,500.0,noroeste,Minas Brasil,12/08/18,None,None
333777,932300.0,,-19.9518192,-43.92905429999996,3,2,1,,263.49,300.0,centro-sul,Anchieta,12/08/18,None,None
141639,934000.0,,-19.882090899999998,-43.99821550000002,4,1,1,,90.0,300.0,pampulha,Castelo,12/08/18,None,None
140781,935000.0,,-19.9362878,-43.95721449999997,4,3,1,,254.0,1000.0,oeste,Gutierrez,12/08/18,None,None
172878,935000.0,,-19.9474983,-43.92780879999998,4,2,1,,349.0,280.0,centro-sul,Anchieta,12/08/18,None,None
363202,935000.0,,-19.8817501,-44.00313169999998,4,2,1,,150.0,400.0,pampulha,Castelo,12/08/18,None,None
139648,939000.0,,-19.9728204,-43.96643670000003,5,3,1,,382.89,976.0,oeste,Buritis,12/08/18,None,None
143776,940000.0,,-19.943819899999998,-43.95111550000002,4,2,1,,385.0,1100.0,centro-sul,Cidade Jardim,12/08/18,None,None
156307,940000.0,,-19.9614889,-43.94818959999998,4,3,1,,270.79,1500.0,centro-sul,Santa Lúcia,12/08/18,None,None
331508,940000.0,,-19.9185794,-43.97672019999999,4,2,1,,286.81,650.0,noroeste,Padre Eustáquio,12/08/18,None,None
8633,945000.0,,-19.9496265,-43.954186299999996,4,4,1,,337.65,500.0,centro-sul,Luxemburgo,12/08/18,None,None
40431,945000.0,,-19.952476100000002,-43.93996149999998,4,3,2,,188.87,625.0,centro-sul,São Pedro,12/08/18,None,None
1603177,945000.0,,-19.9315687,-43.96542030000001,4,4,1,,260.0,700.0,oeste,Barroca,12/08/18,None,None
1382410,949000.0,,-19.9276858,-43.95340119999997,4,1,1,,322.0,550.0,centro-sul,Santo Agostinho,12/08/18,None,None
6448,950000.0,,-19.972135,-43.97025239999999,4,1,2,,450.0,550.0,oeste,Buritis,12/08/18,None,None
45373,950000.0,,-19.947383,-43.961118899999974,4,3,1,,232.0,900.0,oeste,Morro das Pedras,12/08/18,None,None
48318,950000.0,,-19.941626199999998,-43.94875539999998,3,2,1,,326.68,1200.0,centro-sul,Santo Antônio,12/08/18,None,None
146567,950000.0,,-19.9352443,-43.92256380000003,4,2,1,,250.0,1200.0,centro-sul,Serra,12/08/18,None,None
161002,950000.0,,-19.926002399999998,-43.9471532,3,2,1,,170.0,520.0,centro-sul,Santo Agostinho,12/08/18,None,None
170831,950000.0,,-19.929937300000002,-43.94737499999997,3,2,1,,381.54,1700.0,centro-sul,Lourdes,12/08/18,None,None
276922,950000.0,,-19.877714899999997,-43.99798120000003,4,1,1,,219.0,650.0,pampulha,Castelo,12/08/18,None,None
332482,950000.0,,-19.9598093,-43.93057809999999,4,2,1,,456.95,1600.0,centro-sul,Sion,12/08/18,None,None
334143,950000.0,,-19.936785399999998,-43.9599088,3,2,1,,186.4,470.0,oeste,Gutierrez,12/08/18,None,None
349988,950000.0,,-19.9525845,-43.93750310000002,2,1,1,,443.0,350.0,centro-sul,Sion,12/08/18,None,None
351789,950000.0,,-19.946410500000002,-43.955328899999984,4,2,1,,379.77,1143.45,centro-sul,Luxemburgo,12/08/18,None,None
356345,950000.0,,-19.9267293,-43.9637156,3,4,1,,260.0,400.0,oeste,Prado,12/08/18,None,None
390905,950000.0,,-19.9487505,-43.92883089999998,3,2,1,,405.47,650.0,centro-sul,Sion,12/08/18,None,None
397896,950000.0,,-19.945195000000002,-43.92775799999998,3,2,2,,324.12,1050.0,centro-sul,Cruzeiro,12/08/18,None,None
1580204,950000.0,,-19.936904288039685,-43.959277238098146,4,2,1,,322.51,1500.0,oeste,Gutierrez,12/08/18,None,None
1602879,950000.0,,-19.9686794,-43.96807260000003,4,1,1,,600.0,990.0,oeste,Buritis,12/08/18,None,None
1686128,950000.0,,-19.939201,-43.94650679999995,3,4,2,,3795.0,680.0,centro-sul,Santo Antônio,12/08/18,None,None
2765690,950000.0,,-19.903416600000003,-43.97131739999998,3,1,1,,188.4,800.0,noroeste,Caiçaras,12/08/18,None,None
3243955,950000.0,,-19.836934,-43.96004199999999,4,4,2,,188.0,580.0,pampulha,Itapoã,12/08/18,None,None
3249353,950000.0,,-19.9728053,-43.96524320000003,5,4,2,,310.0,950.0,oeste,Buritis,12/08/18,None,None
3251697,950000.0,,-19.9329402,-43.926059599999974,3,3,1,,302.0,1300.0,centro-sul,Funcionários,12/08/18,None,None
3256562,950000.0,,-19.906938600000004,-43.97265229999999,3,3,1,,314.0,700.0,noroeste,Caiçaras,12/08/18,None,None
3258314,950000.0,,-19.938861,-43.92212000000001,4,3,2,,2503.11,1152.52,centro-sul,Serra,12/08/18,None,None
147778,951000.0,,-19.9745669,-43.9653123,4,3,2,,274.05,1100.0,oeste,Buritis,12/08/18,None,None
188732,952000.0,,-19.9519555,-43.92927499999996,3,3,1,,263.49,300.0,centro-sul,Anchieta,12/08/18,None,None
169885,955000.0,,-19.946279,-43.936777000000006,3,2,1,,1.0,300.0,centro-sul,São Pedro,12/08/18,None,None
363032,959000.0,,-19.9785025,-43.9744705,3,2,1,,275.0,500.0,oeste,Buritis,12/08/18,None,None
3247000,959643.0,,-19.929085699999998,-43.95610369999997,3,2,1,,1.0,1.0,centro-sul,Santo Agostinho,12/08/18,None,None
51608,960000.0,,-19.9139245,-43.93230900000003,3,3,3,,200.0,600.0,centro-sul,Santa Efigênia,12/08/18,None,None
124858,960000.0,,-19.871304199999997,-43.98063569999999,3,3,2,,100.0,420.0,pampulha,Ouro Preto,12/08/18,None,None
155983,960000.0,,-19.9454315,-43.9578626,4,2,1,,267.0,900.0,oeste,Gutierrez,12/08/18,None,None
162891,960000.0,,-19.9587753,-43.93824649999999,4,1,1,,315.07,1100.0,centro-sul,Sion,12/08/18,None,None
162916,960000.0,,-19.959264800000003,-43.9369873,4,1,1,,315.07,1100.0,centro-sul,Sion,12/08/18,None,None
170086,960000.0,,-19.9431544,-43.920872900000006,3,3,1,,0.01,550.0,centro-sul,Serra,12/08/18,None,None
186591,960000.0,,-19.933367,-43.9277717,3,2,1,,366.03,800.0,centro-sul,Funcionários,12/08/18,None,None
313254,960000.0,,-19.93869,-43.93380000000002,4,2,1,,242.0,780.0,centro-sul,Savassi,12/08/18,None,None
331995,960000.0,,-19.973119399999998,-43.97067709999999,4,5,2,,558.0,500.0,oeste,Buritis,12/08/18,None,None
334470,960000.0,,-19.9458336,-43.92888549999998,3,2,1,,225.0,225.0,centro-sul,Cruzeiro,12/08/18,None,None
334471,960000.0,,-19.9458336,-43.92888549999998,3,2,1,,225.0,225.0,centro-sul,Cruzeiro,12/08/18,None,None
344914,960000.0,,-19.957929,-43.9408163,4,2,1,,326.0,1100.0,centro-sul,Sion,12/08/18,None,None
353047,960000.0,,-19.919601699999998,-43.92699529999999,4,2,1,,245.51,926.0,leste,Floresta,12/08/18,None,None
359840,960000.0,,-19.9284937,-43.92904269999997,4,3,1,,324.0,700.0,centro-sul,Funcionários,12/08/18,None,None
1517725,960000.0,,-19.94586,-43.943632999999984,4,2,0,,225.86,650.0,centro-sul,São Pedro,12/08/18,None,None
3238304,960000.0,,-19.9236805,-43.9427766,3,1,1,,390.0,976.0,centro-sul,Lourdes,12/08/18,None,None
3238495,960000.0,,-19.9282255,-43.92463299999997,3,2,1,,419.0,1200.0,centro-sul,Funcionários,12/08/18,None,None
14296,962532.39,,-19.9265175,-43.9387734,3,2,1,,290.0,630.0,centro-sul,Lourdes,12/08/18,None,None
34990,962532.39,,-19.929127899999997,-43.94325320000002,3,2,1,,290.0,630.0,centro-sul,Lourdes,12/08/18,None,None
366698,965100.0,,-19.968884,-43.965845,4,2,1,,1.0,0.01,oeste,Estoril,12/08/18,None,None
9855,970000.0,,-19.968077899999997,-43.96984689999999,5,2,1,,400.0,1100.0,oeste,Buritis,12/08/18,None,None
34633,970000.0,,-19.9458883,-43.919492299999995,4,4,1,,313.0,480.0,centro-sul,Serra,12/08/18,None,None
357152,970000.0,,-19.9366655,-43.967672799999995,4,5,2,,324.59,900.0,oeste,Grajaú,12/08/18,None,None
359068,970000.0,,-19.926055899999998,-43.96855060000002,3,2,1,,176.0,460.0,oeste,Prado,12/08/18,None,None
365235,970000.0,,-19.925961100000002,-43.947578799999974,3,3,2,,392.0,800.0,centro-sul,Santo Agostinho,12/08/18,None,None
616443,970000.0,,-19.9460502,-43.92558830000002,3,3,1,,1.0,1.0,centro-sul,Cruzeiro,12/08/18,None,None
1735197,970000.0,,-19.9282255,-43.92463299999997,3,3,1,,500.0,1300.0,centro-sul,Funcionários,12/08/18,None,None
2103013,970000.0,,-19.9430491,-43.9486551,3,1,1,,278.95,611.59,centro-sul,Santo Antônio,12/08/18,None,None
357079,971000.0,,-19.9374109,-43.9696265,4,5,2,,100.0,200.0,oeste,Nova Granada,12/08/18,None,None
1517736,973737.75,,-19.9361239,-43.92269520000002,3,2,1,,547.97,800.0,centro-sul,Serra,12/08/18,None,None
171597,975000.0,,-19.9420027,-43.9155141,4,3,2,,253.0,1193.0,centro-sul,Serra,12/08/18,None,None
1019211,975840.0,,-19.968912300000003,-43.965824399999974,4,2,1,,1.0,1.0,oeste,Estoril,12/08/18,None,None
365460,979000.0,,-19.9237605,-43.96048350000001,4,2,1,,255.0,550.0,oeste,Prado,12/08/18,None,None
5883,980000.0,,-19.9333165,-43.92334349999999,4,1,1,,254.61,1000.0,centro-sul,Serra,12/08/18,None,None
42261,980000.0,,-19.947167,-43.95773889999998,4,3,1,,314.0,800.0,centro-sul,Luxemburgo,12/08/18,None,None
136645,980000.0,,-19.9490421,-43.930252199999984,4,2,1,,294.6,911.0,centro-sul,Anchieta,12/08/18,None,None
162307,980000.0,,-19.9295186,-43.927747700000005,4,2,1,,421.0,1500.0,centro-sul,Funcionários,12/08/18,None,None
174830,980000.0,,-19.9593477,-43.93681549999997,4,2,1,,225.0,984.0,centro-sul,Sion,12/08/18,None,None
270886,980000.0,,-19.944154,-43.95429469999999,4,2,1,,543.0,1100.0,centro-sul,Luxemburgo,12/08/18,None,None
336551,980000.0,,-19.8583433,-43.95431439999999,4,4,2,,0.01,0.01,pampulha,Liberdade,12/08/18,None,None
353537,980000.0,,-19.952161,-43.92728499999998,3,2,1,,353.15,855.0,centro-sul,Anchieta,12/08/18,None,None
414645,980000.0,,-19.9274514,-43.9286664,4,2,1,,450.0,930.0,centro-sul,Funcionários,12/08/18,None,None
605206,980000.0,,-19.938419500000002,-43.92129950000003,4,3,2,,255.0,1450.0,centro-sul,Serra,12/08/18,None,None
1754742,980000.0,,-19.941528299999998,-43.94359910000003,3,1,1,,323.23,560.0,centro-sul,Santo Antônio,12/08/18,None,None
1831750,980000.0,,-19.9320025,-43.9339377,3,2,1,,319.04,1600.0,centro-sul,Savassi,12/08/18,None,None
2702631,980000.0,,-19.952857,-43.93117289999998,4,2,1,,438.87,790.0,centro-sul,Sion,12/08/18,None,None
3240065,980000.0,,-19.8938569,-43.930457400000016,4,0,0,,278.58,1400.0,nordeste,Silveira,12/08/18,None,None
3242240,980000.0,,-19.944204,-43.93782429999999,4,2,1,,489.41,1500.0,centro-sul,Savassi,12/08/18,None,None
3250950,980000.0,,-19.955761300000002,-43.939535200000016,3,3,2,,315.0,980.0,centro-sul,Sion,12/08/18,None,None
3252320,980000.0,,-19.932254999999998,-43.93131340000002,3,2,1,,383.0,1350.0,centro-sul,Funcionários,12/08/18,None,None
3254690,980000.0,,-19.891112600000003,-43.9328003,4,3,1,,120.0,550.0,nordeste,Silveira,12/08/18,None,None
169899,985000.0,,-19.946279,-43.936777000000006,3,2,1,,1.0,350.0,centro-sul,São Pedro,12/08/18,None,None
2441137,985000.0,,-19.886306,-43.92634859999998,4,3,1,,331.86,600.0,nordeste,União,12/08/18,None,None
9329,990000.0,,-19.9491354,-43.92126819999999,5,1,1,,372.0,450.0,centro-sul,Anchieta,12/08/18,None,None
27307,990000.0,,-19.9428703,-43.94233259999999,4,2,1,,245.0,600.0,centro-sul,Santo Antônio,12/08/18,None,None
52326,990000.0,,-19.9523865,-43.94824940000001,3,2,1,,465.0,2360.0,centro-sul,Santa Lúcia,12/08/18,None,None
53164,990000.0,,-19.956961,-43.93819229999997,4,3,1,,216.7,980.0,centro-sul,Sion,12/08/18,None,None
57585,990000.0,,-19.9381983,-43.925767399999984,4,2,1,,379.43,770.0,centro-sul,Serra,12/08/18,None,None
145595,990000.0,,-19.944051100000003,-43.94804110000001,4,2,1,,325.0,1300.0,centro-sul,Santo Antônio,12/08/18,None,None
174521,990000.0,,-19.9313071,-43.93696729999999,1,3,1,,540.0,800.0,centro-sul,Savassi,12/08/18,None,None
335913,990000.0,,-19.9438341,-43.95873240000003,4,2,1,,324.88,1500.0,oeste,Gutierrez,12/08/18,None,None
346633,990000.0,,-19.963434200000002,-44.05125859999998,4,2,1,,415.0,1320.0,centro-sul,Sion,12/08/18,None,None
347591,990000.0,,-19.939273899999996,-43.9224274,4,2,1,,0.01,700.0,centro-sul,Serra,12/08/18,None,None
349847,990000.0,,-19.9366645,-43.9569166,4,2,1,,264.0,1420.0,oeste,Gutierrez,12/08/18,None,None
353516,990000.0,,-19.880571600000003,-43.93128179999997,4,1,1,,270.0,400.0,nordeste,União,12/08/18,None,None
355536,990000.0,,-19.8999827,-43.923558800000016,3,2,1,,247.0,350.0,leste,Sagrada Família,12/08/18,None,None
357852,990000.0,,-19.937403,-43.921892100000036,4,3,1,,177.3,450.0,centro-sul,Serra,12/08/18,None,None
362846,990000.0,,-19.940639899999997,-43.9293356,3,3,2,,280.0,1085.0,centro-sul,Cruzeiro,12/08/18,None,None
731133,990000.0,,-19.934662300000003,-43.92146779999996,4,4,1,,267.52,458.0,centro-sul,Serra,12/08/18,None,None
786662,990000.0,,-19.9368822,-43.93116599999996,4,3,1,,440.0,1400.0,centro-sul,Savassi,12/08/18,None,None
1034088,990000.0,,-19.8588503,-43.95397359999998,4,2,2,,476.81,650.0,pampulha,Liberdade,12/08/18,None,None
1517694,990000.0,,-19.948501999999998,-43.945310000000006,5,4,2,,226.0,795.0,centro-sul,Santo Antônio,12/08/18,None,None
1676723,990000.0,,-19.937382999999997,-43.94700790000002,4,3,1,,239.0,1350.0,centro-sul,Santo Antônio,12/08/18,None,None
1831753,990000.0,,-19.9706314,-43.97263699999996,4,3,1,,493.0,900.0,oeste,Buritis,12/08/18,None,None
2066626,990000.0,,-19.9665854,-43.965553,4,4,2,,284.84,1350.0,oeste,Buritis,12/08/18,None,None
3257012,990000.0,,-19.939052,-43.920150000000035,4,2,1,,497.0,1700.0,centro-sul,Serra,12/08/18,None,None
366697,990875.0,,-19.968884,-43.965845,4,2,1,,1.0,1.0,oeste,Estoril,12/08/18,None,None
1519755,991465.2,,-19.956174899999997,-43.938944299999996,3,2,1,,1.0,1.0,centro-sul,Sion,12/08/18,None,None
616435,992000.0,,-19.9460502,-43.92558830000002,3,3,1,,1.0,1.0,centro-sul,Cruzeiro,12/08/18,None,None
616439,992000.0,,-19.9460502,-43.92558830000002,3,3,1,,1.0,1.0,centro-sul,Cruzeiro,12/08/18,None,None
616440,992000.0,,-19.9460502,-43.92558830000002,3,3,1,,1.0,1.0,centro-sul,Cruzeiro,12/08/18,None,None
363810,995000.0,,-19.9776395,-43.96311960000003,4,5,2,,430.0,400.0,oeste,Estoril,12/08/18,None,None
494237,995000.0,,-19.9430161,-43.9478924,4,3,1,,190.0,700.0,centro-sul,Santo Antônio,12/08/18,None,None
3189557,995000.0,,-22.223124600000002,-45.93612810000002,3,2,1,,424.45,980.0,centro-sul,São Pedro,12/08/18,None,None
3240000,995000.0,,-19.9289193,-43.92334279999999,4,2,1,,219.0,1060.0,centro-sul,Funcionários,12/08/18,None,None
1018283,995100.0,,-19.968912300000003,-43.965824399999974,4,2,1,,1.0,1.0,oeste,Estoril,12/08/18,None,None
144053,998000.0,,-19.9481962,-43.94442090000001,4,4,2,,383.25,1450.0,centro-sul,Santo Antônio,12/08/18,None,None
352294,998000.0,,-19.910866100000003,-43.91400240000002,4,1,1,,272.33,400.0,leste,Santa Tereza,12/08/18,None,None
1518198,998437.6,,-19.937625,-43.92197399999998,3,2,1,,547.97,800.0,centro-sul,Serra,12/08/18,None,None
166563,999000.0,,-19.972454,-43.96641699999998,4,2,4,,324.37,550.0,oeste,Buritis,12/08/18,None,None
167107,999000.0,,-19.9448168,-43.95420590000003,4,3,1,,361.0,1000.0,centro-sul,Luxemburgo,12/08/18,None,None
340012,999000.0,,-19.9518192,-43.92905429999996,3,2,1,,347.0,300.0,centro-sul,Anchieta,12/08/18,None,None
352551,999000.0,,-19.8773801,-43.981741400000026,4,1,2,,310.67,1170.0,pampulha,Ouro Preto,12/08/18,None,None
1895371,999000.0,,-19.931679000000003,-43.963956,4,4,2,,252.0,250.0,oeste,Barroca,12/08/18,None,None
9177,1000000.0,,-19.956081,-43.9372237,4,3,1,,285.0,950.0,centro-sul,Sion,12/08/18,None,None
20789,1000000.0,,-19.946801999999998,-43.942125000000026,4,2,1,,233.0,1200.0,centro-sul,Santo Antônio,12/08/18,None,None
32192,1000000.0,,-19.935934,-43.96964600000001,4,1,1,,203.6,850.0,oeste,Barroca,12/08/18,None,None
58657,1000000.0,,-19.957581100000002,-43.93973740000001,4,2,1,,220.0,850.0,centro-sul,Sion,12/08/18,None,None
65298,1000000.0,,-19.9698127,-43.96974109999997,3,2,1,,289.23,1084.0,oeste,Buritis,12/08/18,None,None
141436,1000000.0,,-19.9403402,-43.925526100000006,4,3,1,,171.0,850.0,centro-sul,Serra,12/08/18,None,None
161410,1000000.0,,-19.9437289,-43.93768879999999,4,3,1,,350.0,1550.0,centro-sul,São Pedro,12/08/18,None,None
342210,1000000.0,,-19.942930399999998,-43.93948039999998,4,2,1,,431.42,1500.0,centro-sul,São Pedro,12/08/18,None,None
349417,1000000.0,,-19.923369,-43.98907299999996,3,4,1,,2.7,400.0,noroeste,Coração Eucarístico,12/08/18,None,None
354787,1000000.0,,-19.9293235,-43.94022210000003,4,3,1,,230.0,850.0,centro-sul,Lourdes,12/08/18,None,None
361062,1000000.0,,-19.8814718,-43.994269799999984,4,3,1,,260.0,1200.0,pampulha,Castelo,12/08/18,None,None
363151,1000000.0,,-19.9393691,-43.922794100000026,4,2,1,,440.0,1700.0,centro-sul,Serra,12/08/18,None,None
363263,1000000.0,,-19.9404745,-43.92450780000002,4,3,2,,360.0,1150.0,centro-sul,Serra,12/08/18,None,None
1656648,1000000.0,,-19.9425199,-43.923273,4,2,1,,508.1,800.0,centro-sul,Serra,12/08/18,None,None
3238743,1000000.0,,-19.928934299999998,-43.9396835,3,2,1,,416.68,1500.0,centro-sul,Lourdes,12/08/18,None,None
3243765,1000000.0,,-19.8980338,-43.92304830000001,4,3,1,,247.0,900.0,leste,Sagrada Família,12/08/18,None,None
3249841,1000000.0,,-19.931179,-43.931532,3,3,1,,482.74,750.0,centro-sul,Savassi,12/08/18,None,None
3255982,1000000.0,,-19.945667800000003,-43.92577489999997,4,3,1,,352.44,620.0,centro-sul,Cruzeiro,12/08/18,None,None
51295,1003997.2,,-19.9275132,-43.9405261,3,2,1,,350.0,580.0,centro-sul,Centro,12/08/18,None,None
140698,1010000.0,,-19.9370275,-43.91920519999997,3,3,1,,309.28,658.0,centro-sul,Serra,12/08/18,None,None
334472,1010000.0,,-19.9458336,-43.92888549999998,3,2,1,,225.0,225.0,centro-sul,Cruzeiro,12/08/18,None,None
334473,1010000.0,,-19.9458336,-43.92888549999998,3,2,1,,225.0,225.0,centro-sul,Cruzeiro,12/08/18,None,None
616929,1010000.0,,-19.9460502,-43.92558830000002,3,3,1,,1.0,1.0,centro-sul,Cruzeiro,12/08/18,None,None
616930,1010000.0,,-19.9460502,-43.92558830000002,3,3,1,,1.0,1.0,centro-sul,Cruzeiro,12/08/18,None,None
1941504,1010000.0,,-19.923035100000003,-43.93969129999999,3,4,1,,396.45,980.0,centro-sul,Lourdes,12/08/18,None,None
1018284,1014360.0,,-19.968912300000003,-43.965824399999974,4,2,2,,1.0,1.0,oeste,Estoril,12/08/18,None,None
164469,1015000.0,,-19.973883999999998,-43969,4,3,2,,204.36,550.0,oeste,Buritis,12/08/18,None,None
129630,1020000.0,,-19.928438,-43.932031,2,2,1,,234.55,550.0,centro-sul,Funcionários,12/08/18,None,None
334478,1020000.0,,-19.9458336,-43.92888549999998,3,2,1,,225.0,225.0,centro-sul,Cruzeiro,12/08/18,None,None
616928,1020000.0,,-19.9460502,-43.92558830000002,3,3,1,,1.0,1.0,centro-sul,Cruzeiro,12/08/18,None,None
51294,1026206.09,,-19.92762,-43.940447000000006,3,2,1,,290.0,630.0,centro-sul,Lourdes,12/08/18,None,None
1517543,1026206.09,,-19.9275132,-43.9405261,3,2,1,,350.0,580.0,centro-sul,Centro,12/08/18,None,None
616436,1030000.0,,-19.9460502,-43.92558830000002,3,3,1,,1.0,1.0,centro-sul,Cruzeiro,12/08/18,None,None
616438,1030000.0,,-19.9460502,-43.92558830000002,3,3,1,,1.0,1.0,centro-sul,Cruzeiro,12/08/18,None,None
1519889,1038599.1,,-19.956174899999997,-43.938944299999996,3,2,1,,1.0,1.0,centro-sul,Sion,12/08/18,None,None
334481,1040000.0,,-19.9458336,-43.92888549999998,3,2,1,,225.0,225.0,centro-sul,Cruzeiro,12/08/18,None,None
412688,1040000.0,,-19.9488798,-43.92269870000001,3,3,1,,487.98,1400.0,centro-sul,Anchieta,12/08/18,None,None
3239611,1040000.0,,-19.9310547,-43.93816520000002,3,3,1,,354.54,800.0,centro-sul,Lourdes,12/08/18,None,None
1018279,1043900.0,,-19.968912300000003,-43.965824399999974,4,2,1,,1.0,1.0,oeste,Estoril,12/08/18,None,None
6386,1050000.0,,-19.9748253,-43.96418660000001,4,4,2,,400.0,1400.0,oeste,Estoril,12/08/18,None,None
63568,1050000.0,,-19.9761923,-43.9717081,3,4,2,,403.24,1200.0,oeste,Buritis,12/08/18,None,None
141375,1050000.0,,-19.9082021,-43.96888250000001,4,3,1,,220.0,200.0,noroeste,Caiçaras,12/08/18,None,None
141384,1050000.0,,-19.953692800000002,-43.94986240000003,4,2,1,,370.0,750.0,centro-sul,Vila Paris,12/08/18,None,None
163845,1050000.0,,-19.883226,-44.00298599999997,3,2,1,,0.01,0.01,pampulha,Castelo,12/08/18,None,None
163859,1050000.0,,-19.883226,-44.00298599999997,3,2,1,,0.01,0.01,pampulha,Castelo,12/08/18,None,None
173184,1050000.0,,-19.796294600000003,-43.9324274,4,2,1,,282.87,750.0,centro-sul,Sion,12/08/18,None,None
177980,1050000.0,,-19.9210432,-43.94181179999998,4,3,2,,172.3,850.0,centro-sul,Centro,12/08/18,None,None
346129,1050000.0,,-19.9370398,-43.958346999999996,4,2,1,,396.0,1700.0,oeste,Gutierrez,12/08/18,None,None
615951,1050000.0,,-19.9460502,-43.92558830000002,3,3,1,,1.0,1.0,centro-sul,Cruzeiro,12/08/18,None,None
616441,1050000.0,,-19.9460502,-43.92558830000002,3,3,1,,1.0,1.0,centro-sul,Cruzeiro,12/08/18,None,None
2436974,1050000.0,,-19.9438158,-43.92839570000001,4,2,1,,362.0,1400.0,centro-sul,Sion,12/08/18,None,None
3244289,1050000.0,,-19.9490295,-43.9309189,3,2,1,,363.73,1030.3,centro-sul,Carmo,12/08/18,None,None
3245367,1050000.0,,-19.973728,-43.96457900000002,3,1,2,,230.0,1300.0,oeste,Buritis,12/08/18,None,None
3250538,1050000.0,,-19.9442913,-43.9266275,4,2,1,,414.09,800.0,centro-sul,Cruzeiro,12/08/18,None,None
31364,1060000.0,,-19.9378405,-43.94713300000001,4,1,1,,208.33,1000.0,centro-sul,Santo Antônio,12/08/18,None,None
169900,1060000.0,,-19.946279,-43.936777000000006,3,2,1,,1.0,350.0,centro-sul,São Pedro,12/08/18,None,None
353755,1065000.0,,-19.9341242,-43.95634640000003,4,2,1,,245.0,1300.0,oeste,Gutierrez,12/08/18,None,None
157730,1070000.0,,-19.929108300000003,-43.956103900000016,3,2,1,,525.0,800.0,centro-sul,Santo Agostinho,12/08/18,None,None
355728,1070000.0,,-19.950081100000002,-43.92700389999999,4,2,1,,385.0,1500.0,centro-sul,Anchieta,12/08/18,None,None
406723,1070000.0,,-19.930820999999998,-43.943632999999984,3,2,1,,330.0,990.0,centro-sul,Lourdes,12/08/18,None,None
2269839,1070000.0,,-19.969076,-43.96674300000001,4,4,2,,629.32,700.0,oeste,Estoril,12/08/18,None,None
1017336,1071400.0,,-19.968912300000003,-43.965824399999974,4,2,1,,1.0,1.0,oeste,Estoril,12/08/18,None,None
127750,1080000.0,,-19.917442899999998,-43.93423740000003,3,3,1,,287.01,1000.0,centro-sul,Cruzeiro,12/08/18,None,None
128013,1080000.0,,-19.9420902,-43.93747559999997,2,2,1,,1.0,450.0,centro-sul,São Pedro,12/08/18,None,None
128017,1080000.0,,-19.9420902,-43.93747559999997,2,2,1,,1.0,450.0,centro-sul,Savassi,12/08/18,None,None
130113,1080000.0,,-19.971102600000002,-43.96612210000001,4,3,1,,583.93,900.0,oeste,Buritis,12/08/18,None,None
356864,1080000.0,,-19.9482638,-43.92591190000002,3,2,1,,381.74,1200.0,centro-sul,Anchieta,12/08/18,None,None
366637,1080000.0,,-19.954857,-43.93531769999999,4,3,1,,435.0,1150.0,centro-sul,Sion,12/08/18,None,None
2341099,1080000.0,,-19.934779000000002,-43.958118000000006,4,2,1,,460.0,990.0,oeste,Gutierrez,12/08/18,None,None
3236387,1080000.0,,-19.9318446,-43.92717240000002,3,2,1,,556.54,1100.0,centro-sul,Santa Efigênia,12/08/18,None,None
167399,1085000.0,,-19.934257000000002,-43.955536,3,1,1,,352.58,1500.0,oeste,Gutierrez,12/08/18,None,None
356238,1087000.0,,-19.9299372,-43.97035590000002,4,3,1,,235.44,800.0,oeste,Prado,12/08/18,None,None
159585,1087840.8,,-19.8676907,-43.994663300000006,2,2,1,,100.0,400.0,pampulha,Paquetá,12/08/18,None,None
358845,1090000.0,,-19.9414204,-43.92210269999998,4,2,1,,443.54,1650.0,centro-sul,Serra,12/08/18,None,None
359663,1090000.0,,-19.9707749,-43.97293880000001,4,2,2,,446.0,425.0,oeste,Buritis,12/08/18,None,None
359882,1090000.0,,-19.881998,-43.92964240000003,4,3,1,,272.9,540.0,nordeste,União,12/08/18,None,None
3237121,1090000.0,,-19.9753165,-43.96930820000001,4,5,2,,526.88,900.0,oeste,Buritis,12/08/18,None,None
3251865,1090000.0,,-19.9324246,-43.9576849,3,3,1,,300.38,350.0,oeste,Gutierrez,12/08/18,None,None
1017339,1090100.0,,-19.968912300000003,-43.965824399999974,4,2,1,,1.0,1.0,oeste,Estoril,12/08/18,None,None
1832098,1091503.92,,-19.872494,-43.98260590000001,4,4,2,,1.0,1.0,pampulha,Ouro Preto,12/08/18,None,None
6067,1100000.0,,-19.8817299,-43.92797359999997,4,3,2,,296.0,600.0,nordeste,União,12/08/18,None,None
41958,1100000.0,,-19.954490300000003,-43.94534540000001,4,2,2,,465.0,2360.0,centro-sul,Santa Lúcia,12/08/18,None,None
52073,1100000.0,,-19.942163100000002,-43.92784159999997,4,3,1,,350.0,800.0,centro-sul,Cruzeiro,12/08/18,None,None
55011,1100000.0,,-19.9491815,-43.92806589999998,4,1,1,,307.0,1500.0,centro-sul,Anchieta,12/08/18,None,None
55670,1100000.0,,-19.8603695,-43.95070069999997,4,4,1,,287.93,275.0,pampulha,Liberdade,12/08/18,None,None
61022,1100000.0,,-19.881445000000003,-43.99868200000003,4,5,2,,400.0,330.0,pampulha,Castelo,12/08/18,None,None
141490,1100000.0,,-19.969321,-43.9679266,4,4,2,,459.0,1100.0,oeste,Buritis,12/08/18,None,None
144884,1100000.0,,-19.956060600000004,-43.94628609999995,4,4,2,,513.91,600.0,centro-sul,Santa Lúcia,12/08/18,None,None
153318,1100000.0,,-19.9327343,-43.960378799999994,4,3,1,,348.5,1500.0,oeste,Gutierrez,12/08/18,None,None
162651,1100000.0,,-19.9460502,-43.92558830000002,4,2,1,,409.09,650.0,centro-sul,Cruzeiro,12/08/18,None,None
164522,1100000.0,,-19.952716100000004,-43.95008740000003,3,1,1,,519.13,1100.0,centro-sul,Vila Paris,12/08/18,None,None
165429,1100000.0,,-19.9562961,-43.93915900000002,4,3,2,,254.6,1100.0,centro-sul,Sion,12/08/18,None,None
169547,1100000.0,,-19.945786,-43.95303819999998,5,3,1,,249.21,600.0,centro-sul,Luxemburgo,12/08/18,None,None
171607,1100000.0,,-19.943715899999997,-43.9302123,4,2,1,,368.0,1520.0,centro-sul,Sion,12/08/18,None,None
200746,1100000.0,,-19.9441609,-43.95873549999999,4,3,1,,100.0,1500.0,oeste,Gutierrez,12/08/18,None,None
343241,1100000.0,,-19.9450772,-43.92787140000002,4,4,1,,417.64,700.0,centro-sul,Cruzeiro,12/08/18,None,None
345254,1100000.0,,-19.946947199999997,-43.9394954,2,2,1,,5149.0,1100.0,centro-sul,São Pedro,12/08/18,None,None
354331,1100000.0,,-19.9403928,-43.92747120000002,4,2,1,,462.0,750.0,centro-sul,Sion,12/08/18,None,None
354978,1100000.0,,-19.928518,-43.929012,4,1,1,,322.9,600.0,centro-sul,Funcionários,12/08/18,None,None
355818,1100000.0,,-19.8802323,-43.99784460000001,3,1,1,,214.0,388.0,pampulha,Castelo,12/08/18,None,None
358546,1100000.0,,-19.871216,-43.917546000000016,4,3,1,,330.0,450.0,nordeste,Fernão Dias,12/08/18,None,None
360711,1100000.0,,-19.939014999999998,-43.92181900000003,4,3,1,,0.01,1350.0,centro-sul,Serra,12/08/18,None,None
362041,1100000.0,,-19.937658600000002,-43.92367109999998,4,3,2,,200.0,757.0,centro-sul,Serra,12/08/18,None,None
367417,1100000.0,,-19.9354039,-43.934979199999994,4,2,1,,244.85,1100.0,centro-sul,Savassi,12/08/18,None,None
1600469,1100000.0,,-19.9441548,-43.9413778,4,2,1,,389.46,1200.0,centro-sul,São Pedro,12/08/18,None,None
1786903,1100000.0,,-19.9331715,-43.9285711,4,3,1,,404.29,1200.0,centro-sul,Funcionários,12/08/18,None,None
1831896,1100000.0,,-19.9457743,-43.935883200000035,3,3,1,,383.66,1000.0,centro-sul,São Pedro,12/08/18,None,None
1891537,1100000.0,,-19.929692499999998,-43.92707029999997,3,2,1,,450.0,1800.0,centro-sul,Funcionários,12/08/18,None,None
2493527,1100000.0,,-19.935986399999997,-43.95512639999998,4,3,1,,262.27,2400.0,oeste,Gutierrez,12/08/18,None,None
2882745,1100000.0,,-19.946863,-43.93625700000001,4,3,1,,555.21,1300.0,centro-sul,Sion,12/08/18,None,None
3214941,1100000.0,,-19.931029000000002,-43.92413579999999,3,2,1,,219.0,1050.0,centro-sul,Funcionários,12/08/18,None,None
3229638,1100000.0,,-19.975817000000003,-43.94300799999996,4,4,1,,641.0,1300.0,centro-sul,Belvedere,12/08/18,None,None
3235298,1100000.0,,-19.938098,-43.92433499999999,4,2,1,,194.49,953.36,centro-sul,Serra,12/08/18,None,None
3235741,1100000.0,,-19.9447076,-43.94612210000002,4,3,1,,2255.0,800.0,centro-sul,Santo Antônio,12/08/18,None,None
3241710,1100000.0,,-19.950163800000002,-43.92991649999999,4,3,1,,480.0,1900.0,centro-sul,Cruzeiro,12/08/18,None,None
3250945,1100000.0,,-19.956489,-43.932119,3,3,1,,359.87,1100.0,centro-sul,Sion,12/08/18,None,None
3251982,1100000.0,,-19.962164,-43.95025369999996,4,3,2,,336.0,1100.0,centro-sul,São Bento,12/08/18,None,None
3252439,1100000.0,,-19.943231,-43.948100200000006,3,3,1,,149.13,660.0,centro-sul,Santo Antônio,12/08/18,None,None
3255343,1100000.0,,-19.9698476,-43.96892300000002,4,4,1,,309.72,840.0,oeste,Buritis,12/08/18,None,None
3257022,1100000.0,,-19.878548000000002,-43.998536,4,2,3,,320.61,550.0,pampulha,Castelo,12/08/18,None,None
158330,1100567.23,,-19.8676907,-43.994663300000006,2,2,1,,100.0,400.0,pampulha,Paquetá,12/08/18,None,None
159591,1100567.23,,-19.8676907,-43.994663300000006,2,2,1,,100.0,460.0,pampulha,Paquetá,12/08/18,None,None
5956,1120000.0,,-19.8918477,-43.93010939999999,3,3,1,,191.0,788.57,nordeste,Silveira,12/08/18,None,None
10781,1120000.0,,-19.977158,-43.96778699999999,4,5,2,,409.0,300.0,oeste,Buritis,12/08/18,None,None
363286,1120000.0,,-19.9494844,-43.92118010000002,4,3,1,,540.0,1500.0,centro-sul,Anchieta,12/08/18,None,None
3244863,1120000.0,,-19.9440385,-43.94626790000001,3,2,1,,317.98,775.59,centro-sul,Santo Antônio,12/08/18,None,None
3257843,1120000.0,,-19.9371472,-43.965696500000035,3,3,1,,237.8,670.0,oeste,Grajaú,12/08/18,None,None
61594,1125000.0,,-19.9356958,-43.92916059999999,4,2,1,,189.3,550.0,centro-sul,Savassi,12/08/18,None,None
3211996,1125182.65,,-19.937625,-43.92197399999998,3,2,1,,547.97,800.0,centro-sul,Serra,12/08/18,None,None
3211997,1138616.31,,-19.937625,-43.92197399999998,3,2,1,,547.97,800.0,centro-sul,Serra,12/08/18,None,None
52494,1140000.0,,-19.958289999999998,-43.93833990000002,4,2,1,,169.0,980.0,centro-sul,Sion,12/08/18,None,None
152660,1140000.0,,-19.9263611,-43.91690429999999,4,2,4,,350.0,390.0,centro-sul,Santa Efigênia,12/08/18,None,None
279686,1140000.0,,-19.9464701,-43.96099029999999,4,4,1,,341.75,890.0,oeste,Gutierrez,12/08/18,None,None
351907,1140000.0,,-19.9343087,-43.94589289999999,3,3,0,,240.0,300.0,centro-sul,Lourdes,12/08/18,None,None
334484,1149000.0,,-19.946826100000003,-43.93948690000002,4,3,2,,340.0,950.0,centro-sul,Santo Antônio,12/08/18,None,None
481223,1149000.0,,-19.874145300000002,-43.93166220000001,3,1,1,,293.0,400.0,nordeste,Palmares,12/08/18,None,None
31511,1150000.0,,-19.9742961,-43.96353579999999,4,1,2,,383.0,1350.0,oeste,Buritis,12/08/18,None,None
36395,1150000.0,,-19.9304477,-43.93389860000002,4,2,1,,184.63,1255.0,centro-sul,Funcionários,12/08/18,None,None
53837,1150000.0,,-19.949773999999998,-43.92373199999997,4,2,1,,422.0,950.0,centro-sul,Anchieta,12/08/18,None,None
137591,1150000.0,,-19.938783100000002,-43.920084799999984,4,3,2,,251.58,980.0,centro-sul,Serra,12/08/18,None,None
173108,1150000.0,,-19.947592,-43.93324100000001,2,2,1,,421.2,420.0,centro-sul,Anchieta,12/08/18,None,None
248468,1150000.0,,-19.9263611,-43.91690429999999,4,5,2,,3551.49,500.0,leste,São Lucas,12/08/18,None,None
333929,1150000.0,,-19.926907,-43.95430399999998,4,2,1,,160.0,550.0,centro-sul,Barro Preto,12/08/18,None,None
336883,1150000.0,,-19.939877600000003,-43.91906330000001,4,3,1,,268.16,1500.0,centro-sul,Serra,12/08/18,None,None
347648,1150000.0,,-19.939401999999998,-43.922665,4,2,1,,440.08,1050.0,centro-sul,Serra,12/08/18,None,None
359989,1150000.0,,-19.929630300000003,-43.94279080000001,2,2,1,,500.0,880.0,centro-sul,Santo Agostinho,12/08/18,None,None
361846,1150000.0,,-19.9734866,-43.96410839999999,4,4,4,,500.0,1200.0,oeste,Buritis,12/08/18,None,None
363149,1150000.0,,-19.935436300000003,-43.95778530000001,4,3,1,,303.0,650.0,oeste,Gutierrez,12/08/18,None,None
1658581,1150000.0,,-19.9444495,-43.946703800000016,4,2,2,,283.0,450.0,centro-sul,Santo Antônio,12/08/18,None,None
1785813,1150000.0,,-19.951310999999997,-43.93434600000001,4,4,1,,523.63,650.0,centro-sul,Carmo,12/08/18,None,None
3191384,1150000.0,,-19.9420902,-43.93747559999997,4,2,1,,305.0,442.0,centro-sul,São Pedro,12/08/18,None,None
3233895,1150000.0,,-19.931046,-43.9197653,4,2,1,,398.0,800.0,centro-sul,Serra,12/08/18,None,None
3238144,1150000.0,,-19.956674,-43.938554399999994,4,3,3,,444.0,1487.0,centro-sul,Sion,12/08/18,None,None
3245160,1150000.0,,-19.952044,-43.934927000000016,4,2,1,,397.34,1580.0,centro-sul,Sion,12/08/18,None,None
52498,1160000.0,,-19.958289999999998,-43.93833990000002,4,2,1,,169.0,980.0,centro-sul,Sion,12/08/18,None,None
166877,1160000.0,,-19.9356674,-43.95692270000001,3,3,1,,415.0,1200.0,oeste,Gutierrez,12/08/18,None,None
357302,1160000.0,,-19.9341451,-43.93146260000003,3,2,1,,504.49,445.11,centro-sul,Savassi,12/08/18,None,None
360851,1160000.0,,-19.9335956,-43.93290730000001,3,2,1,,0.01,880.0,centro-sul,Savassi,12/08/18,None,None
3212082,1165739.87,,-19.937625,-43.92197399999998,3,2,1,,547.97,800.0,centro-sul,Serra,12/08/18,None,None
171685,1169000.0,,-19.9275515,-43.94668230000002,4,3,1,,200.0,950.0,centro-sul,Barro Preto,12/08/18,None,None
7426,1170000.0,,-19.951932,-43.93467900000002,3,3,1,,478.0,1089.0,centro-sul,Sion,12/08/18,None,None
52507,1170000.0,,-19.958289999999998,-43.93833990000002,4,2,1,,169.0,980.0,centro-sul,Sion,12/08/18,None,None
124144,1170000.0,,-19.934091,-43.921572999999974,4,3,1,,405.0,1989.0,centro-sul,Serra,12/08/18,None,None
358185,1170000.0,,-19.9438271,-43.94787600000001,4,3,1,,312.0,990.0,centro-sul,Santo Antônio,12/08/18,None,None
165320,1172000.0,,-19.9686839,-43.96999629999999,4,4,2,,350.0,920.0,oeste,Buritis,12/08/18,None,None
7994,1180000.0,,-19.9559919,-43.93349499999999,4,3,2,,448.0,1950.0,centro-sul,Sion,12/08/18,None,None
11039,1180000.0,,-19.9504106,-43.93815010000003,3,2,1,,204.94,880.0,centro-sul,São Pedro,12/08/18,None,None
349878,1180000.0,,-19.9490813,-43.94492679999996,3,4,1,,0.01,950.0,centro-sul,Santo Antônio,12/08/18,None,None
350233,1180000.0,,-19.9283547,-43.9428795,3,2,1,,513.0,694.0,centro-sul,Santo Agostinho,12/08/18,None,None
3242208,1180000.0,,-19.9404745,-43.92450780000002,4,3,1,,365.0,1300.0,centro-sul,Serra,12/08/18,None,None
3256301,1180000.0,,-19.9493957,-43.92897490000002,4,2,1,,295.0,1200.0,centro-sul,Anchieta,12/08/18,None,None
3256589,1189638.0,,-19.9404029,-43.94595800000002,3,2,2,,0.01,400.0,centro-sul,Santo Antônio,12/08/18,None,None
14232,1190000.0,,-19.9408187,-43.96179860000001,4,2,1,,340.0,1000.0,oeste,Grajaú,12/08/18,None,None
147675,1190000.0,,-19.951728399999997,-43.93238930000001,3,3,1,,350.0,1600.0,centro-sul,Sion,12/08/18,None,None
341123,1190000.0,,-19.858862600000002,-43.9644136,4,3,1,,377.38,560.0,pampulha,São Luiz (pampulha),12/08/18,None,None
361726,1190000.0,,-19.928704999999997,-43.94298089999995,4,2,1,,401.12,1400.0,centro-sul,Lourdes,12/08/18,None,None
366723,1190000.0,,-19.9386215,-43.92265370000001,4,1,1,,555.0,1554.0,centro-sul,Serra,12/08/18,None,None
2474749,1190000.0,,-19.9382137,-43.94657180000002,3,1,1,,353.0,450.0,centro-sul,Santo Antônio,12/08/18,None,None
3237609,1190000.0,,-19.956594,-43.931094299999984,3,3,1,,283.0,430.0,centro-sul,Sion,12/08/18,None,None
3246387,1190000.0,,-19.946794,-43.92378500000001,4,2,1,,308.76,648.0,centro-sul,Anchieta,12/08/18,None,None
3246524,1190000.0,,-19.9486437,-43.92915690000001,4,2,1,,474.55,600.0,centro-sul,Anchieta,12/08/18,None,None
3258213,1190000.0,,-19.9476201,-43.9590667,4,3,1,,400.0,900.0,centro-sul,Luxemburgo,12/08/18,None,None
157846,1191456.77,,-19.8676907,-43.994663300000006,3,2,1,,0.01,400.0,pampulha,Paquetá,12/08/18,None,None
1519892,1191682.8,,-19.956174899999997,-43.938944299999996,3,2,1,,1.0,1.0,centro-sul,Sion,12/08/18,None,None
1519893,1191682.8,,-19.956174899999997,-43.938944299999996,3,2,1,,1.0,1.0,centro-sul,Sion,12/08/18,None,None
223621,1194670.0,,-19.9357813,-43.92859240000002,3,2,1,,400.0,580.0,centro-sul,Funcionários,12/08/18,None,None
223693,1194670.0,,-19.9357813,-43.92859240000002,3,2,1,,400.0,580.0,centro-sul,Funcionários,12/08/18,None,None
354374,1195000.0,,-19.9413572,-43.94241299999999,4,2,1,,383.0,1500.0,centro-sul,Santo Antônio,12/08/18,None,None
1053830,1198000.0,,-19.977952600000002,-43.96294009999997,3,2,1,,390.0,683.0,oeste,Estoril,12/08/18,None,None
3235071,1198000.0,,-19.940017899999997,-43.965438000000006,4,3,1,,10.0,10.0,oeste,Grajaú,12/08/18,None,None
8182,1200000.0,,-19.945416100000003,-43.95830590000003,4,3,1,,428.96,1700.0,oeste,Gutierrez,12/08/18,None,None
19522,1200000.0,,-19.945224300000003,-43.9451416,4,4,2,,293.8,727.0,centro-sul,Santo Antônio,12/08/18,None,None
36215,1200000.0,,-19.953184600000004,-43.92133949999999,4,2,1,,430.0,1450.0,centro-sul,Comiteco,12/08/18,None,None
37256,1200000.0,,-19.954149800000003,-43.9532289,4,3,2,,325.0,880.0,centro-sul,Vila Paris,12/08/18,None,None
38554,1200000.0,,-19.9353574,-43.9280167,4,3,2,,524.0,2500.0,centro-sul,Funcionários,12/08/18,None,None
38854,1200000.0,,-19.943803600000003,-43.94267339999999,2,2,2,,236.0,550.0,centro-sul,Santo Antônio,12/08/18,None,None
52511,1200000.0,,-19.958289999999998,-43.93833990000002,4,2,1,,169.0,980.0,centro-sul,Sion,12/08/18,None,None
56549,1200000.0,,-19.9416695,-43.95711619999997,4,4,2,,310.71,1200.0,oeste,Gutierrez,12/08/18,None,None
58029,1200000.0,,-19.9489206,-43.91967130000001,4,2,1,,261.0,1040.0,centro-sul,Sion,12/08/18,None,None
127245,1200000.0,,-19.9511,-43.93450300000001,4,3,1,,350.0,1200.0,centro-sul,Sion,12/08/18,None,None
128338,1200000.0,,-19.9431819,-43.9411045,4,3,1,,267.0,850.0,centro-sul,Santo Antônio,12/08/18,None,None
133618,1200000.0,,-19.930460600000004,-43.963344800000016,4,4,2,,300.0,433.0,oeste,Gutierrez,12/08/18,None,None
138916,1200000.0,,-19.9455905,-43.92707480000002,4,2,1,,570.0,900.0,centro-sul,Cruzeiro,12/08/18,None,None
148902,1200000.0,,-19.9280223,-43.92351370000001,4,2,1,,294.82,610.0,centro-sul,Santa Efigênia,12/08/18,None,None
149152,1200000.0,,-19.936521399999997,-43.94204460000003,4,2,1,,950.0,416.0,centro-sul,Lourdes,12/08/18,None,None
151546,1200000.0,,-19.9058446,-43.96897260000003,4,4,1,,315.0,490.0,noroeste,Caiçaras,12/08/18,None,None
158099,1200000.0,,-19.951026100000004,-43.9395136,3,1,1,,461.0,1700.0,centro-sul,Santo Antônio,12/08/18,None,None
158891,1200000.0,,-19.929451899999997,-43.954160900000026,4,2,1,,449.84,831.0,centro-sul,Santo Agostinho,12/08/18,None,None
162665,1200000.0,,-19.946820000000002,-43.93643299999997,4,3,1,,305.17,1800.0,centro-sul,Sion,12/08/18,None,None
168236,1200000.0,,-19.943821,-43.95101540000002,4,2,1,,528.53,1100.0,centro-sul,Coração de Jesus,12/08/18,None,None
169574,1200000.0,,-19.968463800000002,-43.9677888,4,2,1,,452.86,900.0,oeste,Buritis,12/08/18,None,None
171535,1200000.0,,-19.948933899999997,-43.91951340000003,4,2,1,,273.0,1250.0,centro-sul,Sion,12/08/18,None,None
174284,1200000.0,,-19.954695899999997,-43.934640899999984,4,2,1,,423.63,1500.0,centro-sul,Sion,12/08/18,None,None
201285,1200000.0,,-19.860846399999996,-43.9646593,4,3,2,,271.83,900.0,pampulha,São José (pampulha),12/08/18,None,None
333516,1200000.0,,-19.946970699999998,-43.92167519999998,4,2,1,,589.02,1650.0,centro-sul,Serra,12/08/18,None,None
334898,1200000.0,,-19.940756399999998,-43.94592779999999,3,3,1,,300.0,1700.0,centro-sul,Santo Antônio,12/08/18,None,None
343389,1200000.0,,-19.94846,-43.92135300000001,4,2,1,,256.81,550.0,centro-sul,Cruzeiro,12/08/18,None,None
349861,1200000.0,,-19.95388548806792,-43.934430591015605,4,3,1,,420.0,950.0,centro-sul,Sion,12/08/18,None,None
351229,1200000.0,,-19.945420199999997,-43.9298354,4,2,1,,450.0,950.0,centro-sul,Sion,12/08/18,None,None
351496,1200000.0,,-19.973447699999998,-43.94084090000001,3,3,1,,0.01,1400.0,centro-sul,Belvedere,12/08/18,None,None
355142,1200000.0,,-19.9492844,-43.93108369999999,4,4,3,,484.95,1150.0,centro-sul,Sion,12/08/18,None,None
358496,1200000.0,,-19.9416628,-43.92677709999998,4,3,1,,320.0,1550.0,centro-sul,Cruzeiro,12/08/18,None,None
358907,1200000.0,,-19.876395600000002,-43.998853000000004,4,4,2,,320.0,635.0,pampulha,Castelo,12/08/18,None,None
366741,1200000.0,,-19.8715151,-43.93196760000001,4,1,2,,343.44,600.0,nordeste,Palmares,12/08/18,None,None
367177,1200000.0,,-19.9438158,-43.92839570000001,4,3,2,,457.0,1250.0,centro-sul,Cruzeiro,12/08/18,None,None
390607,1200000.0,,-19.953823999999997,-43.94754669999998,4,0,0,,500.0,2000.0,centro-sul,Santa Lúcia,12/08/18,None,None
397544,1200000.0,,-19.9253677,-43.94470150000001,4,2,1,,445.3,1000.0,centro-sul,Lourdes,12/08/18,None,None
472377,1200000.0,,-19.9905441,-43.98945689999999,3,3,1,,266.66,1320.0,centro-sul,Sion,12/08/18,None,None
615489,1200000.0,,-19.946344500000002,-43.9258878,3,3,1,,1.0,1.0,centro-sul,Cruzeiro,12/08/18,None,None
1517744,1200000.0,,-19.9524834,-43.93110230000002,4,5,2,,315.19,365.0,centro-sul,Sion,12/08/18,None,None
1529357,1200000.0,,-19.939845899999998,-43.92081719999999,4,3,3,,450.0,1600.0,centro-sul,Serra,12/08/18,None,None
1736972,1200000.0,,-19.9071311,-43.92707919999998,4,3,1,,304.0,350.0,leste,Floresta,12/08/18,None,None
1831890,1200000.0,,-19.9733202,-43.94084959999998,4,3,1,,515.0,1690.0,centro-sul,Belvedere,12/08/18,None,None
1848015,1200000.0,,-19.972843100000002,-43.94382999999999,4,2,1,,534.49,1349.78,centro-sul,Belvedere,12/08/18,None,None
1889710,1200000.0,,-19.952044,-43.934927000000016,4,2,1,,397.34,1500.0,centro-sul,Sion,12/08/18,None,None
2360626,1200000.0,,-19.890048,-43.930005,4,5,2,,293.26,1512.0,nordeste,Silveira,12/08/18,None,None
2824481,1200000.0,,-19.942023000000002,-43.942023000000006,4,2,1,,407.2,1800.0,centro-sul,São Pedro,12/08/18,None,None
3234560,1200000.0,,-19.8825814,-43.99864120000001,4,2,3,,341.22,450.0,pampulha,Pampulha,12/08/18,None,None
3236470,1200000.0,,-19.927222699999998,-43.9621161,3,4,2,,347.72,350.0,oeste,Prado,12/08/18,None,None
3238142,1200000.0,,-19.926524899999997,-43.92496340000002,3,3,1,,377.0,1080.0,centro-sul,Santa Efigênia,12/08/18,None,None
3239683,1200000.0,,-19.934925,-43.931984,4,3,1,,420.0,1200.0,centro-sul,Savassi,12/08/18,None,None
3240114,1200000.0,,-19.8862919,-43.92482389999998,4,4,1,,316.26,700.0,leste,Cidade Nova,12/08/18,None,None
3240271,1200000.0,,-19.9445652,-43.955654900000006,4,3,1,,320.6,1400.0,centro-sul,Luxemburgo,12/08/18,None,None
3244621,1200000.0,,-19.925714000000003,-43.94934809999995,4,3,1,,411.19,1000.0,centro-sul,Santo Agostinho,12/08/18,None,None
3244629,1200000.0,,-19.9348784,-43.93217010000001,2,2,2,,442.86,500.0,centro-sul,Funcionários,12/08/18,None,None
3251098,1200000.0,,-19.9333499,-43.94418930000001,4,2,1,,646.73,1268.09,centro-sul,Lourdes,12/08/18,None,None
3251839,1200000.0,,-19.939760999999997,-43.94662619999997,4,3,1,,506.0,1800.0,centro-sul,Santo Antônio,12/08/18,None,None
3252381,1200000.0,,-19.445406,-44.27209269999997,4,2,1,,360.0,1200.0,centro-sul,Serra,12/08/18,None,None
3257311,1200000.0,,-19.9491176,-43.959815600000006,4,3,2,,527.64,1500.0,centro-sul,Luxemburgo,12/08/18,None,None
223694,1204220.0,,-19.9357813,-43.92859240000002,3,2,1,,400.0,580.0,centro-sul,Funcionários,12/08/18,None,None
52512,1210000.0,,-19.958289999999998,-43.93833990000002,4,2,1,,169.0,980.0,centro-sul,Sion,12/08/18,None,None
223765,1213846.0,,-19.9357813,-43.92859240000002,3,2,1,,400.0,580.0,centro-sul,Funcionários,12/08/18,None,None
224173,1213846.0,,-19.9357813,-43.92859240000002,3,2,1,,400.0,580.0,centro-sul,Funcionários,12/08/18,None,None
13122,1218821.2,,-19.934686499999998,-43.922335100000005,3,2,1,,547.97,800.0,centro-sul,Serra,12/08/18,None,None
52501,1220000.0,,-19.958289999999998,-43.93833990000002,4,2,1,,169.0,980.0,centro-sul,Sion,12/08/18,None,None
3235038,1229000.0,,-19.940017899999997,-43.965438000000006,4,3,1,,10.0,10.0,oeste,Grajaú,12/08/18,None,None
52503,1230000.0,,-19.958289999999998,-43.93833990000002,4,2,1,,169.0,980.0,centro-sul,Sion,12/08/18,None,None
351764,1230000.0,,-19.937989,-43.95942969999999,4,4,2,,1.0,400.0,oeste,Gutierrez,12/08/18,None,None
3235390,1230000.0,,-19.9475079,-43.92052619999998,3,3,1,,400.0,500.0,centro-sul,Serra,12/08/18,None,None
206243,1230875.0,,-19.9357813,-43.92859240000002,3,2,1,,417.0,580.0,centro-sul,Funcionários,12/08/18,None,None
206301,1230875.0,,-19.9357813,-43.92859240000002,3,2,1,,417.0,580.0,centro-sul,Funcionários,12/08/18,None,None
206360,1230875.0,,-19.9357813,-43.92859240000002,3,2,1,,417.0,580.0,centro-sul,Funcionários,12/08/18,None,None
353608,1248000.0,,-19.9458336,-43.92888549999998,4,3,2,,497.0,1650.0,centro-sul,Cruzeiro,12/08/18,None,None
9861,1250000.0,,-19.9671328,-43.9697481,5,3,3,,317.32,500.0,oeste,Buritis,12/08/18,None,None
154196,1250000.0,,-19.883851,-43.908594,4,4,2,,282.46,500.0,leste,Santa Inês,12/08/18,None,None
169052,1250000.0,,-19.9489275,-43.950638399999995,4,1,1,,439.0,1300.0,centro-sul,Luxemburgo,12/08/18,None,None
190910,1250000.0,,-19.9393387,-43.9190557,4,4,3,,486.6,1500.0,centro-sul,Serra,12/08/18,None,None
335008,1250000.0,,-19.956246,-43.93438900000001,4,2,1,,490.0,1330.0,centro-sul,Sion,12/08/18,None,None
350178,1250000.0,,-19.929672,-43.95238689999997,3,2,1,,259.66,1100.0,centro-sul,Santo Agostinho,12/08/18,None,None
355603,1250000.0,,-19.960173899999997,-43.928962599999984,4,4,2,,487.08,2000.0,centro-sul,Sion,12/08/18,None,None
358161,1250000.0,,-19.950860199999997,-43.9541127,4,2,1,,372.0,1390.0,centro-sul,Luxemburgo,12/08/18,None,None
358207,1250000.0,,-19.928172,-43.9245085,3,3,3,,567.0,1900.0,centro-sul,Santa Efigênia,12/08/18,None,None
358399,1250000.0,,-19.930357,-43.92770889999997,3,3,1,,0.01,2100.0,centro-sul,Funcionários,12/08/18,None,None
361407,1250000.0,,-19.9905002,-43.98933249999999,3,3,1,,266.66,1320.0,centro-sul,Sion,12/08/18,None,None
361804,1250000.0,,-19.9474932,-43.959028999999994,3,4,2,,630.0,1775.0,centro-sul,Luxemburgo,12/08/18,None,None
367418,1250000.0,,-19.9411263,-43.94195079999997,3,1,1,,3400.0,1084.0,centro-sul,Santo Antônio,12/08/18,None,None
1517563,1250000.0,,-19.928704999999997,-43.94298089999995,4,3,1,,410.77,0.01,centro-sul,Lourdes,12/08/18,None,None
1672356,1250000.0,,-19.953757,-43.93029179999997,4,1,1,,392.45,1500.0,centro-sul,Sion,12/08/18,None,None
1691933,1250000.0,,-19.939218899999997,-43.94689819999997,4,5,2,,418.12,1300.0,centro-sul,Santo Antônio,12/08/18,None,None
1810201,1250000.0,,-19.9777206,-43.94339109999999,2,2,1,,409.0,1256.0,centro-sul,Belvedere,12/08/18,None,None
2426359,1250000.0,,-19.933348000000002,-43.935451,3,2,1,,305.0,650.0,centro-sul,Funcionários,12/08/18,None,None
3236742,1250000.0,,-19.8829861,-43.92118590000001,4,1,3,,225.0,300.0,nordeste,União,12/08/18,None,None
3240875,1250000.0,,-19.929085699999998,-43.95610369999997,3,2,1,,530.0,820.0,centro-sul,Santo Agostinho,12/08/18,None,None
3245293,1250000.0,,-19.9318446,-43.92717240000002,3,2,1,,529.0,1100.0,centro-sul,Funcionários,12/08/18,None,None
3254476,1250000.0,,-19.928984699999997,-43.95167249999997,3,2,1,,402.67,1080.0,centro-sul,Santo Agostinho,12/08/18,None,None
3257540,1250000.0,,-19.9553452,-43.93149519999997,4,3,1,,300.0,950.0,centro-sul,Sion,12/08/18,None,None
169884,1260000.0,,-19.946279,-43.936777000000006,3,2,1,,1.0,350.0,centro-sul,São Pedro,12/08/18,None,None
355789,1260000.0,,-19.929107899999998,-43.92198919999999,4,3,1,,437.54,1320.0,leste,São Lucas,12/08/18,None,None
33100,1270000.0,,-19.940496399999997,-43.92306170000001,4,1,2,,360.0,1200.0,centro-sul,Serra,12/08/18,None,None
128789,1270000.0,,-19.9289125,-43.9425751,2,2,2,,631.0,1500.0,centro-sul,Lourdes,12/08/18,None,None
134297,1270000.0,,-19.9484095,-43.93138829999998,4,2,1,,401.0,1800.0,centro-sul,Sion,12/08/18,None,None
335629,1270000.0,,-19.943956,-43.91767500000003,4,3,1,,530.0,1680.0,centro-sul,Serra,12/08/18,None,None
351767,1270000.0,,-19.937989,-43.95942969999999,4,4,2,,1.0,400.0,oeste,Gutierrez,12/08/18,None,None
155937,1274540.0,,-19.899872199999997,-43.967907399999994,3,3,1,,120.0,600.0,noroeste,Caiçaras,12/08/18,None,None
3257745,1279000.0,,-19.931670999999998,-43.93653800000004,2,3,1,,1.0,1.0,centro-sul,Funcionários,12/08/18,None,None
64317,1280000.0,,-19.9425964,-43.936263700000005,4,1,1,,350.0,1000.0,centro-sul,São Pedro,12/08/18,None,None
64709,1280000.0,,-19.916014899999997,-43.93918259999998,4,3,2,,201.21,1400.0,centro-sul,Centro,12/08/18,None,None
158806,1280000.0,,-19.9372402,-43.9343409,4,1,2,,530.0,1450.0,centro-sul,Funcionários,12/08/18,None,None
358115,1280000.0,,-19.928172,-43.9245085,3,3,3,,567.0,1900.0,centro-sul,Santa Efigênia,12/08/18,None,None
3239591,1280000.0,,-19.951997,-43.924766999999974,3,2,1,,385.0,850.0,centro-sul,Anchieta,12/08/18,None,None
3250605,1280000.0,,-19.9050456,-43.971769600000016,4,4,1,,333.65,180.0,noroeste,Caiçaras,12/08/18,None,None
3253884,1280000.0,,-19.8862943,-43.9247216,4,1,2,,384.54,900.0,leste,Cidade Nova,12/08/18,None,None
224300,1283576.0,,-19.9357813,-43.92859240000002,3,2,1,,400.0,580.0,centro-sul,Funcionários,12/08/18,None,None
224363,1283576.0,,-19.9357813,-43.92859240000002,3,2,1,,400.0,580.0,centro-sul,Funcionários,12/08/18,None,None
224490,1283576.0,,-19.9357813,-43.92859240000002,3,2,1,,400.0,580.0,centro-sul,Funcionários,12/08/18,None,None
173158,1285000.0,,-19.948401999999998,-43.94587680000001,4,5,2,,359.37,950.0,centro-sul,Santo Antônio,12/08/18,None,None
151407,1289000.0,,-19.9295711,-43.94572249999999,4,3,1,,500.0,1500.0,centro-sul,Lourdes,12/08/18,None,None
52682,1290000.0,,-19.8940952,-43.93972930000001,0,1,3,,100.0,400.0,nordeste,Renascença,12/08/18,None,None
64853,1290000.0,,-19.9391238,-43.92082260000001,4,3,1,,450.27,1900.0,centro-sul,Serra,12/08/18,None,None
159993,1290000.0,,-19.9282676,-43.943791600000004,4,2,1,,400.0,1900.0,centro-sul,Santo Agostinho,12/08/18,None,None
344449,1290000.0,,-19.925406,-43.9912104,4,3,1,,585.02,780.0,noroeste,Coração Eucarístico,12/08/18,None,None
371228,1290000.0,,-19.936986800000003,-43.96002379999999,5,4,1,,245.0,1200.0,oeste,Gutierrez,12/08/18,None,None
3230596,1290000.0,,-19.9282134,-43.93983349999996,4,3,2,,450.0,1277.68,centro-sul,Lourdes,12/08/18,None,None
3235598,1290000.0,,-19.9539354,-43.937254199999984,3,3,2,,1.0,1.0,centro-sul,Sion,12/08/18,None,None
3236157,1290000.0,,-19.9309742,-43.93945029999998,4,3,1,,506.0,1400.0,centro-sul,Lourdes,12/08/18,None,None
3241586,1290000.0,,-19.927628600000002,-43.9258984,4,3,2,,400.0,1500.0,centro-sul,Funcionários,12/08/18,None,None
224708,1293824.0,,-19.9357813,-43.92859240000002,3,2,1,,400.0,580.0,centro-sul,Funcionários,12/08/18,None,None
227389,1293824.0,,-19.9357813,-43.92859240000002,3,2,1,,400.0,580.0,centro-sul,Funcionários,12/08/18,None,None
227527,1293824.0,,-19.9357813,-43.92859240000002,3,2,1,,400.0,580.0,centro-sul,Funcionários,12/08/18,None,None
366048,1295000.0,,-19.949443399999996,-43.95864080000001,4,4,2,,500.15,1097.37,centro-sul,Luxemburgo,12/08/18,None,None
3245013,1295000.0,,-19.968325,-43.970843,4,4,3,,412.93,960.0,oeste,Buritis,12/08/18,None,None
5686,1300000.0,,-19.9145152,-43.9285415,4,2,1,,293.87,1300.0,centro-sul,Funcionários,12/08/18,None,None
7464,1300000.0,,-19.9494979,-43.93595749999997,3,4,2,,331.43,500.0,centro-sul,Sion,12/08/18,None,None
10538,1300000.0,,-19.9178674,-43.93119719999999,4,2,1,,202.23,1259.86,leste,Floresta,12/08/18,None,None
10611,1300000.0,,-19.956100600000003,-43.9401651,5,3,2,,380.0,1600.0,centro-sul,Sion,12/08/18,None,None
41473,1300000.0,,-19.9496216,-43.94712419999996,4,4,2,,245.83,800.0,centro-sul,Santo Antônio,12/08/18,None,None
49980,1300000.0,,-19.9535199,-43.933009800000036,4,2,1,,317.0,480.0,centro-sul,Sion,12/08/18,None,None
52442,1300000.0,,-19.930011999999998,-43.92575679999999,3,4,3,,430.0,1135.0,centro-sul,Funcionários,12/08/18,None,None
59230,1300000.0,,-19.8813869,-43.99270569999999,5,3,1,,360.0,1250.0,pampulha,Castelo,12/08/18,None,None
129862,1300000.0,,-19.9393387,-43.9190557,4,4,3,,376.18,1350.0,centro-sul,Serra,12/08/18,None,None
148275,1300000.0,,-19.948900199999997,-43.9193239,4,3,2,,600.0,800.0,centro-sul,Sion,12/08/18,None,None
166990,1300000.0,,-19.9301108,-43.94688969999999,4,2,2,,451.76,1450.0,centro-sul,Lourdes,12/08/18,None,None
169716,1300000.0,,-19.9489206,-43.91967130000001,4,4,1,,390.0,1200.0,centro-sul,Sion,12/08/18,None,None
238506,1300000.0,,-19.9297204,-43.95257730000003,3,2,1,,369.5,1100.0,centro-sul,Santo Agostinho,12/08/18,None,None
334173,1300000.0,,-19.9455599,-43.94081019999999,2,3,1,,231.07,1400.0,centro-sul,São Pedro,12/08/18,None,None
335857,1300000.0,,-19.872605800000002,-43.92008179999999,4,1,2,,393.33,790.0,nordeste,Fernão Dias,12/08/18,None,None
340256,1300000.0,,-19.945145800000002,-43.92041130000001,4,3,2,,561.7,1000.0,centro-sul,Cruzeiro,12/08/18,None,None
351765,1300000.0,,-19.937989,-43.95942969999999,4,4,2,,1.0,400.0,oeste,Gutierrez,12/08/18,None,None
353337,1300000.0,,-19.9349276,-43.95957150000004,4,2,1,,391.13,1500.0,oeste,Gutierrez,12/08/18,None,None
363267,1300000.0,,-19.941886399999998,-43.929552100000016,4,3,1,,363.77,1200.0,centro-sul,Cruzeiro,12/08/18,None,None
364611,1300000.0,,-19.933688699999998,-43.94973870000001,4,2,1,,358.75,1265.0,centro-sul,Santo Agostinho,12/08/18,None,None
396302,1300000.0,,-19.943673999999998,-43.91659800000002,4,3,1,,545.45,2030.0,centro-sul,Serra,12/08/18,None,None
604195,1300000.0,,-19.8577851,-43.95106140000002,4,3,2,,353.65,600.0,pampulha,Liberdade,12/08/18,None,None
2092243,1300000.0,,-19.8975495,-43.9241017,4,3,1,,393.08,1100.0,leste,Sagrada Família,12/08/18,None,None
3233891,1300000.0,,-19.932969500000002,-43.9259265,5,4,4,,280.63,2400.0,centro-sul,Funcionários,12/08/18,None,None
3237950,1300000.0,,-19.9220546,-43.92625570000001,4,3,2,,345.26,700.0,noroeste,Minas Brasil,12/08/18,None,None
3240113,1300000.0,,-19.9397107,-43.91805210000001,4,4,2,,789.0,1500.0,centro-sul,Serra,12/08/18,None,None
3242593,1300000.0,,-19.9246069,-43.99020899999999,4,3,1,,276.36,455.0,noroeste,Coração Eucarístico,12/08/18,None,None
3244635,1300000.0,,-19.9274882,-43.91728309999996,3,3,1,,480.0,1900.0,centro-sul,Santa Efigênia,12/08/18,None,None
3248109,1300000.0,,-19.9493851,-43.93107069999997,4,2,1,,608.0,2100.0,centro-sul,Sion,12/08/18,None,None
3249733,1300000.0,,-19.942232699999998,-43.92218980000001,4,4,2,,554.0,1700.0,centro-sul,Serra,12/08/18,None,None
3257897,1300000.0,,-19.969006,-43.97092700000002,4,4,4,,412.93,900.0,oeste,Buritis,12/08/18,None,None
227683,1304191.0,,-19.9357199,-43.9285888,3,2,1,,400.0,580.0,centro-sul,Funcionários,12/08/18,None,None
227686,1304191.0,,-19.9357813,-43.92859240000002,3,2,1,,400.0,580.0,centro-sul,Funcionários,12/08/18,None,None
170036,1310000.0,,-19.9407879,-43.9195972,3,2,1,,214.58,1200.0,centro-sul,Serra,12/08/18,None,None
348560,1310000.0,,-19.9551712,-43.9385092,4,3,3,,336.26,1000.0,centro-sul,Sion,12/08/18,None,None
351768,1310000.0,,-19.937989,-43.95942969999999,4,4,2,,1.0,400.0,oeste,Gutierrez,12/08/18,None,None
227759,1314609.0,,-19.9357813,-43.92859240000002,3,2,1,,400.0,580.0,centro-sul,Funcionários,12/08/18,None,None
227833,1314609.0,,-19.9357813,-43.92859240000002,3,2,1,,400.0,580.0,centro-sul,Funcionários,12/08/18,None,None
227905,1314609.0,,-19.9357813,-43.92859240000002,3,2,1,,400.0,580.0,centro-sul,Funcionários,12/08/18,None,None
68243,1320000.0,,-19.924843,-43.9429288,2,2,2,,542.0,1700.0,centro-sul,Lourdes,12/08/18,None,None
169881,1320000.0,,-19.946279,-43.936777000000006,3,2,1,,0.0,350.0,centro-sul,São Pedro,12/08/18,None,None
3235615,1320000.0,,-19.9539354,-43.937254199999984,3,3,2,,1.0,1.0,centro-sul,Sion,12/08/18,None,None
227910,1325159.0,,-19.9357813,-43.92859240000002,3,2,1,,400.0,580.0,centro-sul,Funcionários,12/08/18,None,None
227982,1325159.0,,-19.9357813,-43.92859240000002,3,2,1,,400.0,580.0,centro-sul,Funcionários,12/08/18,None,None
137573,1330000.0,,-19.9258005,-43.95133959999998,3,2,1,,501.95,840.0,centro-sul,Santo Agostinho,12/08/18,None,None
294318,1340000.0,,-19.929121,-43.92738299999996,4,2,1,,0.01,1300.0,centro-sul,Funcionários,12/08/18,None,None
348493,1340000.0,,-19.944256,-43.94413500000002,4,4,2,,132.0,1100.0,centro-sul,Santo Antônio,12/08/18,None,None
3257946,1340000.0,,-19.935720899999996,-43.92859240000002,3,3,1,,400.0,580.0,centro-sul,Funcionários,12/08/18,None,None
1822688,1349000.0,,-19.9342973,-43.92950450000001,4,3,1,,512.0,1349.0,centro-sul,Funcionários,12/08/18,None,None
13822,1350000.0,,-19.948083399999998,-43.94156370000002,4,2,2,,320.0,1050.0,centro-sul,Santo Antônio,12/08/18,None,None
43671,1350000.0,,-19.9447699,-43.95404389999999,4,3,1,,403.0,1470.0,centro-sul,Luxemburgo,12/08/18,None,None
54932,1350000.0,,-19.934816636589147,-43.95918180793456,4,5,2,,478.0,900.0,oeste,Gutierrez,12/08/18,None,None
135506,1350000.0,,-19.9279331,-43.950554600000025,4,1,1,,395.77,1600.0,centro-sul,Santo Agostinho,12/08/18,None,None
167336,1350000.0,,-19.9541702,-43.92621120000001,4,2,1,,323.0,800.0,centro-sul,Comiteco,12/08/18,None,None
169683,1350000.0,,-19.944570600000002,-43.92647090000003,4,4,2,,635.82,1450.0,centro-sul,Cruzeiro,12/08/18,None,None
192752,1350000.0,,-19.9323725,-43.9395783,2,3,2,,350.0,1050.0,centro-sul,Lourdes,12/08/18,None,None
332358,1350000.0,,-19.9454661,-43.92516469999998,4,2,1,,719.09,1100.0,centro-sul,Cruzeiro,12/08/18,None,None
334487,1350000.0,,-19.9458336,-43.92888549999998,3,2,1,,225.0,225.0,centro-sul,Cruzeiro,12/08/18,None,None
343159,1350000.0,,-19.9344104,-43.93314750000002,3,3,1,,290.0,1000.0,centro-sul,Savassi,12/08/18,None,None
347728,1350000.0,,-19.9336865,-43.955282099999984,4,3,1,,280.0,700.0,oeste,Gutierrez,12/08/18,None,None
349605,1350000.0,,-19.9471108,-43.95209160000002,3,2,1,,393.0,700.0,centro-sul,Luxemburgo,12/08/18,None,None
351202,1350000.0,,-19.949362899999997,-43.9593223,4,4,3,,320.0,1300.0,centro-sul,Luxemburgo,12/08/18,None,None
356060,1350000.0,,-19.943715899999997,-43.9302123,4,2,1,,414.56,1450.0,centro-sul,Carmo,12/08/18,None,None
356257,1350000.0,,-19.8833861,-44.02833780000003,4,3,2,,435.56,750.0,oeste,Prado,12/08/18,None,None
1672376,1350000.0,,-19.892364800000003,-43.92563630000001,4,2,2,,354.0,800.0,leste,Cidade Nova,12/08/18,None,None
1745357,1350000.0,,-19.9276262,-43.9453552,3,2,1,,4500.0,880.0,centro-sul,Lourdes,12/08/18,None,None
1942482,1350000.0,,-19.9423736,-43.9451727,4,3,2,,581.61,500.0,centro-sul,Santo Antônio,12/08/18,None,None
3216619,1350000.0,,-19.8716579,-43.93312860000003,4,1,2,,304.06,1059.0,nordeste,Palmares,12/08/18,None,None
3242080,1350000.0,,-19.8611245,-43.9442522,4,7,4,,275.38,588.48,pampulha,Jaraguá,12/08/18,None,None
2183603,1352000.0,,-19.9492742,-43.93094439999999,4,2,1,,596.21,1600.0,centro-sul,Carmo,12/08/18,None,None
2232974,1360000.0,,-19.952765,-43.928075000000035,4,4,2,,1.0,1.0,centro-sul,Anchieta,12/08/18,None,None
2232982,1360000.0,,-19.952765,-43.928075000000035,4,4,2,,1.0,1.0,centro-sul,Anchieta,12/08/18,None,None
57729,1370000.0,,-19.9516167,-43.92872829999999,4,3,2,,350.11,1100.0,centro-sul,Anchieta,12/08/18,None,None
170098,1370000.0,,-19.973063500000002,-43.939942299999984,4,3,1,,519.0,1470.0,centro-sul,Belvedere,12/08/18,None,None
207956,1375618.0,,-19.9357813,-43.92859240000002,3,2,1,,400.0,580.0,centro-sul,Funcionários,12/08/18,None,None
246040,1380000.0,,-19.928704999999997,-43.94298089999995,4,2,1,,401.12,1250.0,centro-sul,Lourdes,12/08/18,None,None
341178,1380000.0,,-19.9499993,-43.9587287,4,4,2,,666.21,1400.0,centro-sul,Luxemburgo,12/08/18,None,None
366571,1380000.0,,-19.934600500000002,-43.957228999999984,4,4,1,,511.1,2157.11,oeste,Gutierrez,12/08/18,None,None
3234669,1380000.0,,-19.9517323,-43.9498309,4,3,2,,643.22,1700.0,centro-sul,Vila Paris,12/08/18,None,None
3245891,1380000.0,,-19.9190944,-43.93300850000003,4,4,1,,202.0,1200.0,leste,Floresta,12/08/18,None,None
52131,1390000.0,,-19.923722,-43.92579720000003,3,2,1,,600.0,1100.0,centro-sul,Funcionários,12/08/18,None,None
114684,1390000.0,,-19.9762515,-43.94413080000004,4,2,1,,800.0,2500.0,centro-sul,Belvedere,12/08/18,None,None
185694,1390000.0,,-19.92875,-43.92452049999997,3,2,1,,472.0,1696.0,centro-sul,Santa Efigênia,12/08/18,None,None
357981,1390000.0,,-19.951828,-43.92863950000003,4,3,2,,594.95,1550.0,centro-sul,Sion,12/08/18,None,None
2233843,1390000.0,,-19.952765,-43.928075000000035,4,4,2,,1.0,1.0,centro-sul,Anchieta,12/08/18,None,None
2234688,1390000.0,,-19.952765,-43.928075000000035,4,4,2,,1.0,1.0,centro-sul,Anchieta,12/08/18,None,None
3235061,1390000.0,,-19.9559591,-43.936581400000016,4,4,4,,502.68,1004.21,centro-sul,Sion,12/08/18,None,None
3246263,1390000.0,,-19.953397,-43.93422099999998,4,3,1,,365.92,2400.0,centro-sul,Sion,12/08/18,None,None
3246518,1390000.0,,-19.9293539,-43.93131260000001,4,2,1,,351.27,1500.0,centro-sul,Savassi,12/08/18,None,None
127459,1395000.0,,-19.947236399999998,-43.95205909999999,3,3,1,,596.76,1329.75,centro-sul,Luxemburgo,12/08/18,None,None
3245327,1395000.0,,-19.946773800000003,-43.93271490000001,4,4,2,,461.0,660.0,centro-sul,Sion,12/08/18,None,None
333813,1398450.0,,-19.951875,-43.929022499999974,3,2,1,,373.84,300.0,centro-sul,Anchieta,12/08/18,None,None
14415,1400000.0,,-19.9523426,-43.92368210000001,4,2,1,,365.8,1000.0,centro-sul,Anchieta,12/08/18,None,None
131373,1400000.0,,-19.929369199999996,-43.939884000000006,4,3,2,,279.0,1339.0,centro-sul,Lourdes,12/08/18,None,None
134868,1400000.0,,-19.973872,-43.97023100000001,5,5,2,,363.63,700.0,oeste,Buritis,12/08/18,None,None
151590,1400000.0,,-19.9384105,-43.94088469999997,3,2,1,,398.71,1180.0,centro-sul,Lourdes,12/08/18,None,None
160495,1400000.0,,-19.9489206,-43.91967130000001,4,2,1,,375.0,2000.0,centro-sul,Sion,12/08/18,None,None
336882,1400000.0,,-19.937865600000002,-43.931134199999974,4,3,1,,412.01,1350.0,centro-sul,Savassi,12/08/18,None,None
348343,1400000.0,,-19.9758483,-43.94315089999998,3,3,1,,9779.51,1696.0,centro-sul,Belvedere,12/08/18,None,None
351954,1400000.0,,-19.946340600000003,-43.93932369999999,4,3,3,,430.0,1500.0,centro-sul,São Pedro,12/08/18,None,None
804956,1400000.0,,-19.946588100000003,-43.92357249999998,4,3,1,,389.96,1950.0,centro-sul,Cruzeiro,12/08/18,None,None
1011767,1400000.0,,-19.886384,-43.92447200000004,4,2,2,,364.0,900.0,leste,Cidade Nova,12/08/18,None,None
1812245,1400000.0,,-19.9479749,-43.952842499999974,4,2,2,,456.32,1000.0,centro-sul,Luxemburgo,12/08/18,None,None
1824828,1400000.0,,-19.9365628,-43.94032579999998,3,4,3,,763.47,1889.71,centro-sul,Santo Agostinho,12/08/18,None,None
1907666,1400000.0,,-19.8782389,-43.9955349,4,6,2,,389.28,1100.0,pampulha,Castelo,12/08/18,None,None
3239523,1400000.0,,-19.929795000000002,-43.94726850000001,4,2,1,,459.9,942.01,centro-sul,Santo Agostinho,12/08/18,None,None
1887585,1420000.0,,-19.941738,-43.94616600000001,4,4,2,,1.0,609.0,centro-sul,Santo Antônio,12/08/18,None,None
51747,1430000.0,,-19.9361492,-43.955812400000006,4,4,2,,413.0,1300.0,oeste,Gutierrez,12/08/18,None,None
146110,1430000.0,,-19.916576100000004,-43.93467989999999,4,2,1,,390.0,1200.0,centro-sul,Lourdes,12/08/18,None,None
2234690,1430000.0,,-19.952765,-43.928075000000035,4,4,2,,1.0,1.0,centro-sul,Anchieta,12/08/18,None,None
2234692,1430000.0,,-19.952765,-43.928075000000035,4,4,2,,1.0,1.0,centro-sul,Anchieta,12/08/18,None,None
3236664,1430000.0,,-19.9342973,-43.92950450000001,4,2,1,,538.54,1496.0,centro-sul,Santa Efigênia,12/08/18,None,None
221756,1440000.0,,-19.948276999999997,-43.92603170000001,4,2,1,,458.56,2900.0,centro-sul,Anchieta,12/08/18,None,None
34457,1450000.0,,-19.944399100000002,-43.9249438,4,2,1,,752.72,1100.0,centro-sul,Cruzeiro,12/08/18,None,None
43786,1450000.0,,-19.940071,-43.94578999999999,3,3,1,,1.0,1.0,centro-sul,Santo Antônio,12/08/18,None,None
50629,1450000.0,,-19.9318508,-43.9402326,4,3,1,,633.49,1100.0,centro-sul,Lourdes,12/08/18,None,None
52666,1450000.0,,-19.934722600000004,-43.95308560000001,4,4,2,,209.51,950.0,oeste,Gutierrez,12/08/18,None,None
58784,1450000.0,,-19.9260503,-43.92406119999998,4,2,1,,464.58,1050.0,centro-sul,Funcionários,12/08/18,None,None
148148,1450000.0,,-19.942244600000002,-43.94896790000002,3,4,3,,492.0,2200.0,centro-sul,Santo Antônio,12/08/18,None,None
151576,1450000.0,,-19.916576100000004,-43.93467989999999,3,2,1,,401.97,687.41,centro-sul,Lourdes,12/08/18,None,None
162444,1450000.0,,-19.9267169,-43.92561669999998,4,3,1,,531.54,1200.0,centro-sul,Santa Efigênia,12/08/18,None,None
165162,1450000.0,,-19.926979,-43.94334090000001,4,2,1,,430.95,1300.0,centro-sul,Lourdes,12/08/18,None,None
333782,1450000.0,,-19.9510733,-43.92951490000002,4,3,2,,618.0,2300.0,centro-sul,Anchieta,12/08/18,None,None
350243,1450000.0,,-19.946496399999997,-43.95561850000002,4,4,2,,682.95,1500.0,centro-sul,Luxemburgo,12/08/18,None,None
365992,1450000.0,,-19.8604092,-43.9677792,4,4,4,,350.0,710.0,pampulha,São José (pampulha),12/08/18,None,None
1517717,1450000.0,,-19.9286939,-43.9530661,4,1,1,,470.0,1700.0,centro-sul,Santo Agostinho,12/08/18,None,None
2222069,1450000.0,,-19.952765,-43.928075000000035,4,4,2,,1.0,1.0,centro-sul,Anchieta,12/08/18,None,None
2233032,1450000.0,,-19.952765,-43.928075000000035,4,4,2,,1.0,1.0,centro-sul,Anchieta,12/08/18,None,None
3215076,1450000.0,,-19.930793899999998,-43.93490180000003,4,3,1,,485.76,1413.83,centro-sul,Funcionários,12/08/18,None,None
3238154,1450000.0,,-19.958722899999998,-43.93768169999999,4,2,1,,451.0,1300.0,centro-sul,Sion,12/08/18,None,None
3245453,1450000.0,,-19.9322556,-43.96386380000001,4,4,2,,500.0,1600.0,oeste,Grajaú,12/08/18,None,None
3245663,1450000.0,,-19.928887,-43.95150790000002,4,4,2,,800.0,1419.0,centro-sul,Santo Agostinho,12/08/18,None,None
208706,1460000.0,,-19.9532592,-43.9342633,4,4,2,,0.01,1600.0,centro-sul,Sion,12/08/18,None,None
342793,1470000.0,,-19.9323069,-43.963812099999984,4,4,2,,480.0,1900.0,oeste,Gutierrez,12/08/18,None,None
134138,1480000.0,,-19.9445033,-43.93192370000003,3,3,1,,2128.0,500.0,centro-sul,Sion,12/08/18,None,None
346470,1480000.0,,-19.9534581,-43.93112639999998,4,4,2,,591.0,1300.0,centro-sul,Sion,12/08/18,None,None
352785,1480000.0,,-19.9418973,-43.92200809999997,4,5,2,,550.0,1780.0,centro-sul,Serra,12/08/18,None,None
358867,1480000.0,,-19.932307,-43.96378800000002,4,5,2,,480.0,1600.0,oeste,Grajaú,12/08/18,None,None
359547,1485000.0,,-19.9331219,-43.93268000000001,2,2,1,,177.0,1500.0,centro-sul,Savassi,12/08/18,None,None
3247020,1487446.65,,-19.929085699999998,-43.95610369999997,3,2,1,,1.0,1.0,centro-sul,Santo Agostinho,12/08/18,None,None
3255801,1488000.0,,-19.935963,-43.95436699999999,4,5,2,,703.0,1633.0,oeste,Gutierrez,12/08/18,None,None
5931,1490000.0,,-19.9542701,-43.93685479999999,4,3,1,,483.31,1235.0,centro-sul,Sion,12/08/18,None,None
36814,1490000.0,,-19.938628,-43.95645289999999,4,3,2,,533.15,2456.63,oeste,Gutierrez,12/08/18,None,None
101816,1490000.0,,-19.9669157,-43.9498352,4,5,3,,589.0,2408.0,centro-sul,Santa Lúcia,12/08/18,None,None
149823,1490000.0,,-19.966673800000002,-43.96548989999997,4,4,2,,532.72,1200.0,oeste,Buritis,12/08/18,None,None
353576,1490000.0,,-19.932307,-43.96378800000002,4,4,2,,480.0,1600.0,oeste,Gutierrez,12/08/18,None,None
357713,1490000.0,,-19.9492742,-43.93094439999999,4,2,1,,570.0,1380.0,centro-sul,Sion,12/08/18,None,None
1912052,1490000.0,,-19.963848000000002,-43.94866400000001,4,3,2,,645.81,1400.0,centro-sul,Santa Lúcia,12/08/18,None,None
3235251,1490000.0,,-19.9441994,-43.93784240000002,4,3,2,,496.0,1700.0,centro-sul,São Pedro,12/08/18,None,None
3242066,1490000.0,,-19.888482,-43.93430000000001,4,3,2,,553.33,589.31,nordeste,Silveira,12/08/18,None,None
3251902,1490000.0,,-19.9324246,-43.9576849,4,4,1,,387.84,350.0,oeste,Gutierrez,12/08/18,None,None
6882,1500000.0,,-19.943400600000004,-43.92279940000003,4,3,2,,554.73,1800.0,centro-sul,Serra,12/08/18,None,None
9129,1500000.0,,-19.957566,-43.93789270000002,5,4,2,,340.0,1470.0,centro-sul,Sion,12/08/18,None,None
58767,1500000.0,,-19.9483673,-43.93032979999998,4,3,3,,511.0,700.0,centro-sul,Sion,12/08/18,None,None
65494,1500000.0,,-19.9361492,-43.955812400000006,3,5,3,,533.0,1300.0,oeste,Gutierrez,12/08/18,None,None
65545,1500000.0,,-19.9336326,-43.93578869999999,4,2,1,,485.76,1413.83,centro-sul,Funcionários,12/08/18,None,None
128285,1500000.0,,-19.932754100000004,-43.93685210000001,3,2,1,,590.0,400.0,centro-sul,Funcionários,12/08/18,None,None
129108,1500000.0,,-19.946729,-43.932507999999984,4,3,3,,636.0,2000.0,centro-sul,Sion,12/08/18,None,None
151601,1500000.0,,-19.945559399999997,-43.955683300000025,4,4,2,,290.0,1200.0,centro-sul,Luxemburgo,12/08/18,None,None
165040,1500000.0,,-19.859776699999998,-43.963353900000016,0,6,1,,0.01,1100.0,pampulha,São José (pampulha),12/08/18,None,None
173117,1500000.0,,-19.932557199999998,-43.95454860000001,4,2,1,,366.0,1500.0,centro-sul,Santo Agostinho,12/08/18,None,None
180188,1500000.0,,-19.9317563,-43.93002150000001,4,2,1,,570.0,1600.0,centro-sul,Savassi,12/08/18,None,None
185950,1500000.0,,-19.9317563,-43.93002150000001,4,2,1,,553.89,1600.0,centro-sul,Funcionários,12/08/18,None,None
201055,1500000.0,,-19.9476424,-43.926370599999984,4,2,1,,458.14,2000.0,centro-sul,Anchieta,12/08/18,None,None
335645,1500000.0,,-19.933885,-43.92723799999999,4,2,1,,683.02,1601.47,centro-sul,Savassi,12/08/18,None,None
338857,1500000.0,,-19.9382176,-43.9398253,4,2,1,,366.0,1200.0,centro-sul,Lourdes,12/08/18,None,None
342124,1500000.0,,-19.930685600000004,-43.9287104,5,3,1,,478.0,790.0,centro-sul,Funcionários,12/08/18,None,None
357203,1500000.0,,-19.935019399999998,-43.95958180000002,4,2,1,,390.0,1500.0,oeste,Gutierrez,12/08/18,None,None
364769,1500000.0,,-19.95125348074092,-43.928624368786586,4,2,1,,326.82,700.0,centro-sul,Anchieta,12/08/18,None,None
365445,1500000.0,,-19.9334238,-43.94395539999999,4,3,1,,498.8,1500.0,centro-sul,Santo Agostinho,12/08/18,None,None
487375,1500000.0,,-19.9329763,-43.94533660000002,4,2,1,,608.0,1700.0,centro-sul,Santo Agostinho,12/08/18,None,None
615950,1500000.0,,-19.9460502,-43.92558830000002,3,3,1,,1.0,1.0,centro-sul,Cruzeiro,12/08/18,None,None
1528624,1500000.0,,-19.925714000000003,-43.94934809999995,2,3,2,,355.94,510.0,centro-sul,Santo Agostinho,12/08/18,None,None
3239078,1500000.0,,-19.9344522,-43.95791220000001,3,3,1,,267.95,1045.0,oeste,Gutierrez,12/08/18,None,None
3245932,1500000.0,,-19.8809885,-43.997404500000016,4,1,2,,350.0,1000.0,pampulha,Castelo,12/08/18,None,None
351763,1530000.0,,-19.937989,-43.95942969999999,4,4,2,,1.0,400.0,oeste,Gutierrez,12/08/18,None,None
154574,1540000.0,,-19.9326207,-43.95109289999999,4,3,1,,492.0,2200.0,centro-sul,Santo Agostinho,12/08/18,None,None
486686,1549000.0,,-19.9681801,-43.9593471,4,3,1,,201.0,0.0,oeste,Estoril,12/08/18,None,None
7471,1550000.0,,-19.947458899999997,-43.92971720000003,4,4,2,,516.0,2000.0,centro-sul,Sion,12/08/18,None,None
127180,1550000.0,,-19.874339000000003,-43.98208699999998,4,3,3,,225.0,1000.0,pampulha,Ouro Preto,12/08/18,None,None
148645,1550000.0,,-19.938904,-43.92356899999999,4,2,2,,0.01,2400.0,centro-sul,Serra,12/08/18,None,None
1950313,1550000.0,,-19.932021399999996,-43.94414230000001,4,4,1,,479.0,1150.0,centro-sul,Lourdes,12/08/18,None,None
2703919,1550000.0,,-19.936853600000003,-43.94071400000002,4,4,3,,471.91,1000.0,centro-sul,Lourdes,12/08/18,None,None
3246261,1550000.0,,-19.937559,-43.95594199999999,4,3,3,,580.63,1100.0,oeste,Gutierrez,12/08/18,None,None
617414,1557000.0,,-19.9460502,-43.92558830000002,3,3,1,,1.0,1.0,centro-sul,Cruzeiro,12/08/18,None,None
617415,1557000.0,,-19.9460502,-43.92558830000002,3,3,1,,1.0,1.0,centro-sul,Cruzeiro,12/08/18,None,None
366701,1565920.0,,-19.968884,-43.965845,4,3,1,,0.01,1.0,oeste,Estoril,12/08/18,None,None
956502,1570000.0,,-19.9322398,-43.9396888,4,2,1,,414.86,1220.0,centro-sul,Savassi,12/08/18,None,None
20320,1580000.0,,-19.944499399999998,-43.9444992,4,4,2,,360.0,380.0,centro-sul,Santo Antônio,12/08/18,None,None
347661,1580000.0,,-19.909806600000003,-43.933039399999984,4,5,2,,308.61,680.0,leste,Floresta,12/08/18,None,None
1349379,1580000.0,,-19.9638715,-43.94864680000001,4,4,2,,850.0,1000.0,centro-sul,Santa Lúcia,12/08/18,None,None
3248696,1580000.0,,-19.934496600000003,-43.95801349999999,4,3,1,,694.0,1400.0,oeste,Gutierrez,12/08/18,None,None
366699,1580240.0,,-19.968884,-43.965845,4,2,1,,1.0,1.0,oeste,Estoril,12/08/18,None,None
147767,1590000.0,,-19.930744600000004,-43.94577140000001,4,2,1,,496.31,1500.0,centro-sul,Lourdes,12/08/18,None,None
206724,1590000.0,,-19.938570600000002,-43.95656610000003,4,4,2,,524.95,1320.0,oeste,Gutierrez,12/08/18,None,None
335221,1590000.0,,-19.9430288,-43.9382961,4,1,1,,429.0,1350.0,centro-sul,São Pedro,12/08/18,None,None
353929,1590000.0,,-19.930873100000003,-43.933862100000006,4,3,2,,486.96,1280.0,centro-sul,Funcionários,12/08/18,None,None
415070,1590000.0,,-19.9188093,-43.98906629999999,4,4,1,,494.62,700.0,noroeste,Minas Brasil,12/08/18,None,None
519821,1590000.0,,-19.928874399999998,-43.95408670000001,4,3,2,,471.0,1245.0,centro-sul,Santo Agostinho,12/08/18,None,None
1786603,1590000.0,,-19.9302025,-43.94090169999998,4,3,1,,591.3,1800.0,centro-sul,Lourdes,12/08/18,None,None
30456,1600000.0,,-19.928916,-43.9464921,4,2,1,,468.59,1300.0,centro-sul,Savassi,12/08/18,None,None
38417,1600000.0,,-19.9664341,-43.94394899999998,4,3,2,,285.0,1000.0,centro-sul,São Bento,12/08/18,None,None
46653,1600000.0,,-19.942469,-43.936036,4,2,1,,578.45,2150.0,centro-sul,São Pedro,12/08/18,None,None
50542,1600000.0,,-19.9165747,-43.934839200000006,4,2,1,,640.85,1300.0,centro-sul,Savassi,12/08/18,None,None
66089,1600000.0,,-19.9334408,-43.94396,2,2,1,,419.33,1215.67,centro-sul,Lourdes,12/08/18,None,None
67763,1600000.0,,-19.9546578,-43.931170899999984,4,4,4,,700.0,2130.0,centro-sul,Sion,12/08/18,None,None
132542,1600000.0,,-19.931843399999998,-43.93497170000001,4,1,1,,277.0,640.0,centro-sul,Savassi,12/08/18,None,None
146882,1600000.0,,-19.937004,-43.954398999999974,4,3,3,,400.0,1500.0,oeste,Gutierrez,12/08/18,None,None
149264,1600000.0,,-19.9493851,-43.93107069999997,4,3,2,,864.0,1500.0,centro-sul,Sion,12/08/18,None,None
169904,1600000.0,,-19.946279,-43.936777000000006,3,2,1,,1.0,350.0,centro-sul,São Pedro,12/08/18,None,None
172785,1600000.0,,-19.875660600000003,-43.9999929,7,4,4,,265.0,300.0,pampulha,Castelo,12/08/18,None,None
172902,1600000.0,,-19.932619,-43.9311093,4,3,1,,410.0,1250.0,centro-sul,Funcionários,12/08/18,None,None
172903,1600000.0,,-19.9326375,-43.93093740000001,4,3,1,,410.0,1250.0,centro-sul,Funcionários,12/08/18,None,None
172904,1600000.0,,-19.932619,-43.9311093,4,3,1,,410.0,1250.0,centro-sul,Funcionários,12/08/18,None,None
188516,1600000.0,,-19.948795699999998,-43.93689819999997,4,3,1,,358.0,800.0,centro-sul,São Pedro,12/08/18,None,None
227754,1600000.0,,-19.9501438,-43.95115149999998,4,2,1,,454.0,1800.0,centro-sul,Vila Paris,12/08/18,None,None
249598,1600000.0,,-19.946340600000003,-43.93932369999999,4,3,1,,433.25,1200.0,centro-sul,Santo Antônio,12/08/18,None,None
256104,1600000.0,,-19.9280725,-43.92589169999997,4,3,2,,636.0,1500.0,centro-sul,Santa Efigênia,12/08/18,None,None
338303,1600000.0,,-19.9404678,-43.93086940000001,4,3,2,,389.58,900.0,centro-sul,Sion,12/08/18,None,None
339390,1600000.0,,-19.94284,-43.92737199999999,4,4,2,,0.01,0.01,centro-sul,Cruzeiro,12/08/18,None,None
341215,1600000.0,,-19.9427148,-43.9233064,4,2,1,,550.0,1400.0,centro-sul,Serra,12/08/18,None,None
352802,1600000.0,,-19.932799,-43.928657999999984,4,3,2,,720.0,1200.0,centro-sul,Savassi,12/08/18,None,None
353577,1600000.0,,-19.9378852,-43.92868709999999,4,3,1,,677.08,1583.0,centro-sul,Savassi,12/08/18,None,None
355726,1600000.0,,-19.9360052,-43.92774270000001,4,3,1,,5481.11,1100.0,centro-sul,Funcionários,12/08/18,None,None
356000,1600000.0,,-19.9342285,-43.931464300000016,4,5,4,,741.0,950.0,centro-sul,Savassi,12/08/18,None,None
358137,1600000.0,,-19.954607199999998,-43.93355300000002,4,5,2,,780.0,1900.0,centro-sul,Sion,12/08/18,None,None
362633,1600000.0,,-19.9522859,-43.93425730000001,4,3,1,,642.89,1400.0,centro-sul,Sion,12/08/18,None,None
397368,1600000.0,,-19.942415,-43.91819699999997,4,3,2,,461.31,1650.0,centro-sul,Serra,12/08/18,None,None
486669,1600000.0,,-19.9361492,-43.955812400000006,4,4,2,,737.15,1990.0,oeste,Gutierrez,12/08/18,None,None
1580823,1600000.0,,-19.9286505,-43.9538182,3,5,3,,821.35,1550.0,centro-sul,Santo Agostinho,12/08/18,None,None
1977981,1600000.0,,-19.937436399999996,-43.95984440000001,4,2,2,,513.68,1300.0,oeste,Gutierrez,12/08/18,None,None
3215612,1600000.0,,-19.9478093,-43.920364800000016,4,2,1,,723.0,1400.0,centro-sul,Serra,12/08/18,None,None
3243475,1600000.0,,-19.858492977730613,-43.95767246032716,4,2,4,,420.0,600.0,pampulha,Liberdade,12/08/18,None,None
3250291,1600000.0,,-19.925768899999998,-43.92528419999997,4,3,2,,755.0,2122.0,centro-sul,Santa Efigênia,12/08/18,None,None
3255500,1600000.0,,-19.974794199999998,-43.94021069999997,4,3,4,,1054.29,1900.0,centro-sul,Belvedere,12/08/18,None,None
365525,1630000.0,,-19.9376242,-43.95599909999999,4,4,2,,649.84,1300.0,oeste,Gutierrez,12/08/18,None,None
517497,1640000.0,,-19.9342973,-43.92950450000001,4,3,0,,522.63,1500.0,centro-sul,Funcionários,12/08/18,None,None
5809,1650000.0,,-19.9758638,-43.94437010000002,4,3,2,,960.0,2200.0,centro-sul,Belvedere,12/08/18,None,None
59633,1650000.0,,-19.9551199,-43.93087750000001,4,3,2,,769.5,1120.0,centro-sul,Sion,12/08/18,None,None
1695882,1650000.0,,-19.9552442,-43.931218,4,4,3,,748.24,2200.0,centro-sul,Sion,12/08/18,None,None
1949818,1650000.0,,-19.938513,-43.92268139999999,4,2,1,,720.07,2220.0,centro-sul,Serra,12/08/18,None,None
3248906,1650000.0,,-19.9343998,-43.94560669999999,4,3,1,,461.74,1100.0,centro-sul,Lourdes,12/08/18,None,None
3250316,1650000.0,,-19.953850199999998,-43.9277535,4,3,2,,385.73,400.0,centro-sul,Sion,12/08/18,None,None
3253981,1655000.0,,-19.928984699999997,-43.95167249999997,3,3,3,,586.0,1200.0,centro-sul,Santo Agostinho,12/08/18,None,None
160839,1660000.0,,-19.955307100000002,-43.93705920000002,4,4,2,,0.01,0.01,centro-sul,Sion,12/08/18,None,None
170977,1660000.0,,-19.9429664,-43.93912190000003,4,5,3,,480.0,1600.0,centro-sul,Savassi,12/08/18,None,None
42190,1680000.0,,-19.952544500000002,-43.933978,4,3,1,,611.2,2500.0,centro-sul,Sion,12/08/18,None,None
3256881,1680000.0,,-19.972986,-43.97143399999999,4,7,2,,339.0,500.0,oeste,Buritis,12/08/18,None,None
1016400,1690000.0,,-19.949434,-43.92250809999996,4,2,1,,413.98,1350.0,centro-sul,Sion,12/08/18,None,None
3237531,1690000.0,,-19.955209399999998,-43.9351878,4,3,2,,922.0,2000.0,centro-sul,Sion,12/08/18,None,None
3238753,1690000.0,,-19.946028899999998,-43.93228349999998,4,4,2,,689.98,2210.0,centro-sul,Sion,12/08/18,None,None
3239554,1690000.0,,-19.940853699999998,-43.9431836,4,4,2,,443.0,1500.0,centro-sul,Santo Antônio,12/08/18,None,None
3252566,1690000.0,,-19.937631,-43.98374999999999,4,4,2,,759.16,1890.0,centro-sul,Santo Antônio,12/08/18,None,None
6381,1700000.0,,-19.941346300000003,-43.94211489999998,4,3,2,,443.5,1460.0,centro-sul,Santo Antônio,12/08/18,None,None
41893,1700000.0,,-19.976342600000002,-43.967228500000026,4,5,4,,453.25,1100.0,oeste,Buritis,12/08/18,None,None
48623,1700000.0,,-19.951876300000002,-43.93445750000001,4,4,2,,1.0,1500.0,centro-sul,Sion,12/08/18,None,None
48802,1700000.0,,-19.9521333,-43.93421599999999,4,2,2,,1.0,1500.0,centro-sul,Sion,12/08/18,None,None
48804,1700000.0,,-19.952133299999982,-43.93438766137695,4,2,2,,1.0,1500.0,centro-sul,Sion,12/08/18,None,None
51354,1700000.0,,-19.919231,-43.93741160000002,4,2,1,,396.27,720.0,centro-sul,Lourdes,12/08/18,None,None
136904,1700000.0,,-19.954626,-43.93324200000001,4,4,2,,691.99,1800.0,centro-sul,Sion,12/08/18,None,None
160662,1700000.0,,-19.9235777,-43.96548350000001,5,5,3,,600.0,600.0,oeste,Prado,12/08/18,None,None
169901,1700000.0,,-19.946279,-43.936777000000006,3,2,1,,1.0,350.0,centro-sul,São Pedro,12/08/18,None,None
342081,1700000.0,,-19.9301108,-43.94688969999999,4,4,2,,451.76,1423.0,centro-sul,Lourdes,12/08/18,None,None
346287,1700000.0,,-19.9300128,-43.94345529999998,4,1,2,,584.86,1450.0,centro-sul,Santo Agostinho,12/08/18,None,None
354805,1700000.0,,-19.931760399999998,-43.92570180000001,4,1,1,,369.04,2000.0,centro-sul,Funcionários,12/08/18,None,None
397545,1700000.0,,-19.9253677,-43.94470150000001,4,3,2,,988.5,870.0,centro-sul,Lourdes,12/08/18,None,None
1516566,1700000.0,,-19.9714819,-43.941813799999984,4,5,3,,825.64,1750.0,centro-sul,Belvedere,12/08/18,None,None
1517716,1700000.0,,-19.931860999999998,-43.94631400000003,4,3,1,,550.0,1550.0,centro-sul,Lourdes,12/08/18,None,None
1697133,1700000.0,,-19.955243399999997,-43.93122649999998,4,4,1,,668.0,2200.0,centro-sul,Sion,12/08/18,None,None
1841086,1700000.0,,-19.9413373,-43.94226209999999,4,4,2,,827.27,1300.0,centro-sul,Santo Antônio,12/08/18,None,None
3233104,1700000.0,,-19.929749800000003,-43.942930700000026,3,3,1,,831.0,1099.5,centro-sul,Lourdes,12/08/18,None,None
3245741,1700000.0,,-19.967875199999998,-43.9508136,4,5,3,,500.0,2600.0,centro-sul,Santa Lúcia,12/08/18,None,None
3249177,1700000.0,,-19.8836353,-43.92045680000001,4,2,2,,5480.81,900.0,nordeste,União,12/08/18,None,None
1522137,1714389.0,,-19.937625,-43.92197399999998,3,2,1,,547.97,800.0,centro-sul,Serra,12/08/18,None,None
62892,1720000.0,,-19.9551199,-43.93087750000001,4,2,1,,769.5,1100.0,centro-sul,Sion,12/08/18,None,None
148025,1720000.0,,-19.95287,-43.93411300000002,4,4,2,,1200.0,1000.0,centro-sul,Sion,12/08/18,None,None
48701,1724000.0,,-19.9521333,-43.93421599999999,4,4,2,,1.0,1500.0,centro-sul,Sion,12/08/18,None,None
366514,1724000.0,,-19.9522072,-43.9342107,4,4,2,,1.0,1500.0,centro-sul,Sion,12/08/18,None,None
154044,1725000.0,,-19.9352206,-43.93081459999996,4,2,1,,616.0,929.0,centro-sul,Savassi,12/08/18,None,None
351769,1730000.0,,-19.937989,-43.95942969999999,4,5,2,,1.0,400.0,oeste,Gutierrez,12/08/18,None,None
48705,1736000.0,,-19.9521333,-43.93421599999999,4,4,2,,1.0,1500.0,centro-sul,Sion,12/08/18,None,None
2138633,1740000.01,,-19.9512408,-43.92739460000002,6,8,4,,455.49,400.0,centro-sul,Anchieta,12/08/18,None,None
23508,1750000.0,,-19.931137,-43.92655070000001,4,4,2,,370.0,2242.0,centro-sul,Santa Efigênia,12/08/18,None,None
66979,1750000.0,,-19.940504500000003,-43.94070290000002,4,4,2,,728.0,1250.0,centro-sul,Santo Antônio,12/08/18,None,None
131818,1750000.0,,-19.949462399999998,-43.92260909999999,4,3,2,,706.0,1400.0,centro-sul,Anchieta,12/08/18,None,None
150569,1750000.0,,-19.9482252,-43.92033379999998,4,3,3,,695.0,1890.0,centro-sul,Serra,12/08/18,None,None
161445,1750000.0,,-19.9409734,-43.92372510000001,4,4,4,,500.66,1738.0,centro-sul,Serra,12/08/18,None,None
334549,1750000.0,,-19.951833999999998,-43.92917610000001,4,4,2,,830.0,1600.0,centro-sul,Anchieta,12/08/18,None,None
345499,1750000.0,,-19.9758638,-43.94437010000002,4,3,2,,955.47,1650.0,centro-sul,Belvedere,12/08/18,None,None
349185,1750000.0,,-19.9435913,-43.92909589999999,4,4,2,,490.0,1200.0,centro-sul,Sion,12/08/18,None,None
356331,1750000.0,,-19.93711,-43.96153600000002,4,5,2,,631.31,1100.0,oeste,Gutierrez,12/08/18,None,None
357205,1750000.0,,-19.9280917,-43.92434249999997,4,3,2,,809.91,900.0,centro-sul,Santa Efigênia,12/08/18,None,None
3237795,1750000.0,,-19.960384299999998,-43.9288282,4,3,2,,516.0,1800.0,centro-sul,Sion,12/08/18,None,None
3249281,1750000.0,,-19.934507500000002,-43.97721460000002,4,5,2,,0.0,400.0,oeste,Nova Suíssa,12/08/18,None,None
155608,1760000.0,,-19.951932,-43.93467900000002,4,4,2,,1.0,1500.0,centro-sul,Sion,12/08/18,None,None
1630720,1760000.0,,-19.9244421,-43.94716199999999,3,2,1,,350.0,1100.0,centro-sul,Santo Agostinho,12/08/18,None,None
3237026,1760000.0,,-19.927457999999998,-43.94304549999998,4,2,1,,721.0,1400.0,centro-sul,Santo Agostinho,12/08/18,None,None
3251660,1770000.0,,-19.923050600000003,-43.92465679999998,4,2,1,,643.21,1300.0,centro-sul,Santa Efigênia,12/08/18,None,None
150575,1780000.0,,-19.9283505,-43.94238999999999,4,2,1,,441.0,1570.0,centro-sul,Lourdes,12/08/18,None,None
370330,1780000.0,,-19.9337495,-43.942529000000036,3,3,1,,400.78,1450.0,centro-sul,Savassi,12/08/18,None,None
3244475,1780000.0,,-19.934197762100734,-43.956768873510725,4,4,2,,619.78,2600.0,oeste,Gutierrez,12/08/18,None,None
3257041,1780000.0,,-19.946121100000003,-43.92849639999997,4,3,2,,678.0,1600.0,centro-sul,Sion,12/08/18,None,None
159289,1790000.0,,-19.9352051,-43.930902400000036,4,2,1,,616.0,929.0,centro-sul,Savassi,12/08/18,None,None
364530,1790000.0,,-19.9418836,-43.93930999999998,5,3,1,,546.0,1600.0,centro-sul,Santo Antônio,12/08/18,None,None
3237608,1790000.0,,-19.93230194619625,-43.92824661481933,3,5,3,,450.0,1900.0,centro-sul,Santa Efigênia,12/08/18,None,None
3245238,1790000.0,,-19.9352132,-43.93132919999999,4,3,1,,780.0,900.0,centro-sul,Savassi,12/08/18,None,None
43802,1800000.0,,-19.934353100000003,-43.95479260000002,4,5,3,,583.33,1700.0,oeste,Gutierrez,12/08/18,None,None
50890,1800000.0,,-19.9341009,-43.94082400000002,4,4,2,,446.25,2083.0,centro-sul,Lourdes,12/08/18,None,None
124888,1800000.0,,-19.940579500000002,-43.94171130000001,4,6,2,,570.0,2000.0,centro-sul,Santo Antônio,12/08/18,None,None
160815,1800000.0,,-19.9322105,-43.944316500000006,4,4,4,,369.0,500.0,centro-sul,Lourdes,12/08/18,None,None
162435,1800000.0,,-19.946706,-43.95657849999998,4,3,2,,549.72,1200.0,centro-sul,Luxemburgo,12/08/18,None,None
339076,1800000.0,,-19.9428326,-43.92711429999997,4,4,2,,0.01,0.01,centro-sul,Cruzeiro,12/08/18,None,None
354010,1800000.0,,-19.935418300000002,-43.93082490000001,4,5,3,,729.42,700.0,centro-sul,Funcionários,12/08/18,None,None
364489,1800000.0,,-19.8887143,-43.92645730000004,4,3,1,,493.0,450.0,leste,Cidade Nova,12/08/18,None,None
3241263,1800000.0,,-19.9518525,-43.931555900000035,4,3,2,,1011.0,2300.0,centro-sul,Sion,12/08/18,None,None
3246915,1800000.0,,-19.9344802,-43.93194500000004,4,2,1,,767.05,1632.46,centro-sul,Savassi,12/08/18,None,None
136503,1802000.0,,-19.9416288,-43.94212640000001,4,3,2,,733.09,1300.0,centro-sul,Santo Antônio,12/08/18,None,None
337011,1837564.77,,-19.943501,-43.95342340000002,4,4,2,,1178.75,390.0,centro-sul,Luxemburgo,12/08/18,None,None
56979,1840000.0,,-19.949985,-43.93377199999998,4,4,2,,508.81,1250.0,centro-sul,Sion,12/08/18,None,None
341017,1845000.0,,-19.9334968,-43.95781360000001,4,4,4,,745.0,1700.0,oeste,Gutierrez,12/08/18,None,None
32100,1850000.0,,-19.9763926,-43.943268999999994,4,4,2,,832.65,1695.65,centro-sul,Belvedere,12/08/18,None,None
48674,1850000.0,,-19.9496324,-43.92146260000004,4,3,2,,508.0,1100.0,centro-sul,Sion,12/08/18,None,None
64724,1850000.0,,-19.9404928,-43.92277330000002,4,3,2,,480.0,2200.0,centro-sul,Serra,12/08/18,None,None
160216,1850000.0,,-19.9589518,-43.95488280000001,4,4,2,,800.0,2500.0,centro-sul,Santa Lúcia,12/08/18,None,None
161735,1850000.0,,-19.9494844,-43.92118010000002,4,3,2,,724.0,1300.0,centro-sul,Anchieta,12/08/18,None,None
252398,1850000.0,,-19.9426217,-43.91757180000002,4,5,4,,580.76,2742.0,centro-sul,Serra,12/08/18,None,None
3248876,1850000.0,,-19.934971136993784,-43.93308872911376,4,3,1,,780.0,900.0,centro-sul,Savassi,12/08/18,None,None
3249035,1850000.0,,-19.9528941,-43.93438600000002,4,3,2,,508.81,1250.0,centro-sul,Sion,12/08/18,None,None
3256810,1850000.0,,-19.9390445,-43.9199276,4,3,2,,1058.0,3300.0,centro-sul,Serra,12/08/18,None,None
57865,1880000.0,,-19.966624300000003,-43.96552589999999,4,5,4,,729.29,1518.0,oeste,Buritis,12/08/18,None,None
366246,1890000.0,,-19.945304399999998,-43.94175430000002,4,4,3,,823.56,1785.0,centro-sul,Santo Antônio,12/08/18,None,None
333491,1899000.0,,-19.9342485,-43.95403829999998,4,4,2,,723.03,1609.0,oeste,Gutierrez,12/08/18,None,None
26270,1900000.0,,-19.875390600000003,-43.93530759999999,5,1,5,,375.0,650.0,nordeste,Palmares,12/08/18,None,None
54965,1900000.0,,-19.936647699999998,-43.9573211,4,2,1,,546.04,1040.0,oeste,Gutierrez,12/08/18,None,None
135200,1900000.0,,-19.9463057,-43.92826300000002,4,4,2,,575.0,1472.0,centro-sul,Sion,12/08/18,None,None
167048,1900000.0,,-19.886216,-43.92875989999999,4,5,2,,610.24,1300.0,leste,Cidade Nova,12/08/18,None,None
167506,1900000.0,,-19.941810800000003,-43.9477761,4,4,2,,710.0,2200.0,centro-sul,Santo Antônio,12/08/18,None,None
338742,1900000.0,,-19.9494906,-43.93330589999999,4,3,2,,788.53,1750.0,centro-sul,Carmo,12/08/18,None,None
364664,1900000.0,,-19.858767,-43.9643054,4,5,4,,480.0,1200.0,pampulha,São Luiz (pampulha),12/08/18,None,None
501918,1900000.0,,-19.926062899999998,-43.9516643,4,3,1,,687.0,1560.0,centro-sul,Santo Agostinho,12/08/18,None,None
2234698,1900000.0,,-19.952765,-43.928075000000035,4,4,2,,1.0,1.0,centro-sul,Anchieta,12/08/18,None,None
2756311,1900000.0,,-19.943197,-43.93143999999995,4,5,3,,924.6,1595.0,centro-sul,Sion,12/08/18,None,None
2888430,1900000.0,,-19.9634569,-43.95099290000002,4,5,4,,910.0,2300.0,centro-sul,Santa Lúcia,12/08/18,None,None
3248865,1900000.0,,-19.9289663,-43.94562329999997,4,5,2,,894.23,2100.0,centro-sul,Lourdes,12/08/18,None,None
3249704,1900000.0,,-19.931670999999998,-43.93653800000004,3,4,1,,520.0,1500.0,centro-sul,Funcionários,12/08/18,None,None
3251449,1900000.0,,-19.928429,-43.954394999999984,3,3,1,,603.0,1500.0,centro-sul,Santo Agostinho,12/08/18,None,None
10645,1910000.0,,-19.9294017,-43.95259809999999,4,4,2,,0.01,0.01,centro-sul,Santo Agostinho,12/08/18,None,None
167109,1920000.0,,-19.951663500000002,-43.93110389999998,4,3,2,,700.0,2000.0,centro-sul,Sion,12/08/18,None,None
367064,1930000.0,,-19.9490102,-43.95981929999999,4,4,4,,1037.53,1910.0,centro-sul,Luxemburgo,12/08/18,None,None
2234699,1930000.0,,-19.952765,-43.928075000000035,4,4,2,,1.0,1.0,centro-sul,Anchieta,12/08/18,None,None
2234700,1930000.0,,-19.952765,-43.928075000000035,4,4,2,,1.0,1.0,centro-sul,Anchieta,12/08/18,None,None
157008,1945520.0,,-19.9463057,-43.92826309999998,4,4,2,,640.0,1300.0,centro-sul,Sion,12/08/18,None,None
162314,1950000.0,,-19.953934,-43.92627770000002,4,2,2,,517.56,1100.0,centro-sul,Anchieta,12/08/18,None,None
203149,1950000.0,,-19.9493851,-43.93107069999997,4,4,3,,940.0,2500.0,centro-sul,Sion,12/08/18,None,None
5644,1980000.0,,-19.9493851,-43.93107069999997,4,3,2,,884.51,2500.0,centro-sul,Carmo,12/08/18,None,None
25089,1980000.0,,-19.944956899999998,-43.91640899999999,4,3,2,,850.0,3300.0,centro-sul,Serra,12/08/18,None,None
27741,1980000.0,,-19.9720853,-43.942170000000026,4,2,2,,1180.0,2500.0,centro-sul,Belvedere,12/08/18,None,None
129769,1980000.0,,-19.9372474,-43.956064399999995,4,3,3,,726.72,1450.0,oeste,Gutierrez,12/08/18,None,None
136063,1980000.0,,-19.917442899999998,-43.93423740000003,4,6,4,,1208.15,2000.0,centro-sul,Savassi,12/08/18,None,None
346368,1980000.0,,-19.927342000000003,-43.95180779999998,4,3,2,,750.0,1800.0,centro-sul,Santo Agostinho,12/08/18,None,None
347600,1980000.0,,-19.9353037,-43.93172659999999,4,1,1,,460.0,750.0,centro-sul,Savassi,12/08/18,None,None
3244976,1980000.0,,-19.9479749,-43.952845799999984,4,4,4,,929.73,1500.0,centro-sul,Vila Paris,12/08/18,None,None
24051,1990000.0,,-19.9342921,-43.9538096,4,3,2,,682.62,1750.0,oeste,Gutierrez,12/08/18,None,None
66674,1990000.0,,-19.94846097463708,-43.93012335449221,4,2,3,,315.0,1700.0,centro-sul,Carmo,12/08/18,None,None
221310,1990000.0,,-19.941664399999997,-43.92785070000002,5,3,2,,770.0,1300.0,centro-sul,Cruzeiro,12/08/18,None,None
3216412,1990000.0,,-19.9411282,-43.94197070000001,3,2,1,,587.0,850.0,centro-sul,Santo Antônio,12/08/18,None,None
3240819,1990000.0,,-19.934832500000002,-43.95668549999999,4,4,2,,600.0,1300.0,oeste,Gutierrez,12/08/18,None,None
31703,2000000.0,,-19.9531705,-43.95148160000002,3,3,1,,700.0,1800.0,centro-sul,Vila Paris,12/08/18,None,None
54341,2000000.0,,-19.922590399999997,-43.953486399999974,4,2,2,,1925.0,380.0,centro-sul,Santo Agostinho,12/08/18,None,None
128850,2000000.0,,-19.938048499999997,-43.92640589999996,4,4,2,,449.0,2200.0,centro-sul,Mangabeiras,12/08/18,None,None
347625,2000000.0,,-19.9320515,-43.928133300000006,4,5,2,,910.0,1800.0,centro-sul,Funcionários,12/08/18,None,None
350179,2000000.0,,-19.9334238,-43.94395539999999,4,3,2,,496.04,1500.0,centro-sul,Lourdes,12/08/18,None,None
358521,2000000.0,,-19.9350008,-43.95392820000001,4,4,2,,516.66,1800.0,oeste,Gutierrez,12/08/18,None,None
364906,2000000.0,,-19.927074800000003,-43.94595129999999,4,3,2,,355.0,1800.0,centro-sul,Santo Agostinho,12/08/18,None,None
2438038,2000000.0,,-19.9273026,-43.9396552,4,4,1,,803.82,1478.0,centro-sul,Lourdes,12/08/18,None,None
3248684,2000000.0,,-19.9712831,-43.94182739999997,4,4,3,,989.39,2372.83,centro-sul,Belvedere,12/08/18,None,None
3249652,2000000.0,,-19.972905800000003,-43.93963659999997,4,4,2,,933.96,2200.0,centro-sul,Belvedere,12/08/18,None,None
157003,2007280.0,,-19.946121100000003,-43.92849639999997,4,4,2,,640.0,1300.0,centro-sul,Sion,12/08/18,None,None
337041,2015474.06,,-19.943501,-43.95342340000002,4,4,2,,1178.75,930.0,centro-sul,Luxemburgo,12/08/18,None,None
1517730,2027926.76,,-19.9500514,-43.935123100000006,4,3,2,,480.0,1850.0,centro-sul,Sion,12/08/18,None,None
165832,2050000.0,,-19.9489206,-43.91967130000001,4,5,4,,289.02,1800.0,centro-sul,Sion,12/08/18,None,None
335168,2050000.0,,-19.9770396,-43.94263360000002,4,3,2,,1192.92,1874.0,centro-sul,Belvedere,12/08/18,None,None
353201,2050000.0,,-19.9664434,-43.95196609999999,4,4,2,,903.87,2500.0,centro-sul,Santa Lúcia,12/08/18,None,None
1837248,2050000.0,,-19.9664434,-43.95196609999999,4,4,2,,942.65,2300.0,centro-sul,Santa Lúcia,12/08/18,None,None
1517731,2070607.91,,-19.9507783,-43.93560330000002,4,3,2,,480.0,1850.0,centro-sul,Sion,12/08/18,None,None
1694443,2080000.0,,-19.9342485,-43.95403829999998,4,5,2,,800.0,1800.0,oeste,Gutierrez,12/08/18,None,None
3251553,2080000.0,,-19.9342485,-43.95403829999998,4,4,2,,760.0,2000.0,oeste,Gutierrez,12/08/18,None,None
51919,2100000.0,,-19.9655073,-43.94854900000002,4,5,4,,800.0,2129.0,centro-sul,Santa Lúcia,12/08/18,None,None
139342,2100000.0,,-19.943425199999997,-43.9199524,4,4,2,,1080.0,2800.0,centro-sul,Serra,12/08/18,None,None
334357,2100000.0,,-19.9343087,-43.94589289999999,4,3,3,,806.0,1700.0,centro-sul,Santo Agostinho,12/08/18,None,None
343048,2100000.0,,-19.930171100000003,-43.94125759999997,4,4,2,,403.02,1750.0,centro-sul,Santo Agostinho,12/08/18,None,None
344683,2100000.0,,-19.921408,-43.939350299999994,4,6,2,,360.29,1300.0,centro-sul,Lourdes,12/08/18,None,None
351468,2100000.0,,-19.943730300000002,-43.91665369999998,4,2,1,,490.0,1800.0,centro-sul,Serra,12/08/18,None,None
352104,2100000.0,,-19.928879199999997,-43.94433079999999,4,4,3,,878.0,1500.0,centro-sul,Santo Agostinho,12/08/18,None,None
3212954,2130000.0,,-19.9527308,-43.927865000000004,4,3,3,,700.0,1997.0,centro-sul,Anchieta,12/08/18,None,None
28710,2131373.81,,-19.947571300000003,-43.9335668,4,3,2,,480.0,1850.0,centro-sul,Sion,12/08/18,None,None
30376,2150000.0,,-19.9437648,-43.93663149999998,4,3,2,,576.37,1535.0,centro-sul,Savassi,12/08/18,None,None
37124,2150000.0,,-19.938922199999997,-43.9426684,4,4,3,,550.0,1460.0,centro-sul,Lourdes,12/08/18,None,None
341783,2150000.0,,-19.946121100000003,-43.92849639999997,4,3,2,,741.08,1700.0,centro-sul,Sion,12/08/18,None,None
362190,2150000.0,,-19.932709399999997,-43.93051359999998,4,4,2,,274.0,1600.0,centro-sul,Savassi,12/08/18,None,None
1517732,2176231.06,,-19.947520800000003,-43.93427129999998,4,3,2,,480.0,1850.0,centro-sul,Sion,12/08/18,None,None
133853,2176566.0,,-19.916576100000004,-43.93467989999999,4,3,2,,1.0,1.0,centro-sul,Luxemburgo,12/08/18,None,None
16474,2180000.0,,-19.9348027,-43.95388739999999,4,4,2,,744.0,2200.0,oeste,Gutierrez,12/08/18,None,None
1928483,2180000.0,,-19.931091000000002,-43.95275500000002,4,0,3,,981.53,2750.0,centro-sul,Santo Agostinho,12/08/18,None,None
131758,2190000.0,,-19.970816,-43.941508,2,4,2,,1032.0,2000.0,centro-sul,Belvedere,12/08/18,None,None
140886,2200000.0,,-19.931241,-43.95273020000002,4,4,2,,8313.19,2300.0,centro-sul,Santo Agostinho,12/08/18,None,None
143849,2200000.0,,-19.951576,-43.933244,4,4,2,,683.49,2100.0,centro-sul,Sion,12/08/18,None,None
339049,2200000.0,,-19.9298194,-43.9361715,4,3,1,,960.0,1500.0,centro-sul,Funcionários,12/08/18,None,None
345847,2200000.0,,-19.9277399,-43.94986260000002,4,3,2,,929.62,1150.0,centro-sul,Santo Agostinho,12/08/18,None,None
3129901,2200000.0,,-19.9543225,-43.93174220000003,4,3,2,,608.0,2000.0,centro-sul,Sion,12/08/18,None,None
3235257,2200000.0,,-19.9425577,-43.918623499999974,4,4,2,,491.0,2000.0,centro-sul,Serra,12/08/18,None,None
3242053,2200000.0,,-19.9313785,-43.93517989999998,4,4,4,,581.1,1690.0,centro-sul,Savassi,12/08/18,None,None
3253913,2200000.0,,-19.952983,-43.93436859999997,4,3,2,,812.14,1500.0,centro-sul,Sion,12/08/18,None,None
457730,2230000.0,,-19.952606,-43.9245919,4,1,3,,980.0,2200.0,centro-sul,Anchieta,12/08/18,None,None
333957,2250000.0,,-19.9365119,-43.93206499999997,4,4,3,,751.0,2100.0,centro-sul,Savassi,12/08/18,None,None
335903,2280000.0,,-19.9460495,-43.93530299999998,4,4,3,,514.0,1800.0,centro-sul,Carmo,12/08/18,None,None
66678,2290000.0,,-19.94760152528668,-43.92864098570561,4,2,3,,315.0,1400.0,centro-sul,Carmo,12/08/18,None,None
1614215,2290000.0,,-19.9363212,-43.93178019999999,3,4,2,,1166.66,2200.0,centro-sul,Funcionários,12/08/18,None,None
18660,2300000.0,,-19.943855199999998,-43.92033960000003,4,5,3,,578.17,2800.0,centro-sul,Serra,12/08/18,None,None
66712,2300000.0,,-19.933159600000003,-43.94017559999998,4,2,1,,568.78,1600.0,centro-sul,Lourdes,12/08/18,None,None
154286,2300000.0,,-19.977130300000002,-43.94395209999999,4,3,2,,1085.0,2950.0,centro-sul,Belvedere,12/08/18,None,None
165981,2300000.0,,-19.9327889,-43.94267289999999,4,3,1,,551.64,1728.0,centro-sul,Lourdes,12/08/18,None,None
181664,2300000.0,,-19.952067800000002,-43.92910380000001,4,3,3,,1128.47,2500.0,centro-sul,Sion,12/08/18,None,None
334444,2300000.0,,-19.9295315,-43.94421139999997,4,3,2,,894.55,1889.0,centro-sul,Lourdes,12/08/18,None,None
336811,2300000.0,,-19.9341125,-43.95764710000003,4,4,2,,572.0,750.0,oeste,Gutierrez,12/08/18,None,None
343682,2300000.0,,-19.930506,-43.9429609,4,4,1,,622.69,1800.0,centro-sul,Lourdes,12/08/18,None,None
1690906,2300000.0,,-19.9580759,-43.937703000000006,4,3,3,,845.43,1526.0,centro-sul,Sion,12/08/18,None,None
2767125,2300000.0,,-19.9572903,-43.9367297,4,5,4,,449.82,1920.0,centro-sul,Sion,12/08/18,None,None
3249213,2300000.0,,-19.975938,-43.94335100000001,4,4,2,,1000.0,2930.0,centro-sul,Belvedere,12/08/18,None,None
157403,2310000.0,,-19.9329567,-43.926035299999974,4,4,3,,918.0,1600.0,centro-sul,Funcionários,12/08/18,None,None
354042,2330000.0,,-19.930871179119357,-43.95218193016359,4,5,4,,998.0,2000.0,centro-sul,Santo Agostinho,12/08/18,None,None
1517734,2330635.4,,-19.947571300000003,-43.9335668,4,3,2,,480.0,1850.0,centro-sul,Sion,12/08/18,None,None
3252036,2332756.59,,-19.946313500000002,-43.93832050000003,4,3,2,,1.0,1.0,centro-sul,Sion,12/08/18,None,None
154440,2350000.0,,-19.928654,-43.924493900000016,4,3,2,,1276.39,2100.0,centro-sul,Funcionários,12/08/18,None,None
364148,2350000.0,,-19.971283,-43.94235700000002,4,4,3,,1015.0,2455.91,centro-sul,Belvedere,12/08/18,None,None
363925,2370000.0,,-19.9403735,-43.920655700000005,4,0,2,,735.0,2800.0,centro-sul,Serra,12/08/18,None,None
3249082,2380000.0,,-19.9376242,-43.95599909999999,4,4,2,,649.84,1300.0,oeste,Gutierrez,12/08/18,None,None
17965,2400000.0,,-19.931614899999996,-43.93436420000001,4,3,2,,641.41,1100.0,centro-sul,Savassi,12/08/18,None,None
51993,2400000.0,,-19.9655073,-43.94854900000002,4,5,4,,800.0,2129.0,centro-sul,Santa Lúcia,12/08/18,None,None
53677,2400000.0,,-19.971829,-43.943877999999984,4,3,3,,1000.0,2400.0,centro-sul,Belvedere,12/08/18,None,None
65432,2400000.0,,-19.9405052,-43.92053869999995,4,3,2,,233.27,1600.0,centro-sul,Serra,12/08/18,None,None
164321,2400000.0,,-19.9279649,-43.94119669999998,4,3,2,,600.0,1800.0,centro-sul,Lourdes,12/08/18,None,None
350961,2400000.0,,-19.942536999999998,-43.91914800000001,4,4,4,,844.0,2500.0,centro-sul,Serra,12/08/18,None,None
3249691,2400000.0,,-19.9342485,-43.95403829999998,3,5,3,,756.0,2650.0,oeste,Gutierrez,12/08/18,None,None
15434,2450000.0,,-19.972326199999998,-43.9399439,4,4,2,,682.24,2343.38,centro-sul,Belvedere,12/08/18,None,None
58665,2450000.0,,-19.919821300000002,-43.93758430000002,4,3,3,,654.0,1400.0,centro-sul,Lourdes,12/08/18,None,None
135991,2450000.0,,-19.927099,-43.95308510000001,4,4,2,,1026.24,2000.0,centro-sul,Santo Agostinho,12/08/18,None,None
150598,2450000.0,,-19.9358079,-43.95940940000003,3,4,3,,815.22,1000.0,oeste,Gutierrez,12/08/18,None,None
3212079,2450000.0,,-19.93517,-43.92263200000002,4,6,4,,578.17,2800.0,centro-sul,Serra,12/08/18,None,None
3250575,2450000.0,,-19.969344,-43.949343,4,5,4,,1225.01,3611.07,centro-sul,Santa Lúcia,12/08/18,None,None
134199,2469810.0,,-19.916576100000004,-43.93467989999999,4,3,2,,1.0,1.0,centro-sul,Luxemburgo,12/08/18,None,None
3235022,2480000.0,,-19.949025,-43.95371899999998,3,4,2,,727.58,2412.0,centro-sul,Santa Lúcia,12/08/18,None,None
342989,2490000.0,,-19.954621,-43.93353300000001,4,6,2,,1147.0,2300.0,centro-sul,Sion,12/08/18,None,None
364702,2490000.0,,-19.9490102,-43.95981929999999,4,5,2,,1030.0,1910.0,centro-sul,Luxemburgo,12/08/18,None,None
114832,2494512.0,,-19.9546463,-43.93121580000002,4,4,2,,0.1,0.1,centro-sul,Sion,12/08/18,None,None
359263,2495000.0,,-19.9348852,-43.92914139999999,4,3,2,,985.0,2000.0,centro-sul,Savassi,12/08/18,None,None
137436,2500000.0,,-19.9342324,-43.94802579999998,4,4,1,,437.44,1427.77,centro-sul,Lourdes,12/08/18,None,None
147042,2500000.0,,-19.9266784,-43.94482849999997,4,4,3,,0.01,1908.0,centro-sul,Lourdes,12/08/18,None,None
342685,2500000.0,,-19.927964000000003,-43.94553980000001,4,4,2,,660.0,1700.0,centro-sul,Santo Agostinho,12/08/18,None,None
467158,2500000.0,,-19.8773801,-43.981741400000026,4,3,3,,500.0,1500.0,pampulha,Ouro Preto,12/08/18,None,None
1111373,2500000.0,,-19.930088,-43.95187299999998,5,5,2,,726.13,1700.0,centro-sul,Santo Agostinho,12/08/18,None,None
3251284,2500000.0,,-19.9350195,-43.942500300000006,4,3,2,,260.0,1097.0,centro-sul,Lourdes,12/08/18,None,None
115152,2510018.0,,-19.9546463,-43.93121580000002,4,4,2,,0.1,0.1,centro-sul,Sion,12/08/18,None,None
115242,2517719.0,,-19.9546463,-43.93121580000002,4,4,2,,0.1,0.1,centro-sul,Sion,12/08/18,None,None
115244,2533177.0,,-19.9546463,-43.93121580000002,4,4,2,,0.1,0.1,centro-sul,Sion,12/08/18,None,None
114819,2566907.0,,-19.9546463,-43.93121580000002,4,4,2,,0.1,0.1,centro-sul,Sion,12/08/18,None,None
115291,2572042.0,,-19.9546463,-43.93121580000002,4,4,2,,0.1,0.1,centro-sul,Sion,12/08/18,None,None
134150,2594696.0,,-19.916576100000004,-43.93467989999999,4,3,2,,1.0,1.0,centro-sul,Luxemburgo,12/08/18,None,None
114822,2598259.0,,-19.9546463,-43.93121580000002,4,4,2,,0.1,0.1,centro-sul,Sion,12/08/18,None,None
348681,2600000.0,,-19.9273935,-43.95204089999999,4,5,4,,750.0,2000.0,centro-sul,Santo Agostinho,12/08/18,None,None
1846046,2600000.0,,-19.9733894,-43.94143320000001,4,3,2,,1152.0,2000.0,centro-sul,Belvedere,12/08/18,None,None
2234693,2600000.0,,-19.952765,-43.928075000000035,4,4,2,,1.0,1.0,centro-sul,Anchieta,12/08/18,None,None
3235049,2600000.0,,-19.930704100000003,-43.94398060000003,4,4,2,,1000.0,1827.0,centro-sul,Lourdes,12/08/18,None,None
3257732,2600000.0,,-19.9387974,-43.93292350000002,4,5,2,,570.0,2750.0,centro-sul,Lourdes,12/08/18,None,None
114825,2613935.0,,-19.9546463,-43.93121580000002,4,4,2,,0.1,0.1,centro-sul,Sion,12/08/18,None,None
34708,2650000.0,,-19.937361600000003,-43.93093999999997,4,4,2,,685.13,1700.0,centro-sul,Savassi,12/08/18,None,None
40595,2650000.0,,-19.9326449,-43.941725700000006,4,3,1,,5641.0,2050.0,centro-sul,Lourdes,12/08/18,None,None
343042,2650000.0,,-19.930171100000003,-43.94125759999997,4,4,2,,403.02,1750.0,centro-sul,Santo Agostinho,12/08/18,None,None
1832081,2661920.02,,-19.9370058,-43.93406140000002,4,4,4,,1.0,1.0,centro-sul,Funcionários,12/08/18,None,None
134151,2669183.0,,-19.916576100000004,-43.93467989999999,4,3,2,,1.0,1.0,centro-sul,Luxemburgo,12/08/18,None,None
114831,2692819.0,,-19.9546463,-43.93121580000002,4,4,2,,0.1,0.1,centro-sul,Sion,12/08/18,None,None
11568,2700000.0,,-19.933421,-43.942362,4,5,4,,788.0,2188.0,centro-sul,Lourdes,12/08/18,None,None
62874,2700000.0,,-19.931300600000004,-43.9418096,5,4,2,,814.44,800.0,centro-sul,Lourdes,12/08/18,None,None
63310,2700000.0,,-19.9433465,-43.91623249999998,4,5,2,,964.0,2600.0,centro-sul,Serra,12/08/18,None,None
161438,2700000.0,,-19.9741085,-43.93775629999999,4,4,4,,1292.32,2600.0,centro-sul,Belvedere,12/08/18,None,None
164981,2700000.0,,-19.852907300000002,-43.9600428,4,3,2,,595.0,871.0,pampulha,São Luiz (pampulha),12/08/18,None,None
1525311,2700000.0,,-19.9313676,-43.93035329999998,4,1,4,,1110.0,1865.0,centro-sul,Funcionários,12/08/18,None,None
3229486,2700000.0,,-19.953615399999997,-43.93322160000002,4,3,3,,1000.0,2499.0,centro-sul,Sion,12/08/18,None,None
3234945,2700000.0,,-19.9297712,-43.94291709999999,4,4,3,,500.0,1650.0,centro-sul,Lourdes,12/08/18,None,None
134140,2756087.0,,-19.916576100000004,-43.93467989999999,4,3,2,,1.0,1.0,centro-sul,Luxemburgo,12/08/18,None,None
1508163,2790000.0,,-19.927760100000004,-43.92291560000001,4,3,1,,972.0,2221.0,centro-sul,Santa Efigênia,12/08/18,None,None
6244,2800000.0,,-19.9768169,-43.944789600000036,4,4,4,,1200.0,2950.0,centro-sul,Belvedere,12/08/18,None,None
32840,2800000.0,,-19.945616100000002,-43.94147709999999,5,4,2,,869.9,2000.0,centro-sul,São Pedro,12/08/18,None,None
88157,2800000.0,,-19.971425600000003,-43.94179639999999,4,4,2,,1058.0,2023.0,centro-sul,Belvedere,12/08/18,None,None
153219,2800000.0,,-19.947570199999998,-43.932818,4,4,2,,1055.23,1700.0,centro-sul,Carmo,12/08/18,None,None
335286,2800000.0,,-19.9363697,-43.93204000000003,4,4,2,,1319.73,2300.0,centro-sul,Savassi,12/08/18,None,None
338276,2800000.0,,-19.9741113,-43.93772719999998,4,4,2,,1200.0,2600.0,centro-sul,Belvedere,12/08/18,None,None
367113,2800000.0,,-19.9490047,-43.91926790000002,4,3,2,,1125.0,2200.0,centro-sul,Serra,12/08/18,None,None
1687762,2800000.0,,-19.930284,-43.927700000000016,5,3,2,,631.02,2800.0,centro-sul,Savassi,12/08/18,None,None
2203440,2800000.0,,-19.930568899999997,-43.944682,4,4,3,,1147.61,2500.0,centro-sul,Lourdes,12/08/18,None,None
3246481,2800000.0,,-19.973499800000003,-43.9417785,4,6,4,,1331.67,2240.0,centro-sul,Belvedere,12/08/18,None,None
3249016,2800000.0,,-19.9780246,-43.94421510000001,4,1,4,,2000.0,3600.0,centro-sul,Belvedere,12/08/18,None,None
356018,2850000.0,,-19.974123100000003,-43.93774589999998,4,4,3,,1431.38,2100.0,centro-sul,Belvedere,12/08/18,None,None
1782910,2850000.0,,-19.973913500000002,-43.94216610000001,3,3,3,,750.0,2500.0,centro-sul,Belvedere,12/08/18,None,None
6174,2900000.0,,-19.943348999999998,-43.91640899999999,4,6,4,,1235.0,2300.0,centro-sul,Serra,12/08/18,None,None
8664,2900000.0,,-19.972117899999997,-43.94227699999999,4,5,4,,1218.75,2800.0,centro-sul,Belvedere,12/08/18,None,None
393321,2900000.0,,-19.9474932,-43.959028999999994,4,5,2,,881.51,2459.0,centro-sul,Luxemburgo,12/08/18,None,None
1525523,2900000.0,,-19.9468137,-43.9193694,3,3,3,,1543.27,3400.0,centro-sul,Serra,12/08/18,None,None
27167,2950000.0,,-19.9428387,-43.91775389999998,4,5,4,,1500.0,2400.0,centro-sul,Serra,12/08/18,None,None
342652,2950000.0,,-19.9778355,-43.94450770000003,4,3,3,,1160.63,1400.0,centro-sul,Belvedere,12/08/18,None,None
3245234,2980000.0,,-19.942605899999997,-43.94252389999997,4,3,2,,1187.0,1672.0,centro-sul,Savassi,12/08/18,None,None
159213,3000000.0,,-19.949503200000002,-43.92111080000001,4,5,3,,871.13,2400.0,centro-sul,Anchieta,12/08/18,None,None
353081,3000000.0,,-19.952181,-43.93462120000004,4,6,2,,1.0,1500.0,centro-sul,Sion,12/08/18,None,None
1606977,3000000.0,,-19.971517000000002,-43.94134300000002,3,6,3,,1364.85,3100.0,centro-sul,Belvedere,12/08/18,None,None
146647,3100000.0,,-19.9290635,-43.94429790000004,4,3,2,,840.0,1800.0,centro-sul,Lourdes,12/08/18,None,None
54271,3200000.0,,-19.933457699999998,-43.92760559999999,4,3,2,,585.0,1800.0,centro-sul,Savassi,12/08/18,None,None
146321,3200000.0,,-19.9282954,-43.94264929999997,4,2,1,,800.0,2000.0,centro-sul,Lourdes,12/08/18,None,None
191783,3200000.0,,-19.9322827,-43.94362160000003,4,3,2,,1368.28,2058.0,centro-sul,Lourdes,12/08/18,None,None
343567,3200000.0,,-19.932108,-43.943665700000004,4,4,2,,783.55,1600.0,centro-sul,Lourdes,12/08/18,None,None
1681424,3220000.0,,-19.930088,-43.95187299999998,4,6,4,,13000.0,2200.0,centro-sul,Santo Agostinho,12/08/18,None,None
2700112,3300000.0,,-19.932063,-43.94383099999999,4,3,2,,1100.0,1700.0,centro-sul,Lourdes,12/08/18,None,None
164511,3400000.0,,-19.9329728004295,-43.941303710559055,4,5,2,,1300.0,1800.0,centro-sul,Lourdes,12/08/18,None,None
47825,3500000.0,,-19.938152,-43.92441400000001,5,2,3,,1163.0,3200.0,centro-sul,Serra,12/08/18,None,None
48668,3500000.0,,-19.932246600000003,-43.94435069999997,4,5,4,,1009.92,2200.0,centro-sul,Lourdes,12/08/18,None,None
250428,3500000.0,,-19.9300096,-43.94040269999999,4,4,3,,500.0,2000.0,centro-sul,Lourdes,12/08/18,None,None
328433,3500000.0,,-19.934485600000002,-43.93405849999999,4,4,4,,1645.14,2300.0,centro-sul,Savassi,12/08/18,None,None
340391,3500000.0,,-19.934092800000002,-43.94728120000002,4,6,2,,1517.86,1660.0,centro-sul,Santo Agostinho,12/08/18,None,None
364885,3500000.0,,-19.9776282,-43.9459458,4,3,3,,1356.0,2000.0,centro-sul,Belvedere,12/08/18,None,None
2235591,3500000.0,,-19.952765,-43.928075000000035,4,4,2,,1.0,1.0,centro-sul,Anchieta,12/08/18,None,None
32317,3600000.0,,-19.9342516,-43.9428955,4,5,4,,1100.0,2500.0,centro-sul,Lourdes,12/08/18,None,None
1517747,3600000.0,,-19.924852800000004,-43.95247089999998,4,5,2,,1300.0,1500.0,centro-sul,Santo Agostinho,12/08/18,None,None
49014,3700000.0,,-19.945082,-43.921397000000006,4,4,4,,1753.69,4125.0,centro-sul,Serra,12/08/18,None,None
50490,3700000.0,,-19.934842,-43.94275700000003,4,3,2,,1318.0,2800.0,centro-sul,Lourdes,12/08/18,None,None
3252296,3700000.0,,-19.9329402,-43.926059599999974,4,5,4,,747.0,2800.0,centro-sul,Funcionários,12/08/18,None,None
137929,3790000.0,,-19.975539899999998,-43.94097310000001,4,7,4,,1800.0,3600.0,centro-sul,Belvedere,12/08/18,None,None
42158,3800000.0,,-19.9334746,-43.93765730000001,4,4,4,,1508.0,2400.0,centro-sul,Funcionários,12/08/18,None,None
339790,3800000.0,,-19.9426296,-43.94105880000001,4,4,4,,1290.0,2300.0,centro-sul,Santo Antônio,12/08/18,None,None
1837457,3800000.0,,-19.9042424,-43.94985919999999,4,6,4,,750.0,1800.0,centro-sul,Sion,12/08/18,None,None
3243405,3800000.0,,-19.942635,-43.92297500000001,4,4,4,,1753.67,4280.0,centro-sul,Serra,12/08/18,None,None
3256523,3850000.0,,-19.9329402,-43.926059599999974,4,5,4,,747.0,2800.0,centro-sul,Funcionários,12/08/18,None,None
149562,3900000.0,,-19.982071100000002,-43.9466304,4,6,4,,1576.0,3600.0,centro-sul,Belvedere,12/08/18,None,None
1639424,4000000.0,,-19.928588,-43.924721999999974,4,5,4,,1766.45,3100.0,centro-sul,Funcionários,12/08/18,None,None
1517494,4044909.18,,-19.931404,-43.93694449999998,4,6,4,,1.0,0.01,centro-sul,Savassi,12/08/18,None,None
200943,4085361.3,,-19.931404,-43.93694449999998,4,6,4,,1.0,0.01,centro-sul,Savassi,12/08/18,None,None
353495,4180000.0,,-19.9333064,-43.93341129999999,4,5,4,,1391.0,1850.0,centro-sul,Savassi,12/08/18,None,None
3248859,4250000.0,,-19.978126500000002,-43.94533769999998,4,5,4,,1867.0,3500.0,centro-sul,Belvedere,12/08/18,None,None
155540,4300000.0,,-19.942747100000002,-43.92328429999998,4,5,4,,1443.8,3656.0,centro-sul,Serra,12/08/18,None,None
3240757,4300000.0,,-19.9302717,-43.9566987,4,7,3,,1675.0,2500.0,centro-sul,Santo Agostinho,12/08/18,None,None
141434,4350000.0,,-19.975539899999998,-43.94097310000001,4,4,4,,2064.77,3600.0,centro-sul,Belvedere,12/08/18,None,None
3244756,4500000.0,,-19.9736725,-43.94135770000002,4,5,4,,2090.27,4000.0,centro-sul,Belvedere,12/08/18,None,None
3248937,4500000.0,,-19.929193899999998,-43.9427622,4,5,4,,2000.0,3000.0,centro-sul,Lourdes,12/08/18,None,None
3250833,4500000.0,,-19.9282182,-43.9521484,4,5,4,,1831.5,2500.0,centro-sul,Santo Agostinho,12/08/18,None,None
268803,4600000.0,,-19.934092800000002,-43.94728120000002,4,4,2,,1636.13,1726.46,centro-sul,Lourdes,12/08/18,None,None
43322,4780000.0,,-19.934378,-43.9260779,4,5,4,,1400.0,2200.0,centro-sul,Funcionários,12/08/18,None,None
56052,4800000.0,,-19.971642000000003,-43.93823099999997,3,5,3,,1955.64,4400.0,centro-sul,Belvedere,12/08/18,None,None
348679,4900000.0,,-19.9289663,-43.94562329999997,4,6,4,,815.0,3083.0,centro-sul,Lourdes,12/08/18,None,None
61359,4990000.0,,-19.9332924,-43.94026989999998,4,5,3,,1789.72,3300.0,centro-sul,Lourdes,12/08/18,None,None
2800875,5000000.0,,-19.93424,-43.942586999999996,4,6,4,,1771.0,3672.8,centro-sul,Lourdes,12/08/18,None,None
3258215,5000000.0,,-19.935145000000002,-43.92901890000002,4,5,4,,2143.57,6000.0,centro-sul,Savassi,12/08/18,None,None
36271,5289000.0,,-19.93421,-43.94860840000001,4,5,2,,1812.4,3377.08,centro-sul,Lourdes,12/08/18,None,None
136321,5659000.0,,-19.946706,-43.95657849999998,4,3,2,,1.0,1.0,centro-sul,Luxemburgo,12/08/18,None,None
424748,8500000.0,,-19.929353600000002,-43.92608640000003,4,4,4,,2166.0,2175.0,centro-sul,Funcionários,12/08/18,None,None
1517493,9292500.0,,-19.931404,-43.93694449999998,4,6,4,,1.0,0.01,centro-sul,Savassi,12/08/18,None,None
56671,213000.0,,-20.0051337,-44.00591639999999,3,1,0,,826.96,332.0,barreiro,Cardoso,12/08/18,None,None
279365,320000.0,,-19.9722284,-43.97502659999998,2,1,1,,0.0,0.0,oeste,Buritis,12/08/18,None,None
8604,340000.0,,-19.8438432,-43.9420988,3,0,0,,49.18,150.0,norte,Heliópolis,12/08/18,None,None
279366,340000.0,,-19.9722284,-43.97502659999998,3,1,1,,0.0,0.0,oeste,Buritis,12/08/18,None,None
279269,370000.0,,-19.972976,-43.97957489999999,3,1,1,,0.0,0.0,oeste,Buritis,12/08/18,None,None
279577,380000.0,,-19.972691100000002,-43.98300860000001,2,1,1,,0.0,0.0,oeste,Buritis,12/08/18,None,None
59463,300000.0,,-19.9111329,-43.96141180000001,3,1,0,,91.82,285.0,noroeste,Carlos Prates,12/08/18,None,None
170072,170000.0,,-19.9179953,-43.88842160000002,2,1,0,,26.59,180.0,leste,Vera Cruz,12/08/18,None,None
340523,170000.0,,-19.9194698,-43.88791850000001,2,1,0,,26.59,180.0,leste,Vera Cruz,12/08/18,None,None
338272,260000.0,,-19.815284899999998,-43.93614020000001,2,2,0,,73.0,200.0,norte,Juliana,12/08/18,None,None
353801,300000.0,,-19.9185864,-43.93871690000003,3,2,1,,103.67,300.0,leste,São Lucas,12/08/18,None,None
49113,590000.0,,-19.931253100000003,-43.9373109,2,1,1,,0.0,380.0,centro-sul,Savassi,12/08/18,None,None
13246,440000.0,,-19.984197100000003,-44.00753680000002,3,1,1,,133.06,0.0,barreiro,Milionários,12/08/18,None,None
494602,279000.0,,-19.831315399999998,-43.96719569999999,2,1,0,,50.0,200.0,pampulha,Santa Branca,12/08/18,None,None
3257025,350000.0,,-19.918647,-44.00958079999998,3,2,1,,132.81,330.0,noroeste,Conjunto Califórnia,12/08/18,None,None
1977271,369000.0,,-19.886157100000002,-44.004483799999996,3,1,1,,110.0,340.0,pampulha,Manacás,12/08/18,None,None
341493,390000.0,,-19.889048300000002,-43.92584460000001,3,3,1,,129.32,350.0,nordeste,União,12/08/18,None,None
6840,520000.0,,-19.947390300000002,-43.94828660000002,4,3,1,,142.0,350.0,centro-sul,Santo Antônio,12/08/18,None,None
360054,520000.0,,-19.9449052,-43.951232900000036,3,2,1,,263.0,550.0,centro-sul,Vila Paris,12/08/18,None,None
3245240,530000.0,,-19.883651800000003,-43.92433510000001,4,3,2,,150.93,300.0,nordeste,União,12/08/18,None,None
3255153,679000.0,,-19.9510071,-43.955288199999984,3,2,1,,252.61,833.0,centro-sul,Luxemburgo,12/08/18,None,None
1055728,735000.0,,-19.885601100000002,-43.9948278,4,1,1,,120.0,300.0,pampulha,Castelo,12/08/18,None,None
348073,750000.0,,-19.9152571,-43.91829159999998,3,2,1,,184.35,380.0,leste,Santa Tereza,12/08/18,None,None
53450,770000.0,,-19.931377899999998,-43.92630810000003,3,2,1,,322.0,799.0,centro-sul,Funcionários,12/08/18,None,None
358264,798000.0,,-19.937436399999996,-43.95984440000001,3,3,1,,191.0,1000.0,oeste,Gutierrez,12/08/18,None,None
344088,2250000.0,,-19.970887,-43.9420374,4,3,2,,9890.0,1990.0,centro-sul,Belvedere,12/08/18,None,None
3235898,280000.0,,-19.871959,-43.915734999999984,2,1,0,,80.81,255.0,nordeste,Fernão Dias,12/08/18,None,None
159421,295000.0,,-19.9449114,-43.96459709999999,3,2,1,,71.0,250.0,oeste,Nova Granada,12/08/18,None,None
358464,720000.0,,-19.8976085,-43.91647369999998,3,1,1,,133.84,382.62,leste,Sagrada Família,12/08/18,None,None
23817,890000.0,,-19.889432,-43.933516,3,2,1,,169.0,450.0,nordeste,Nova Floresta,12/08/18,None,None
24204,1100000.0,,-19.9736284,-43.96770530000003,4,5,1,,300.0,500.0,oeste,Buritis,12/08/18,None,None
353841,270000.0,,-19.877324800000004,-43.99203879999999,3,1,1,,133.0,360.0,pampulha,Paquetá,12/08/18,None,None
160603,300000.0,,-19.8093197,-43.98143590000001,2,2,0,,80.0,90.0,venda-nova,Letícia,12/08/18,None,None
2377164,340000.0,,-19.8463341,-43.93837429999997,2,1,1,,115.77,250.0,norte,Heliópolis,12/08/18,None,None
348708,540000.0,,-19.916453,-43.99064499999997,3,2,1,,144.17,250.0,noroeste,Minas Brasil,12/08/18,None,None
944398,620000.0,,-19.9331731,-43.97456269999998,3,3,1,,187.0,785.0,oeste,Nova Suíssa,12/08/18,None,None
3253596,880000.0,,-19.9738884,-43.97202659999999,4,2,1,,287.45,840.0,oeste,Buritis,12/08/18,None,None
487355,1200000.0,,-19.859776699999998,-43.963353900000016,4,4,3,,274.7,1500.0,pampulha,São José (pampulha),12/08/18,None,None
3243721,1261000.0,,-19.9352206,-43.93081459999996,3,3,1,,623.15,714.0,centro-sul,Savassi,12/08/18,None,None
137565,1695000.0,,-19.9466018,-43.9321473,4,4,2,,741.18,2000.0,centro-sul,Sion,12/08/18,None,None
151602,1750000.0,,-19.9393185,-43.94513440000003,4,3,2,,680.0,1500.0,centro-sul,Santo Antônio,12/08/18,None,None
149891,2200000.0,,-19.8593962,-43.95484740000001,4,7,3,,561.0,300.0,pampulha,Liberdade,12/08/18,None,None
1663246,2500000.0,,-19.9337852,-43.949253000000006,4,5,2,,1134.13,1742.94,centro-sul,Santo Agostinho,12/08/18,None,None
3240874,218000.0,,-19.9891288,-44.019331599999994,2,1,0,,60.0,130.0,barreiro,Diamante(barreiro),12/08/18,None,None
3240840,234000.0,,-19.9891288,-44.019331599999994,2,1,0,,60.0,130.0,barreiro,Teixeira Dias,12/08/18,None,None
3240843,234000.0,,-19.9891288,-44.019331599999994,2,1,0,,60.0,130.0,barreiro,Teixeira Dias,12/08/18,None,None
3240844,234000.0,,-19.9891288,-44.019331599999994,2,1,0,,60.0,130.0,barreiro,Teixeira Dias,12/08/18,None,None
3240838,237000.0,,-19.9891288,-44.019331599999994,2,1,0,,60.0,130.0,barreiro,Teixeira Dias,12/08/18,None,None
3240842,238000.0,,-19.9891288,-44.019331599999994,2,1,0,,60.0,130.0,barreiro,Teixeira Dias,12/08/18,None,None
347510,342900.0,,-19.887676000000003,-43.93349699999999,2,2,1,,1.0,280.0,nordeste,Nova Floresta,12/08/18,None,None
347526,349000.0,,-19.887676000000003,-43.93349699999999,2,2,1,,1.0,280.0,nordeste,Nova Floresta,12/08/18,None,None
347528,349000.0,,-19.887676000000003,-43.93349699999999,2,2,1,,1.0,280.0,nordeste,Nova Floresta,12/08/18,None,None
347503,375000.0,,-19.887676000000003,-43.93349699999999,3,2,1,,1.0,280.0,nordeste,Nova Floresta,12/08/18,None,None
347506,376900.0,,-19.887676000000003,-43.93349699999999,3,2,1,,1.0,280.0,nordeste,Nova Floresta,12/08/18,None,None
347507,376900.0,,-19.887676000000003,-43.93349699999999,3,2,1,,1.0,280.0,nordeste,Nova Floresta,12/08/18,None,None
60749,380000.0,,-19.9254927,-43.96712409999998,3,2,0,,0.0,250.0,oeste,Prado,12/08/18,None,None
347504,383600.0,,-19.890621955469907,-43.933926153442364,3,2,1,,1.0,280.0,nordeste,Nova Floresta,12/08/18,None,None
347508,383600.0,,-19.887676000000003,-43.93349699999999,3,2,1,,1.0,280.0,nordeste,Nova Floresta,12/08/18,None,None
347509,383600.0,,-19.887676000000003,-43.93349699999999,3,2,1,,1.0,280.0,nordeste,Nova Floresta,12/08/18,None,None
347525,383600.0,,-19.887676000000003,-43.93349699999999,3,2,1,,1.0,280.0,nordeste,Nova Floresta,12/08/18,None,None
347527,383600.0,,-19.887676000000003,-43.93349699999999,3,2,1,,1.0,280.0,nordeste,Nova Floresta,12/08/18,None,None
347529,383600.0,,-19.8906623106438,-43.93388323809813,3,2,1,,1.0,280.0,nordeste,Nova Floresta,12/08/18,None,None
347530,383600.0,,-19.890621955469907,-43.93396906878661,3,2,1,,1.0,280.0,nordeste,Nova Floresta,12/08/18,None,None
19445,920000.0,,-19.8787233,-43.99965800000001,4,3,3,,272.0,600.0,pampulha,Castelo,12/08/18,None,None
1754760,455000.0,,-19.989775,-44.04316,3,3,1,,160.0,200.0,barreiro,Tirol,12/08/18,None,None
359744,560000.0,,-19.948514000000003,-43.94485199999997,3,3,1,,178.0,630.0,centro-sul,Santo Antônio,12/08/18,None,None
3250329,336883.0,,-19.874083399999996,-43.99021540000001,2,2,1,,90.0,346.0,pampulha,Ouro Preto,12/08/18,None,None
3245622,460000.0,,-19.9713389,-43.9706832,3,2,1,,193.17,740.0,oeste,Buritis,12/08/18,None,None
3241567,480000.0,,-19.928564,-43.99674599999997,3,2,1,,95.27,200.0,noroeste,João Pinheiro,12/08/18,None,None
64981,850000.0,,-19.975086800000003,-43.940700799999995,3,2,1,,469.0,980.0,centro-sul,Belvedere,12/08/18,None,None
342907,1180000.0,,-19.9333165,-43.92334349999999,4,3,1,,379.19,1300.0,centro-sul,Serra,12/08/18,None,None
341154,270000.0,,-19.8763619,-43.9964435,2,1,1,,86.9,200.0,pampulha,Castelo,12/08/18,None,None
34650,339000.0,,-19.8943712,-43.9295123,2,2,0,,106.91,379.37,nordeste,Nova Floresta,12/08/18,None,None
352971,400000.0,,-19.949047600000004,-43.94551149999995,3,3,1,,119.51,310.0,centro-sul,Santo Antônio,12/08/18,None,None
5838,404000.0,,-19.8895952,-43.99683540000001,2,1,0,,70.0,220.0,pampulha,Castelo,12/08/18,None,None
1853320,980000.0,,-19.9529025,-43.928954100000006,3,4,1,,464.0,1000.0,centro-sul,Anchieta,12/08/18,None,None
390909,315000.0,,-19.966481299999998,-43.96909099999999,3,2,1,,108.66,300.0,oeste,Buritis,12/08/18,None,None
65103,465000.0,,-19.8819243,-44.0038088,3,2,1,,150.0,410.0,pampulha,Castelo,12/08/18,None,None
3255826,530000.0,,-19.858235999999998,-43.956109999999974,3,1,1,,90.0,300.0,pampulha,Pampulha,12/08/18,None,None
140938,650000.0,,-19.9191396,-43.97068910000002,5,3,1,,96.0,300.0,noroeste,Padre Eustáquio,12/08/18,None,None
9927,1600000.0,,-19.929867,-43.92625939999999,4,4,3,,711.0,1750.0,centro-sul,Santa Efigênia,12/08/18,None,None
150326,2500000.0,,-19.8852458,-43.92747050000003,4,1,4,,800.0,1600.0,leste,Cidade Nova,12/08/18,None,None
134626,290000.0,,-19.9008604,-43.97025239999999,2,1,0,,92.7,350.0,noroeste,Caiçaras,12/08/18,None,None
137530,360000.0,,-19.941136537248052,-43.97847980699317,3,2,1,,61.55,270.0,oeste,Salgado Filho,12/08/18,None,None
3236402,449000.0,,-19.9562961,-43.93915900000002,3,1,1,,114.0,400.0,centro-sul,Sion,12/08/18,None,None
41651,380000.0,,-19.922073,-43.94449529999997,3,1,0,,0.0,595.0,centro-sul,Centro,12/08/18,None,None
187225,174000.0,,-19.8082124,-43.96674769999999,2,1,0,,60.0,210.0,venda-nova,Vila Capri,12/08/18,None,None
3252600,205000.0,,-19.9121994,-43.96304599999996,2,1,0,,60.0,296.0,noroeste,Carlos Prates,12/08/18,None,None
170872,265000.0,,-19.931953699999998,-44.003350700000006,2,2,1,,75.22,200.0,noroeste,João Pinheiro,12/08/18,None,None
59169,400000.0,,-19.9293236,-43.978890200000016,3,3,1,,96.35,200.0,oeste,Nova Suíssa,12/08/18,None,None
11914,405000.0,,-19.905846899999997,-43.916142000000036,3,1,1,,82.0,200.0,leste,Sagrada Família,12/08/18,None,None
173124,430000.0,,-19.9504585,-43.94415379999998,3,2,1,,174.0,490.0,centro-sul,Santo Antônio,12/08/18,None,None
36640,490000.0,,-19.9449114,-43.96459709999999,3,2,1,,134.0,350.0,oeste,Nova Granada,12/08/18,None,None
173113,620000.0,,-19.862904699999998,-43.944526199999984,4,4,1,,93.0,300.0,pampulha,Santa Rosa,12/08/18,None,None
6210,650000.0,,-19.969418,-43.970978,4,2,1,,213.36,580.0,oeste,Buritis,12/08/18,None,None
41626,840000.0,,-19.9396036,-43.9466698,3,2,1,,0.01,0.01,centro-sul,Santo Antônio,12/08/18,None,None
7668,850000.0,,-19.954149800000003,-43.9532289,4,2,1,,183.0,720.0,centro-sul,São Bento,12/08/18,None,None
3253022,960000.0,,-19.933129100000002,-43.958689899999975,3,3,1,,311.69,815.0,oeste,Gutierrez,12/08/18,None,None
334109,1275000.0,,-19.9361828,-43.92938049999998,4,2,2,,4297.98,1126.0,centro-sul,Funcionários,12/08/18,None,None
11995,260000.0,,-19.869065600000003,-43.94995260000002,2,2,0,,70.0,150.0,pampulha,Universitário,12/08/18,None,None
3235971,285000.0,,-19.865678600000003,-43.9556073,3,2,1,,73.0,395.0,pampulha,Liberdade,12/08/18,None,None
223760,297000.0,,-19.8772557,-43.99158449999999,2,2,1,,103.88,325.38,pampulha,Paquetá,12/08/18,None,None
40780,310000.0,,-19.911459,-43.97554489999999,3,2,1,,90.9,260.0,noroeste,Monsenhor Messias,12/08/18,None,None
50416,550000.0,,-19.847202,-43.98348709999999,4,2,1,,135.33,200.0,pampulha,Santa Amélia,12/08/18,None,None
60673,550000.0,,-19.9828766,-44.01172789999998,3,1,1,,150.0,100.0,barreiro,Barreiro de Baixo,12/08/18,None,None
52077,790000.0,,-19.9324293,-43.92749779999997,4,1,1,,1716.02,1000.0,centro-sul,Funcionários,12/08/18,None,None
64668,1250000.0,,-19.9342478,-43.95985339999999,4,2,1,,380.0,800.0,oeste,Gutierrez,12/08/18,None,None
627975,2200000.0,,-19.8768724,-44.00107479999997,5,5,5,,10.0,10.0,pampulha,Castelo,12/08/18,None,None
159148,240000.0,,-19.827754000000002,-43.93857020000002,2,1,1,,95.85,288.0,norte,Jardim Guanabara,12/08/18,None,None
43693,260000.0,,-19.9199087,-43.985128799999984,2,2,1,,85.2,140.0,noroeste,Padre Eustáquio,12/08/18,None,None
1632893,350000.0,,-19.9262379,-43.98994500000003,2,2,0,,88.46,300.0,noroeste,Coração Eucarístico,12/08/18,None,None
173155,1980000.0,,-19.9449965,-43.936335199999974,4,5,2,,792.0,1750.0,centro-sul,São Pedro,12/08/18,None,None
339393,115000.0,,-20.0016736,-44.005836499999994,2,1,0,,0.0,180.0,barreiro,Urucuia,12/08/18,None,None
1662280,265000.0,,-19.960413100000004,-43.98276440000001,3,1,0,,70.0,200.0,oeste,Palmeiras,12/08/18,None,None
360471,285000.0,,-19.863534100000003,-43.98235169999998,3,2,1,,75.0,600.0,pampulha,Pampulha,12/08/18,None,None
365577,295000.0,,-19.879855600000003,-43.93193480000002,2,2,0,,125.0,30.0,nordeste,Palmares,12/08/18,None,None
1702239,300000.0,,-19.929337699999998,-43.98134670000002,3,1,0,,73.33,250.0,oeste,Nova Suíssa,12/08/18,None,None
1754531,398000.0,,-19.990316699999997,-44.04406749999998,3,2,1,,180.0,200.0,barreiro,Tirol,12/08/18,None,None
331260,400000.0,,-19.922255399999997,-43.9395098,2,2,0,,90.0,350.0,centro-sul,Centro,12/08/18,None,None
1586500,600000.0,,-19.9170895,-43.98769849999997,3,3,1,,240.1,1000.0,noroeste,Minas Brasil,12/08/18,None,None
39677,145000.0,,-19.8756555,-44.00764800000002,2,1,0,,0.0,130.0,pampulha,Serrano,12/08/18,None,None
3253191,299000.0,,-19.924048000000003,-43.990093,3,1,0,,80.0,300.0,noroeste,Coração Eucarístico,12/08/18,None,None
3238015,372000.0,,-19.916998800000002,-43.98563939999997,2,2,1,,99.35,320.0,noroeste,Padre Eustáquio,12/08/18,None,None
157245,459000.0,,-19.916453,-43.99064499999997,3,2,1,,144.77,250.0,noroeste,Minas Brasil,12/08/18,None,None
149745,780000.0,,-19.8790709,-43.99720660000003,3,1,2,,104.5,800.0,pampulha,Castelo,12/08/18,None,None
485308,125000.0,,-19.9024258,-43.94787150000002,1,1,0,,0.0,250.0,noroeste,São Cristóvão,12/08/18,None,None
366253,157000.0,,-19.857833499999998,-43.8957102,2,1,0,,0.0,130.0,nordeste,Goiânia,12/08/18,None,None
37188,245000.0,,-19.8622443,-43.920019799999984,2,1,0,,0.0,120.0,nordeste,Eymard,12/08/18,None,None
466189,249000.0,,-19.9139118,-43.9753849,2,1,0,,75.0,210.0,noroeste,Padre Eustáquio,12/08/18,None,None
3235895,280000.0,,-19.919792,-43.9803,2,2,0,,36.93,170.0,noroeste,Padre Eustáquio,12/08/18,None,None
349792,300000.0,,-19.926447600000003,-43.9916652,2,2,0,,85.42,200.0,noroeste,Coração Eucarístico,12/08/18,None,None
1675634,320000.0,,-19.923751,-43.99045999999999,2,1,0,,90.0,350.0,noroeste,Coração Eucarístico,12/08/18,None,None
241378,340000.0,,-19.9512097,-43.93778069999996,2,1,0,,129.94,490.0,centro-sul,Carmo,12/08/18,None,None
189481,460000.0,,-19.9738884,-43.97202659999999,4,2,1,,189.1,250.0,oeste,Buritis,12/08/18,None,None
3243320,470000.0,,-19.926966,-43.99340619999998,3,3,1,,126.0,340.0,noroeste,Coração Eucarístico,12/08/18,None,None
3238623,495000.0,,-19.969246300000002,-43.96988740000001,3,2,1,,223.08,677.0,oeste,Buritis,12/08/18,None,None
3244682,525000.0,,-19.949916,-43.945265000000006,2,2,1,,185.54,288.0,centro-sul,Santo Antônio,12/08/18,None,None
334816,530000.0,,-19.8845923,-43.92932339999999,3,1,1,,150.45,645.0,nordeste,União,12/08/18,None,None
3244643,535000.0,,-19.9499426,-43.945136100000006,2,2,1,,185.54,288.0,centro-sul,Santo Antônio,12/08/18,None,None
6313,550000.0,,-19.915214300000002,-43.97168799999997,3,1,1,,180.0,350.0,noroeste,Padre Eustáquio,12/08/18,None,None
135601,590000.0,,-19.91515,-43.95931969999998,4,3,1,,119.0,250.0,noroeste,Padre Eustáquio,12/08/18,None,None
39842,595000.0,,-19.9189299,-43.96638519999999,2,1,1,,130.0,450.0,oeste,Prado,12/08/18,None,None
11022,630000.0,,-19.9215374,-43.914173999999996,3,1,0,,186.08,525.0,centro-sul,Santa Efigênia,12/08/18,None,None
224554,670000.0,,-19.941627899999997,-43.9483851,2,2,1,,242.48,300.0,centro-sul,Santo Antônio,12/08/18,None,None
372082,690000.0,,-19.8834673,-44.00260149999997,3,2,1,,1300.0,510.0,pampulha,Castelo,12/08/18,None,None
3247378,730000.0,,-19.8882763,-44.00069810000002,3,1,2,,200.0,350.0,pampulha,Castelo,12/08/18,None,None
3244758,795000.0,,-19.949916,-43.945265000000006,2,2,1,,185.54,288.0,centro-sul,Santo Antônio,12/08/18,None,None
360170,990000.0,,-19.929989000000003,-43.95338700000002,3,2,1,,356.0,1050.0,centro-sul,Santo Agostinho,12/08/18,None,None
6158,1295000.0,,-19.973063500000002,-43.939942299999984,4,3,1,,500.0,1300.0,centro-sul,Belvedere,12/08/18,None,None
815838,2600000.0,,-19.9370922,-43.93926399999998,3,5,3,,806.72,1925.0,centro-sul,Lourdes,12/08/18,None,None
3247177,580000.0,,-19.940098499999998,-43.96794690000002,2,2,1,,197.0,650.0,oeste,Grajaú,12/08/18,None,None
1745808,129800.0,,-20.0108715,-44.01080430000002,2,1,0,,0.0,150.0,barreiro,Solar do Barreiro (Barreiro),12/08/18,None,None
341996,205000.0,,-19.838856600000003,-43.93690470000002,2,1,0,,0.0,220.0,norte,Guarani,12/08/18,None,None
348501,210000.0,,-19.881062300000004,-43.99394630000001,2,1,0,,0.0,253.0,pampulha,Castelo,12/08/18,None,None
358812,265000.0,,-19.862864000000002,-43.95503239999999,3,2,1,,70.4,380.0,pampulha,Liberdade,12/08/18,None,None
38389,350000.0,,-19.9445617,-43.94840420000003,2,1,0,,74.11,350.0,centro-sul,Santo Antônio,12/08/18,None,None
356757,400000.0,,-19.9520241,-43.94813820000002,3,2,1,,117.48,290.0,centro-sul,Vila Paris,12/08/18,None,None
30640,490000.0,,-19.904540899999997,-43.96842300000003,3,3,1,,110.0,290.0,noroeste,Pedro II,12/08/18,None,None
115507,498000.0,,-19.9363229,-43.91795530000002,4,2,1,,140.0,400.0,centro-sul,Serra,12/08/18,None,None
60657,595000.0,,-19.947911899999998,-43.9446102,2,3,2,,1.0,1.0,centro-sul,Santo Antônio,12/08/18,None,None
2430550,850000.0,,-19.925176800000003,-43.94871209999997,2,3,1,,77.0,680.0,centro-sul,Santo Agostinho,12/08/18,None,None
13577,880000.0,,-19.8813939,-43.99798570000002,4,6,4,,551.0,700.0,pampulha,Castelo,12/08/18,None,None
192758,910000.0,,-19.9665309,-43.968269299999974,4,3,1,,242.05,730.0,oeste,Buritis,12/08/18,None,None
155188,420000.0,,-19.878855899999998,-44.001929200000006,3,1,1,,0.0,470.0,pampulha,Castelo,12/08/18,None,None
3247169,630000.0,,-19.940098499999998,-43.96794690000002,2,2,1,,197.0,650.0,oeste,Grajaú,12/08/18,None,None
170145,850000.0,,-19.9490132,-43.93824359999997,4,3,1,,320.0,540.0,centro-sul,São Pedro,12/08/18,None,None
10217,600000.0,,-19.943442899999997,-43.9540346,4,1,1,,233.56,680.0,centro-sul,Luxemburgo,12/08/18,None,None
59841,170000.0,,-19.9366572,-43.9855905,2,1,0,,53.0,110.0,oeste,Nova Gameleira,12/08/18,None,None
48557,220000.0,,-19.985314000000002,-43.98747400000002,3,1,0,,51.27,160.0,barreiro,Flávio Marques Lisboa,12/08/18,None,None
31080,240000.0,,-19.9307513,-44.0010843,3,2,1,,53.9,150.0,noroeste,João Pinheiro,12/08/18,None,None
141678,250000.0,,-19.9087365,-43.94879980000002,3,1,0,,79.0,250.0,noroeste,Bonfim,12/08/18,None,None
325742,325000.0,,-19.9597177,-43.96747840000001,3,2,1,,86.0,338.0,oeste,Estoril,12/08/18,None,None
9746,440000.0,,-19.9498325,-43.95507739999999,3,3,1,,145.0,430.0,centro-sul,Luxemburgo,12/08/18,None,None
3248296,500000.0,,-19.922073,-43.94449529999997,4,3,0,,145.0,890.0,centro-sul,Lourdes,12/08/18,None,None
66382,580000.0,,-19.9267057,-43.962633400000016,3,2,1,,152.72,315.0,oeste,Prado,12/08/18,None,None
365273,870000.0,,-19.9751874,-43.97714159999998,3,3,1,,220.53,300.0,oeste,Buritis,12/08/18,None,None
3242034,890000.0,,-19.939072,-43.91874000000002,2,3,1,,210.0,990.0,centro-sul,Serra,12/08/18,None,None
60651,970000.0,,-19.9489048,-43.944665999999984,2,3,2,,1.0,1.0,centro-sul,Santo Antônio,12/08/18,None,None
356334,1200000.0,,-19.9325006,-43.94791609999999,3,4,1,,416.0,1237.0,centro-sul,Lourdes,12/08/18,None,None
20210,1480000.0,,-19.8376304,-43.96075680000001,3,0,2,,576.2,1100.0,pampulha,Pampulha,12/08/18,None,None
241540,240000.0,,-19.943689399999997,-43.97429349999999,3,1,0,,60.74,180.0,oeste,Nova Suíssa,12/08/18,None,None
167386,410000.0,,-19.8389934,-43.97769249999999,3,2,1,,92.0,130.0,pampulha,Santa Amélia,12/08/18,None,None
1676433,265000.0,,-19.876837100000003,-44.00213400000001,2,2,1,,82.55,200.0,pampulha,Castelo,12/08/18,None,None
357016,330000.0,,-19.9420246,-43.9678892,3,2,1,,54.0,150.0,oeste,Nova Granada,12/08/18,None,None
337672,430000.0,,-19.8699457,-43.9847393,3,2,1,,88.0,400.0,pampulha,Ouro Preto,12/08/18,None,None
1519035,499000.0,,-19.8867643,-44.001111400000006,3,1,1,,180.0,450.0,pampulha,Castelo,12/08/18,None,None
3250228,530000.0,,-19.8870607,-44.0017411,3,1,1,,210.0,340.0,pampulha,Castelo,12/08/18,None,None
1527037,989500.0,,-19.942427,-43.9354439,2,2,1,,1.0,1.0,centro-sul,São Pedro,12/08/18,None,None
1527007,1067436.0,,-19.942427,-43.9354439,2,2,1,,1.0,1.0,centro-sul,São Pedro,12/08/18,None,None
36256,1385000.0,,-19.9254435,-43.94950870000002,2,1,0,,257.33,775.0,centro-sul,Lourdes,12/08/18,None,None
33230,239000.0,,-19.903766,-43.925794,2,1,0,,61.0,350.0,leste,Sagrada Família,12/08/18,None,None
132507,550000.0,,-19.9509978,-43.9552908,3,2,1,,235.2,830.0,centro-sul,Luxemburgo,12/08/18,None,None
348896,145000.0,,-19.992859,-43.998054499999974,2,1,0,,0.0,80.0,barreiro,Milionários,12/08/18,None,None
167515,170000.0,,-19.965304999999997,-43.97100499999999,2,1,0,,0.0,25.0,oeste,Palmeiras,12/08/18,None,None
356853,220000.0,,-19.8947091,-43.99855360000004,2,1,0,,86.0,180.0,pampulha,Manacás,12/08/18,None,None
12825,278000.0,,-19.956795899999996,-43.98365709999996,3,1,1,,83.0,314.0,oeste,Cinquentenário,12/08/18,None,None
56179,290000.0,,-19.879987300000003,-43.998142299999984,3,1,1,,56.0,350.0,pampulha,Pampulha,12/08/18,None,None
166338,318000.0,,-19.9372961,-43.96163949999999,2,1,1,,47.0,250.0,oeste,Gutierrez,12/08/18,None,None
62753,430000.0,,-19.8913162,-43.99672870000001,3,2,2,,150.0,280.0,pampulha,Castelo,12/08/18,None,None
2231348,560000.0,,-19.925909,-43.96256600000004,3,2,1,,1282.28,200.0,oeste,Prado,12/08/18,None,None
35948,715000.0,,-19.8775063,-43.999562899999994,3,3,2,,140.0,300.0,pampulha,Castelo,12/08/18,None,None
66672,800000.0,,-19.975086800000003,-43.940700799999995,3,2,1,,504.0,980.0,centro-sul,Belvedere,12/08/18,None,None
51110,199000.0,,-19.9406258,-44.01395489999999,2,1,0,,72.96,230.0,noroeste,Camargos,12/08/18,None,None
55035,215000.0,,-19.932121399999996,-44.01971300000002,2,1,0,,58.06,270.0,noroeste,Camargos,12/08/18,None,None
55815,220000.0,,-19.916524399999997,-43.94236280000001,2,1,0,,0.0,285.0,centro-sul,Centro,12/08/18,None,None
153993,290000.0,,-19.8447158,-43.93748529999999,2,2,1,,0.01,0.01,norte,Heliópolis,12/08/18,None,None
154004,290000.0,,-19.8447158,-43.93748529999999,2,2,1,,0.01,0.01,norte,Heliópolis,12/08/18,None,None
154169,290000.0,,-19.8447201,-43.93747780000001,2,2,1,,0.01,0.01,norte,Heliópolis,12/08/18,None,None
154175,290000.0,,-19.8447158,-43.93748529999999,2,2,1,,0.01,0.01,norte,Heliópolis,12/08/18,None,None
1018282,300000.0,,-19.8946617,-43.99911289999999,2,1,0,,65.0,120.0,pampulha,Manacás,12/08/18,None,None
158845,330000.0,,-19.9234658,-43.99082670000002,3,2,0,,79.09,350.0,noroeste,Coração Eucarístico,12/08/18,None,None
154453,365000.0,,-19.8447158,-43.93748529999999,2,1,1,,0.01,0.01,norte,Heliópolis,12/08/18,None,None
11539,367000.0,,-19.8932055,-43.99806490000003,3,2,1,,120.0,150.0,pampulha,Manacás,12/08/18,None,None
154362,410000.0,,-19.8447158,-43.93748529999999,2,1,1,,0.01,0.01,norte,Heliópolis,12/08/18,None,None
348755,410000.0,,-19.927000399999997,-43.99444729999999,3,1,1,,66.66,330.0,noroeste,Dom Cabral,12/08/18,None,None
334629,450000.0,,-19.923433,-43.99021719999996,3,1,1,,132.54,650.0,noroeste,Coração Eucarístico,12/08/18,None,None
334835,500000.0,,-19.923963,-43.9895831,3,2,1,,132.56,650.0,noroeste,Coração Eucarístico,12/08/18,None,None
1526887,660240.0,,-19.942427,-43.9354439,2,2,1,,1.0,1.0,centro-sul,São Pedro,12/08/18,None,None
1526971,660240.0,,-19.942427,-43.9354439,2,2,1,,1.0,1.0,centro-sul,São Pedro,12/08/18,None,None
1526972,660240.0,,-19.942427,-43.9354439,2,2,1,,1.0,1.0,centro-sul,São Pedro,12/08/18,None,None
1526973,660240.0,,-19.942427,-43.9354439,2,2,1,,1.0,1.0,centro-sul,São Pedro,12/08/18,None,None
1526974,660240.0,,-19.942427,-43.9354439,2,2,1,,1.0,1.0,centro-sul,São Pedro,12/08/18,None,None
1526976,660240.0,,-19.942427,-43.9354439,2,2,1,,1.0,1.0,centro-sul,São Pedro,12/08/18,None,None
1527006,858240.0,,-19.942427,-43.9354439,2,2,1,,1.0,1.0,centro-sul,São Pedro,12/08/18,None,None
1968808,250000.0,,-19.878191,-43.99450999999999,2,2,1,,78.12,330.0,pampulha,Castelo,12/08/18,None,None
9503,1120000.0,,-19.934722600000004,-43.95308560000001,4,4,2,,590.0,950.0,oeste,Gutierrez,12/08/18,None,None
456238,125000.0,,-19.8286161,-43.9826162,3,2,0,,0.0,100.0,pampulha,Santa Mônica,12/08/18,None,None
3239840,154800.0,,-19.9520608,-43.980315099999984,2,1,0,,0.0,150.0,oeste,Havaí,12/08/18,None,None
3245575,158000.0,,-19.9463662,-43.99370629999999,2,1,0,,0.0,110.0,oeste,Nova Gameleira,12/08/18,None,None
345416,159000.0,,-19.886233800000003,-44.0064539,2,1,0,,59.89,310.0,pampulha,Serrano,12/08/18,None,None
59190,160000.0,,-19.8347333,-43.991272699999975,2,1,0,,30.0,150.0,venda-nova,Parque Leblon,12/08/18,None,None
146808,160000.0,,-19.918422699999997,-44.0108813,2,1,0,,0.0,150.0,noroeste,Califórnia,12/08/18,None,None
3253839,160000.0,,-19.891277,-43.997014000000036,2,1,0,,0.0,150.0,pampulha,Castelo,12/08/18,None,None
357874,165000.0,,-19.9378035,-44.016725399999984,2,1,0,,27.0,250.0,noroeste,Camargos,12/08/18,None,None
1849298,165000.0,,-19.856595300000002,-43.90909620000002,2,1,0,,0.0,140.0,nordeste,São Gabriel,12/08/18,None,None
344758,170000.0,,-19.940623100000003,-44.01644569999996,2,1,0,,59.14,200.0,noroeste,Camargos,12/08/18,None,None
3252604,170000.0,,-19.942799,-43.995581000000016,3,1,0,,0.0,160.0,oeste,Nova Gameleira,12/08/18,None,None
182851,175000.0,,-19.8976549,-44.0097629,2,1,0,,65.9,140.0,noroeste,Glória,12/08/18,None,None
346749,180000.0,,-19.87039,-43.95085790000002,2,1,0,,0.0,0.01,pampulha,São Francisco,12/08/18,None,None
3256846,180000.0,,-19.817595899999997,-43.94470760000002,2,1,0,,0.0,150.0,norte,Juliana,12/08/18,None,None
348148,185000.0,,-19.9587522,-43.9817956,2,1,0,,54.5,230.0,oeste,Havaí,12/08/18,None,None
3243587,189000.0,,-19.9913698,-44.022617200000006,2,1,0,,63.75,250.0,barreiro,Diamante,12/08/18,None,None
337864,190000.0,,-19.868564000000003,-43.99712190000002,2,1,0,,30.0,200.0,pampulha,Paquetá,12/08/18,None,None
344529,190000.0,,-19.926306399999998,-43.94118029999999,1,1,0,,53.32,246.0,centro-sul,Santo Agostinho,12/08/18,None,None
279914,195000.0,,-19.988532,-43.997925599999974,2,1,0,,24.38,160.0,barreiro,Flávio Marques Lisboa,12/08/18,None,None
727360,198000.0,,-19.8911378,-43.99921749999999,2,1,0,,26.0,180.0,pampulha,Manacás,12/08/18,None,None
348964,200000.0,,-19.917711899999997,-43.94269370000001,1,1,0,,0.0,234.0,centro-sul,Centro,12/08/18,None,None
3237986,200000.0,,-19.9197149,-43.9807442,2,1,0,,100.0,150.0,noroeste,Padre Eustáquio,12/08/18,None,None
625410,210000.0,,-19.9944551,-43.99265860000003,3,1,0,,66.0,253.0,barreiro,Bonsucesso,12/08/18,None,None
1951233,214000.0,,-19.825533,-43.94145900000001,2,2,1,,95.43,290.0,norte,Jardim Guanabara,12/08/18,None,None
143613,220000.0,,-19.949366,-43.969118500000036,2,1,0,,50.0,165.0,oeste,Jardim América,12/08/18,None,None
147026,220000.0,,-19.9201625,-43.94695660000002,2,2,0,,0.0,360.0,centro-sul,Centro,12/08/18,None,None
1017337,225000.0,,-19.8946617,-43.99911289999999,2,1,0,,65.0,120.0,pampulha,Manacás,12/08/18,None,None
352849,230000.0,,-19.8607145,-43.9402106,2,1,0,,27.66,250.0,pampulha,Dona Clara,12/08/18,None,None
1675142,230000.0,,-19.966088100000004,-43.97553970000001,2,1,1,,0.0,0.0,oeste,Havaí,12/08/18,None,None
1675143,230000.0,,-19.966088100000004,-43.97553970000001,2,1,1,,0.0,0.0,oeste,Havaí,12/08/18,None,None
1675188,230000.0,,-19.966088100000004,-43.97553970000001,2,1,1,,0.0,0.0,oeste,Havaí,12/08/18,None,None
1675190,230000.0,,-19.966088100000004,-43.97553970000001,2,1,1,,0.0,0.0,oeste,Havaí,12/08/18,None,None
1675191,230000.0,,-19.966088100000004,-43.97553970000001,2,1,1,,0.0,0.0,oeste,Havaí,12/08/18,None,None
1675192,230000.0,,-19.966088100000004,-43.97553970000001,2,1,1,,0.0,0.0,oeste,Havaí,12/08/18,None,None
1675193,230000.0,,-19.966088100000004,-43.97553970000001,2,1,1,,0.0,0.0,oeste,Havaí,12/08/18,None,None
1675194,230000.0,,-19.966088100000004,-43.97553970000001,2,1,1,,0.0,0.0,oeste,Havaí,12/08/18,None,None
1675195,230000.0,,-19.966088100000004,-43.97553970000001,2,1,1,,0.0,0.0,oeste,Havaí,12/08/18,None,None
189743,239000.0,,-19.8917171,-43.98460490000002,2,1,0,,550.0,205.0,pampulha,Engenho Nogueira,12/08/18,None,None
216919,239000.0,,-19.9191029,-43.97990879999998,2,1,0,,0.0,180.0,noroeste,Padre Eustáquio,12/08/18,None,None
3216932,240000.0,,-19.893663600000004,-44.00075579999998,3,1,0,,69.0,160.0,pampulha,Manacás,12/08/18,None,None
3253261,240000.0,,-19.889432199999998,-43.9427753,2,1,0,,78.0,220.0,nordeste,Renascença,12/08/18,None,None
388137,255000.0,,-19.8925407,-43.966232100000006,2,1,0,,61.81,356.0,noroeste,Caiçaras,12/08/18,None,None
515941,270000.0,,-19.9069984,-43.92996949999997,1,1,0,,90.72,282.43,leste,Sagrada Família,12/08/18,None,None
46428,275000.0,,-19.8874642,-44.00037950000001,3,2,0,,58.0,210.0,pampulha,Castelo,12/08/18,None,None
10411,279000.0,,-19.879832699999998,-43.99114989999998,2,1,1,,90.0,210.0,pampulha,Paquetá,12/08/18,None,None
35615,280000.0,,-19.8721941,-43.9482309,2,1,0,,26.59,130.0,nordeste,Palmares,12/08/18,None,None
1115362,280000.0,,-19.9281002,-44.00267199999996,3,2,0,,61.97,150.0,noroeste,João Pinheiro,12/08/18,None,None
3254850,290000.0,,-19.8813012,-43.922195200000026,2,2,2,,120.0,280.0,nordeste,União,12/08/18,None,None
62504,300000.0,,-19.8578947,-43.95867720000001,3,1,1,,60.0,200.0,pampulha,Pampulha,12/08/18,None,None
1581603,300000.0,,-19.827740300000002,-43.96423809999999,3,1,1,,39.45,75.0,venda-nova,São João Batista,12/08/18,None,None
12050,325000.0,,-19.8559568,-43.957196200000006,2,2,1,,101.17,380.0,pampulha,Aeroporto,12/08/18,None,None
3245494,325000.0,,-19.9199555,-43.91046059999997,3,2,1,,113.0,375.0,centro-sul,Santa Efigênia,12/08/18,None,None
3250117,329000.0,,-19.922019199999998,-43.94621129999996,3,2,1,,76.0,830.0,centro-sul,Barro Preto,12/08/18,None,None
140678,340000.0,,-19.94736,-43.934176999999984,2,2,1,,102.71,220.0,centro-sul,Sion,12/08/18,None,None
345213,350000.0,,-19.9204552,-43.94126949999998,3,2,0,,0.0,550.0,centro-sul,Centro,12/08/18,None,None
351396,355000.0,,-19.9005183,-43.93491399999999,3,3,2,,0.0,0.0,nordeste,Concórdia,12/08/18,None,None
31286,360000.0,,-19.942484,-43.9149516,2,1,0,,500.4,150.0,centro-sul,Serra,12/08/18,None,None
364710,369000.0,,-19.9069984,-43.92996949999997,2,2,2,,0.0,0.0,leste,Sagrada Família,12/08/18,None,None
365434,374218.09,,-19.9462159,-43.938924199999974,1,1,0,,1.0,1.0,centro-sul,São Pedro,12/08/18,None,None
365435,374218.09,,-19.946340600000003,-43.93932369999999,1,1,0,,1.0,1.0,centro-sul,São Pedro,12/08/18,None,None
60925,380000.0,,-19.9221228,-43.91013239999995,2,1,1,,80.0,250.0,centro-sul,Santa Efigênia,12/08/18,None,None
1685753,380000.0,,-19.886373300000002,-43.93331069999999,3,2,1,,193.24,240.0,nordeste,Renascença,12/08/18,None,None
1623586,380785.32,,-19.9132796,-43.91975639999998,3,1,0,,0.0,1.0,leste,Santa Tereza,12/08/18,None,None
39420,395000.0,,-19.863898300000002,-43.94270030000001,3,2,1,,70.23,290.0,pampulha,Santa Rosa,12/08/18,None,None
46157,395000.0,,-19.9013164,-43.980797100000004,3,2,1,,78.0,230.0,noroeste,Caiçaras,12/08/18,None,None
181601,399000.0,,-19.9005258,-43.97407670000001,3,1,1,,112.17,150.0,noroeste,Caiçaras,12/08/18,None,None
157835,420000.0,,-19.9407216,-43.91451989999996,3,2,1,,147.52,300.0,centro-sul,Serra,12/08/18,None,None
1953452,420000.0,,-19.956587,-43.98521900000003,3,2,1,,0.0,0.0,oeste,Betânia,12/08/18,None,None
362721,440000.0,,-19.8588503,-43.95397359999998,3,2,1,,39.0,400.0,pampulha,Pampulha,12/08/18,None,None
3243350,445000.0,,-19.950138,-43.931021999999984,3,2,1,,160.0,450.0,centro-sul,Sion,12/08/18,None,None
53153,450000.0,,-19.934145,-43.94134220000001,1,1,1,,138.9,750.0,centro-sul,Lourdes,12/08/18,None,None
128177,450000.0,,-19.9468405,-43.93997709999997,3,2,0,,219.0,780.0,centro-sul,Santo Antônio,12/08/18,None,None
135731,450000.0,,-19.9286385,-43.91715799999997,3,2,1,,85.13,300.0,leste,São Lucas,12/08/18,None,None
1675241,450000.0,,-19.966088100000004,-43.97553970000001,2,1,1,,0.0,0.0,oeste,Havaí,12/08/18,None,None
127944,460000.0,,-19.903268399999998,-43.92227800000001,3,1,1,,0.0,0.0,leste,Sagrada Família,12/08/18,None,None
136434,479000.0,,-19.998252800000003,-44.01644709999999,3,1,1,,0.0,180.0,barreiro,Brasil Industrial (Barreiro),12/08/18,None,None
165800,485000.0,,-19.8333511,-43.93898380000002,3,3,1,,214.38,320.0,norte,Floramar,12/08/18,None,None
360884,499500.0,,-19.9355806,-43.91987790000002,3,2,1,,128.0,530.0,centro-sul,Serra,12/08/18,None,None
5770,510000.0,,-19.9173482,-43.9169746,3,3,1,,160.0,220.0,leste,Santa Tereza,12/08/18,None,None
10177,525000.0,,-19.9377568,-43.92608380000002,3,2,1,,90.0,350.0,centro-sul,Funcionários,12/08/18,None,None
36529,530000.0,,-19.959995199999998,-43.93015070000001,3,2,1,,114.0,400.0,centro-sul,Sion,12/08/18,None,None
3253797,540000.0,,-19.983618300000003,-44.01091750000001,3,2,1,,200.0,200.0,barreiro,Santa Helena (barreiro),12/08/18,None,None
136487,550000.0,,-19.938164999999998,-43.94020539999997,3,1,0,,139.12,450.0,centro-sul,Lourdes,12/08/18,None,None
3256326,550000.0,,-19.9484506,-43.94461179999996,3,2,1,,156.81,1108.0,centro-sul,Santo Antônio,12/08/18,None,None
365374,555336.0,,-19.946340600000003,-43.93932369999999,2,1,0,,1.0,1.0,centro-sul,São Pedro,12/08/18,None,None
3256592,560121.0,,-19.9404029,-43.94595800000002,2,2,1,,0.01,400.0,centro-sul,Santo Antônio,12/08/18,None,None
3256602,560121.0,,-19.94043,-43.94593700000002,2,2,1,,0.01,400.0,centro-sul,Santo Antônio,12/08/18,None,None
3256610,575000.0,,-19.9404029,-43.94595800000002,2,2,1,,0.01,400.0,centro-sul,Santo Antônio,12/08/18,None,None
32022,580000.0,,-19.976326999999998,-43.97226699999999,4,1,0,,161.0,400.0,oeste,Buritis,12/08/18,None,None
141469,580000.0,,-19.969503800000002,-43.9620774,4,3,1,,204.51,600.0,oeste,Buritis,12/08/18,None,None
44093,595000.0,,-19.9151081,-43.957675,4,1,1,,150.0,350.0,noroeste,Carlos Prates,12/08/18,None,None
274986,640000.0,,-19.941875500000002,-43.91445699999997,3,2,1,,116.72,670.0,centro-sul,Serra,12/08/18,None,None
356241,640000.0,,-19.8766389,-44.00611560000005,3,3,1,,110.0,200.0,pampulha,Serrano,12/08/18,None,None
3241269,650000.0,,-19.957538500000002,-43.93806210000002,4,2,1,,182.0,650.0,centro-sul,Sion,12/08/18,None,None
367070,680000.0,,-19.9318644,-43.9202186,3,2,1,,188.0,900.0,leste,São Lucas,12/08/18,None,None
242421,780000.0,,-19.9276014,-43.920504,4,2,1,,146.41,400.0,centro-sul,Funcionários,12/08/18,None,None
171544,850000.0,,-19.9041884,-43.97187359999998,4,3,1,,200.0,380.0,noroeste,Caiçaras,12/08/18,None,None
253015,850000.0,,-19.936513899999998,-43.94060709999997,4,3,1,,258.02,800.0,centro-sul,Lourdes,12/08/18,None,None
10702,900000.0,,-19.8836244,-43.927808899999995,4,2,1,,212.69,300.0,nordeste,Ipiranga,12/08/18,None,None
1018286,994030.0,,-19.968912300000003,-43.965824399999974,4,2,1,,1.0,1.0,oeste,Estoril,12/08/18,None,None
351459,1080000.0,,-19.9440228,-43.94627539999999,3,3,1,,308.9,816.0,centro-sul,Santo Antônio,12/08/18,None,None
27597,1100000.0,,-19.934254,-43.954883,2,3,1,,200.0,600.0,oeste,Gutierrez,12/08/18,None,None
208334,1150000.0,,-19.942155,-43.9228809,4,2,1,,401.94,830.16,centro-sul,Serra,12/08/18,None,None
195746,1200000.0,,-19.942155,-43.9228809,4,2,1,,425.21,830.16,centro-sul,Serra,12/08/18,None,None
343228,1215000.0,,-19.9423632,-43.93963869999999,3,2,1,,111.0,300.0,centro-sul,Santo Antônio,12/08/18,None,None
61539,1250000.0,,-19.926146,-43.95911100000001,4,5,4,,400.0,800.0,oeste,Prado,12/08/18,None,None
390441,1250000.0,,-19.931021899999998,-43.94402339999999,4,3,1,,400.0,1050.0,centro-sul,Lourdes,12/08/18,None,None
61755,1395000.0,,-19.926146,-43.95911100000001,4,5,4,,400.0,800.0,oeste,Prado,12/08/18,None,None
61756,1440000.0,,-19.926146,-43.95911100000001,4,5,4,,400.0,800.0,oeste,Prado,12/08/18,None,None
358750,1500000.0,,-19.9423843,-43.91836910000001,4,4,2,,0.0,0.0,centro-sul,Serra,12/08/18,None,None
17950,1599999.99,,-19.950443,-43.9572379,4,3,1,,220.0,550.0,centro-sul,Luxemburgo,12/08/18,None,None
59605,1800000.0,,-19.952581,-43.93201399999998,4,3,2,,604.11,2200.0,centro-sul,Sion,12/08/18,None,None
147954,2850000.0,,-19.94105768259268,-43.95760631271969,4,4,4,,727.0,2200.0,oeste,Gutierrez,12/08/18,None,None
356176,340000.0,,-19.8696047,-43.99193170000001,4,2,0,,65.0,110.0,pampulha,Paquetá,12/08/18,None,None
8534,249000.0,,-19.8408652,-43.927211,3,1,0,,0.0,276.0,norte,Guarani,12/08/18,None,None
3238554,310000.0,,-19.915936,-43.99302320000004,2,2,0,,87.0,402.0,noroeste,Padre Eustáquio,12/08/18,None,None
358029,730000.0,,-19.941736399999996,-43.9654923,3,4,2,,205.0,420.0,oeste,Nova Granada,12/08/18,None,None
17947,850000.0,,-19.9386451,-43.91803870000001,2,2,1,,200.41,450.0,centro-sul,Serra,12/08/18,None,None
356253,1180000.0,,-19.9330577,-43.946696799999984,3,2,1,,305.0,720.0,centro-sul,Santo Agostinho,12/08/18,None,None
58269,230000.0,,-19.8710614,-43.99293349999999,2,1,0,,60.0,200.0,pampulha,Paquetá,12/08/18,None,None
147626,580000.0,,-19.892694600000002,-43.93718719999998,2,2,1,,137.18,200.0,nordeste,Renascença,12/08/18,None,None
1533782,530000.0,,-19.8215008,-43.97120849999999,3,2,1,,170.0,200.0,venda-nova,São João Batista,12/08/18,None,None
336739,217900.0,,-19.9448629,-43.976009999999974,2,1,0,,0.0,0.0,oeste,Jardim América,12/08/18,None,None
336740,224900.0,,-19.9448629,-43.976009999999974,2,1,0,,0.0,0.0,oeste,Jardim América,12/08/18,None,None
336727,227900.0,,-19.9448629,-43.976009999999974,2,1,0,,0.0,0.0,oeste,Jardim América,12/08/18,None,None
336726,252200.0,,-19.9448629,-43.976009999999974,2,1,0,,0.0,0.0,oeste,Jardim América,12/08/18,None,None
3240145,260000.0,,-19.930894,-43.93062700000002,1,1,1,,0.0,0.0,centro-sul,Savassi,12/08/18,None,None
7205,285000.0,,-19.8724613,-43.93890329999999,2,2,1,,0.0,140.0,nordeste,Palmares,12/08/18,None,None
336733,329900.0,,-19.9448629,-43.976009999999974,2,1,0,,0.0,0.0,oeste,Jardim América,12/08/18,None,None
172876,320000.0,,-19.9686598,-43.95472910000001,1,1,1,,75.51,400.0,oeste,Estoril,12/08/18,None,None
357092,392700.0,,-19.9380013,-43.980795100000016,3,2,1,,80.0,250.0,oeste,Salgado Filho,12/08/18,None,None
146496,435000.0,,-19.9273996,-43.93714130000001,3,2,0,,137.44,570.0,centro-sul,Lourdes,12/08/18,None,None
723022,590000.0,,-19.9752658,-43.9745542,3,3,1,,178.0,350.0,oeste,Buritis,12/08/18,None,None
298792,875000.0,,-19.957154,-43.93580450000002,4,1,2,,378.0,1267.0,centro-sul,Sion,12/08/18,None,None
3255019,300000.0,,-19.9649255,-43.97350879999999,3,2,1,,110.0,280.0,oeste,Havaí,12/08/18,None,None
2145461,190000.0,,-19.935701,-44.021615000000004,2,1,0,,33.0,252.0,noroeste,Camargos,12/08/18,None,None
27834,305000.0,,-19.822013100000003,-43.95053680000001,3,2,1,,57.84,140.0,norte,Vila Cloris,12/08/18,None,None
17862,500000.0,,-19.918236899999997,-43.989363300000036,3,2,1,,144.17,250.0,noroeste,Minas Brasil,12/08/18,None,None
8044,370000.0,,-19.916576100000004,-43.93467989999999,3,1,1,,120.0,150.0,pampulha,Manacás,12/08/18,None,None
171621,595000.0,,-19.8823309,-43.982606000000025,4,2,1,,195.83,540.2,pampulha,Ouro Preto,12/08/18,None,None
141951,1180000.0,,-19.9508424,-43.95414510000001,4,3,1,,335.0,1390.0,centro-sul,Luxemburgo,12/08/18,None,None
47716,280000.0,,-19.901373100000004,-43.91281989999999,2,2,1,,78.0,258.0,pampulha,Paquetá,12/08/18,None,None
18600,310000.0,,-19.9380579,-43.96771860000001,3,2,1,,100.0,180.0,oeste,Grajaú,12/08/18,None,None
26932,470000.0,,-19.9608326,-43.9474649,3,2,1,,130.0,200.0,centro-sul,São Bento,12/08/18,None,None
41088,750000.0,,-19.969359100000002,-43.96917589999998,4,3,1,,288.32,700.0,oeste,Buritis,12/08/18,None,None
3236361,150000.0,,-19.8464095,-43.8834051,2,1,0,,0.0,150.0,nordeste,Jardim Vitória,12/08/18,None,None
36530,260000.0,,-19.8866457,-44.006519899999994,3,2,1,,57.64,200.0,pampulha,Castelo,12/08/18,None,None
51238,650000.0,,-19.946041,-43.932072999999995,3,3,1,,272.0,800.0,centro-sul,Anchieta,12/08/18,None,None
3242598,690000.0,,-19.944725899999998,-43.946052099999974,3,3,1,,180.0,700.0,centro-sul,Santo Antônio,12/08/18,None,None
3250141,900000.0,,-19.925462,-43.99091299999998,4,3,1,,376.8,780.0,noroeste,Coração Eucarístico,12/08/18,None,None
3244316,299000.0,,-19.8137464,-43.9751794,3,2,1,,91.0,300.0,venda-nova,Candelária,12/08/18,None,None
58668,374000.0,,-19.9016232,-43.968614,3,1,0,,106.05,420.0,noroeste,Caiçaras,12/08/18,None,None
2823010,187000.0,,-19.9159667,-43.992791900000036,2,1,0,,27.37,350.0,noroeste,Padre Eustáquio,12/08/18,None,None
147199,495000.0,,-19.9467823,-43.95366360000003,1,2,1,,307.53,740.0,centro-sul,Luxemburgo,12/08/18,None,None
39201,600000.0,,-19.935077,-43.93252280000002,1,1,0,,176.23,680.0,centro-sul,Funcionários,12/08/18,None,None
355610,650000.0,,-19.9585458,-43.934717500000026,3,3,1,,180.0,600.0,centro-sul,Sion,12/08/18,None,None
3215834,1530000.0,,-19.9387655,-43.94004999999999,3,2,1,,375.1,994.0,centro-sul,Savassi,12/08/18,None,None
62044,2500000.0,,-19.943054500000002,-43.93837880000001,4,5,1,,600.0,1500.0,centro-sul,Savassi,12/08/18,None,None
3212558,1370000.0,,-19.9444742,-43.93931889999999,4,2,1,,337.15,2150.0,centro-sul,São Pedro,12/08/18,None,None
366581,5500000.0,,-19.928523600000002,-43.94262809999998,4,6,4,,2085.0,4500.0,centro-sul,Lourdes,12/08/18,None,None
3252228,250000.0,,-20.0057585,-44.00760279999997,2,2,1,,125.07,302.0,barreiro,Cardoso,12/08/18,None,None
14568,150000.0,,-19.792974800000003,-43.95653919999995,2,1,0,,0.0,110.0,venda-nova,Venda Nova,12/08/18,None,None
1845672,290000.0,,-19.9706921,-43.96528510000002,1,1,0,,132.03,600.06,oeste,Buritis,12/08/18,None,None
3238153,385000.0,,-19.909499,-43.92411300000003,3,1,1,,74.9,250.0,leste,Sagrada Família,12/08/18,None,None
3214953,420000.0,,-19.9194609,-43.91034560000003,3,2,1,,120.0,375.0,centro-sul,Santa Efigênia,12/08/18,None,None
356299,670000.0,,-19.9249693,-43.96637479999998,3,3,1,,135.0,330.0,oeste,Prado,12/08/18,None,None
342410,500000.0,,-19.9581925,-43.966102200000016,3,3,1,,160.74,539.11,oeste,Estoril,12/08/18,None,None
3252652,165000.0,,-19.840571,-43.94016690000001,2,1,0,,56.0,130.0,norte,Heliópolis,12/08/18,None,None
1701016,220000.0,,-19.830327,-43.96659799999998,3,1,0,,77.0,290.0,pampulha,Santa Branca,12/08/18,None,None
360750,280000.0,,-19.9615689,-43.98200969999999,3,3,1,,85.0,300.0,oeste,Palmeiras,12/08/18,None,None
3248436,280000.0,,-19.889342000000003,-43.99424669999996,2,1,1,,76.11,173.0,pampulha,Castelo,12/08/18,None,None
3250685,298000.0,,-19.933979100000002,-43.94254690000002,1,1,0,,120.0,851.54,centro-sul,Lourdes,12/08/18,None,None
1011734,325000.0,,-19.9374298,-43.97798280000001,3,3,1,,73.0,600.0,oeste,Nova Suíssa,12/08/18,None,None
2874063,330000.0,,-19.903451,-43.927929999999996,3,1,1,,320.0,72.11,leste,Sagrada Família,12/08/18,None,None
3253166,330000.0,,-19.909493100000002,-43.92060400000002,3,1,1,,91.77,235.0,leste,Sagrada Família,12/08/18,None,None
1628699,340000.0,,-19.973118,-43.97128599999997,2,2,1,,1.0,1.0,oeste,Buritis,12/08/18,None,None
30736,360000.0,,-19.8980394,-43.99780340000001,3,1,1,,150.0,630.0,pampulha,Manacás,12/08/18,None,None
357103,390000.0,,-19.9111357,-43.95950920000002,3,3,1,,116.02,450.0,noroeste,Carlos Prates,12/08/18,None,None
3256349,390000.0,,-19.938295,-43.94922600000001,2,2,0,,141.25,500.0,centro-sul,Coração de Jesus,12/08/18,None,None
342886,400000.0,,-19.9905185,-44.01428129999999,3,2,1,,0.0,325.0,barreiro,Santa Helena (barreiro),12/08/18,None,None
347200,400000.0,,-19.883063600000003,-43.9268778,3,1,1,,120.45,350.0,nordeste,União,12/08/18,None,None
3248848,420000.0,,-19.952677800000004,-43.93568040000002,3,2,1,,129.67,544.5,centro-sul,Sion,12/08/18,None,None
3236326,450000.0,,-19.9312669,-43.9530489,3,2,1,,142.72,200.0,centro-sul,Santo Agostinho,12/08/18,None,None
3254538,460000.0,,-19.939234,-43.96370560000002,3,3,1,,116.35,580.0,oeste,Gutierrez,12/08/18,None,None
7708,480000.0,,-19.9934148,-44.01988929999999,3,1,1,,1755.27,220.0,barreiro,Santa Cruz (barreiro),12/08/18,None,None
337213,480000.0,,-19.945652,-43.92656399999999,3,2,1,,140.4,380.0,centro-sul,Cruzeiro,12/08/18,None,None
6783,485000.0,,-19.978773999999998,-43.96699899999999,3,2,1,,120.0,285.0,oeste,Buritis,12/08/18,None,None
1701671,520000.0,,-19.9519248,-43.93663850000002,4,1,1,,173.0,450.0,centro-sul,Sion,12/08/18,None,None
2442288,545000.0,,-19.9515505,-43.93910579999999,3,2,1,,220.0,800.0,centro-sul,Sion,12/08/18,None,None
3251526,580000.0,,-19.975433499999998,-43.965489100000006,3,2,1,,188.4,750.0,oeste,Buritis,12/08/18,None,None
357114,590000.0,,-19.9433954,-43.96885129999998,3,3,1,,185.0,480.0,oeste,Nova Granada,12/08/18,None,None
2729887,595000.0,,-19.950568,-43.95773919999999,3,3,1,,237.0,740.0,centro-sul,Luxemburgo,12/08/18,None,None
390764,625000.0,,-19.976005899999997,-43.964478199999974,3,2,1,,292.0,904.0,oeste,Buritis,12/08/18,None,None
3241682,640000.0,,-19.9704036,-43.96982890000004,3,1,1,,213.91,612.45,oeste,Buritis,12/08/18,None,None
1787175,650000.0,,-19.96848,-43.967937000000006,3,3,1,,319.61,1100.0,oeste,Buritis,12/08/18,None,None
3257859,680000.0,,-19.878733999999998,-43.9814427,4,3,1,,215.0,850.0,pampulha,Ouro Preto,12/08/18,None,None
1800504,690000.0,,-19.9430147,-43.9724678,4,3,1,,216.98,690.0,oeste,Jardim América,12/08/18,None,None
3233827,699000.0,,-19.969770800000003,-43.96982650000001,4,2,1,,297.04,1100.0,oeste,Buritis,12/08/18,None,None
1811979,700000.0,,-19.942615600000003,-43.917020500000035,3,2,1,,178.0,1000.0,centro-sul,Serra,12/08/18,None,None
153735,800000.0,,-19.9578007,-43.9375513,4,2,1,,390.0,1400.0,centro-sul,Sion,12/08/18,None,None
154449,848000.0,,-19.950302,-43.93062800000001,4,2,1,,212.09,473.0,centro-sul,Sion,12/08/18,None,None
3213476,850000.0,,-19.975185999999997,-43.96854999999999,4,5,2,,412.06,768.0,oeste,Buritis,12/08/18,None,None
3239779,995000.0,,-19.9289698,-43.92337520000001,4,2,1,,219.0,1060.0,centro-sul,Santa Efigênia,12/08/18,None,None
3257550,1195000.0,,-19.9340257,-43.9633963,3,4,1,,541.01,1200.0,oeste,Gutierrez,12/08/18,None,None
356082,1550000.0,,-19.946028899999998,-43.93228349999998,4,5,2,,589.07,2643.0,centro-sul,Sion,12/08/18,None,None
2236391,2150000.0,,-19.9566016,-43.93106899999998,4,4,4,,203.0,2450.0,centro-sul,Sion,12/08/18,None,None
3240805,2300000.0,,-19.9266512,-43.947751400000016,4,3,2,,1126.46,1800.0,centro-sul,Santo Agostinho,12/08/18,None,None
3252758,175000.0,,-19.946816000000002,-43.97922519999997,2,1,0,,61.05,200.0,oeste,Salgado Filho,12/08/18,None,None
332359,260000.0,,-19.9320157,-43.96431640000003,3,1,0,,59.4,200.0,oeste,Barroca,12/08/18,None,None
164798,762648.0,,-19.947274399999998,-43.9520789,3,3,1,,1.0,1.0,centro-sul,Vila Paris,12/08/18,None,None
3240417,170000.0,,-19.857624100000002,-43.88894089999997,2,1,0,,53.0,190.0,nordeste,Jardim Vitória,12/08/18,None,None
3243697,230000.0,,-19.933754,-43.98021700000004,2,1,0,,73.22,516.0,oeste,Nova Suíssa,12/08/18,None,None
6216,350000.0,,-19.8952417,-43.9391933,3,2,1,,87.87,150.0,nordeste,Renascença,12/08/18,None,None
1527587,380000.0,,-19.9103153,-43.962801000000006,3,2,1,,120.0,300.0,noroeste,Carlos Prates,12/08/18,None,None
38687,410000.0,,-19.9525315,-43.9330569,3,1,0,,130.0,250.0,centro-sul,Sion,12/08/18,None,None
34222,750000.0,,-19.930289600000002,-43.932032799999995,3,1,1,,266.0,870.0,centro-sul,Savassi,12/08/18,None,None
132601,280000.0,,-19.8137464,-43.9751794,2,2,1,,62.22,224.0,venda-nova,Candelária,12/08/18,None,None
141281,230000.0,,-19.985955899999997,-44.01002800000003,3,1,0,,29.0,255.0,barreiro,Santa Helena (barreiro),12/08/18,None,None
339282,175000.0,,-19.809430600000002,-43.96452360000001,2,1,0,,63.0,245.0,venda-nova,Vila Capri,12/08/18,None,None
339554,175000.0,,-19.822039,-43.9458995,2,1,0,,63.34,245.0,venda-nova,Venda Nova,12/08/18,None,None
43773,240000.0,,-19.907252,-43.9452685,2,1,0,,74.05,200.0,nordeste,Lagoinha,12/08/18,None,None
37308,330000.0,,-19.9284589,-43.96958210000002,3,2,1,,106.33,220.0,oeste,Prado,12/08/18,None,None
171918,355000.0,,-19.893811499999998,-43.9240519,3,2,0,,105.78,360.0,leste,Sagrada Família,12/08/18,None,None
301331,890000.0,,-19.9300565,-43.914239200000004,4,3,2,,360.0,350.0,leste,São Lucas,12/08/18,None,None
294326,4320000.0,,-19.9765687,-43.94287780000002,4,5,4,,19405.3,3550.0,centro-sul,Belvedere,12/08/18,None,None
155627,390000.0,,-19.934434699999997,-43.97608220000001,3,2,1,,121.0,220.0,oeste,Nova Suíssa,12/08/18,None,None
3245292,830000.0,,-19.973624800000003,-44.01602930000002,4,2,1,,450.0,563.0,barreiro,Barreiro de Baixo,12/08/18,None,None
11567,240000.0,,-20.0059628,-44.007583700000005,3,1,0,,67.0,210.0,barreiro,Cardoso,12/08/18,None,None
39430,290000.0,,-19.932753100000003,-43.91607699999997,3,1,1,,0.0,170.0,leste,São Lucas,12/08/18,None,None
3252511,650000.0,,-19.851388,-43.96146799999997,4,2,1,,1.0,300.0,pampulha,São Luiz (pampulha),12/08/18,None,None
36433,220000.0,,-19.937721399999997,-43.98092869999999,2,1,0,,0.0,170.0,oeste,Salgado Filho,12/08/18,None,None
2802363,245000.0,,-19.925904,-43.99872959999999,2,1,0,,60.67,270.0,noroeste,João Pinheiro,12/08/18,None,None
3245722,145000.0,,-19.8563044,-43.90352080000002,2,1,0,,0.0,190.0,nordeste,São Gabriel,12/08/18,None,None
154486,197000.0,,-19.867419899999998,-43.99474359999999,2,1,0,,0.0,150.0,pampulha,Paquetá,12/08/18,None,None
848572,250000.0,,-19.8262551,-43.95290469999998,2,1,0,,56.0,300.0,norte,Planalto,12/08/18,None,None
17818,385000.0,,-19.9394932,-43.93459000000002,1,1,1,,141.3,850.0,centro-sul,Savassi,12/08/18,None,None
51284,360000.0,,-19.868047,-43.93021850000002,3,2,1,,1026.0,520.0,nordeste,Palmares,12/08/18,None,None
42429,770000.0,,-19.975989600000002,-43.96824170000002,4,3,1,,295.04,500.0,oeste,Buritis,12/08/18,None,None
147281,780000.0,,-19.936570533359674,-43.92630055764158,3,2,1,,274.7,910.0,centro-sul,Funcionários,12/08/18,None,None
3239159,1950000.0,,-19.972844100000003,-43.94125629999997,4,4,2,,800.0,1800.0,centro-sul,Belvedere,12/08/18,None,None
336576,695000.0,,-19.8584833,-43.95129559999998,4,2,1,,232.05,300.0,pampulha,Liberdade,12/08/18,None,None
166847,910000.0,,-19.948576,-43.933383899999974,4,1,1,,249.9,600.0,centro-sul,Carmo,12/08/18,None,None
361712,165000.0,,-19.8723839,-43.99684309999998,2,1,0,,60.26,200.0,pampulha,Paquetá,12/08/18,None,None
336438,160000.0,,-19.9381878,-44.0181849,2,1,0,,280.0,260.0,noroeste,Camargos,12/08/18,None,None
153837,125000.0,,-19.8627858,-43.89185179999998,2,1,0,,0.0,217.0,nordeste,Vitória,12/08/18,None,None
334784,150000.0,,-19.826963100000004,-43.98804810000002,2,1,0,,0.0,150.0,venda-nova,Parque Leblon,12/08/18,None,None
362187,150000.0,,-19.831951899999996,-43.98980330000001,2,1,0,,30.0,0.0,venda-nova,Parque Leblon,12/08/18,None,None
1842327,159000.0,,-19.93637,-43.9749893,2,1,0,,1.0,170.0,oeste,Nova Suíssa,12/08/18,None,None
347335,160000.0,,-19.818630499999998,-43.9445624,2,1,0,,0.0,120.0,norte,Juliana,12/08/18,None,None
271169,189000.0,,-19.839126899999997,-43.95069990000002,2,1,0,,34.33,120.0,norte,Planalto,12/08/18,None,None
271171,189000.0,,-19.837984,-43.950221,2,1,0,,34.33,120.0,norte,Planalto,12/08/18,None,None
352239,195000.0,,-19.8765337,-43.99597299999999,3,1,0,,90.0,150.0,pampulha,Castelo,12/08/18,None,None
1751818,195000.0,,-19.8433549,-43.95700720000002,2,1,0,,0.0,190.0,pampulha,Itapoã,12/08/18,None,None
351354,199000.0,,-19.886387,-43.99499700000001,2,1,0,,62.53,150.0,pampulha,Castelo,12/08/18,None,None
363780,199000.0,,-19.9651925,-43.9603219,2,1,0,,26.0,275.0,oeste,Estoril,12/08/18,None,None
57136,200000.0,,-19.81493262334219,-43.95481090583496,2,1,0,,62.59,200.0,venda-nova,Venda Nova,12/08/18,None,None
124361,200000.0,,-19.8938007,-43.99845270000003,2,1,0,,22.87,150.0,pampulha,Manacás,12/08/18,None,None
154526,200000.0,,-19.828570000000003,-43.977209000000016,3,1,0,,65.1,250.0,pampulha,Santa Mônica,12/08/18,None,None
366251,200000.0,,-19.871194,-43.95146999999997,2,1,0,,62.0,160.0,pampulha,São Francisco,12/08/18,None,None
3253218,200000.0,,-19.9306759,-43.97067500000003,2,1,0,,0.0,180.0,oeste,Prado,12/08/18,None,None
144069,205000.0,,-19.8862122,-44.00401550000004,2,1,0,,0.0,180.0,pampulha,Castelo,12/08/18,None,None
56705,210000.0,,-19.814424300000002,-43.97888,3,2,0,,0.0,275.0,venda-nova,Rio Branco,12/08/18,None,None
1526912,210000.0,,-19.905048,-43.97831499999995,2,1,0,,30.0,0.0,noroeste,Caiçaras,12/08/18,None,None
135057,212000.0,,-19.8112937,-43.98032660000001,3,2,0,,67.0,350.0,venda-nova,Rio Branco,12/08/18,None,None
3233121,215000.0,,-19.8783081,-43.92471269999999,3,1,0,,0.0,100.0,nordeste,União,12/08/18,None,None
168340,220000.0,,-19.929900699999997,-43.92506179999998,1,0,1,,0.0,288.0,centro-sul,Centro,12/08/18,None,None
359996,220000.0,,-19.917711899999997,-43.94269370000001,2,2,0,,0.0,438.0,centro-sul,Centro,12/08/18,None,None
3241130,220000.0,,-19.824714,-43.94677899999999,2,1,0,,71.0,0.0,norte,Vila Cloris,12/08/18,None,None
46700,225000.0,,-19.9020768,-43.92297940000003,2,1,0,,70.34,150.0,leste,Sagrada Família,12/08/18,None,None
339898,225000.0,,-19.8925825,-44.0136402,3,1,0,,50.0,280.0,pampulha,Manacás,12/08/18,None,None
138856,229000.0,,-19.8764937,-43.99608230000001,3,1,0,,50.0,180.0,pampulha,Castelo,12/08/18,None,None
1576983,230000.0,,-19.9161494,-44.00888959999998,2,1,1,,80.0,180.0,noroeste,Glória,12/08/18,None,None
3213195,230000.0,,-19.8654903,-43.94514730000003,3,1,0,,65.2,160.0,pampulha,Santa Rosa,12/08/18,None,None
3238382,230000.0,,-19.905272699999998,-43.93872850000002,2,1,0,,0.0,200.0,leste,Floresta,12/08/18,None,None
39451,235000.0,,-19.892265100000003,-43.99906120000003,2,1,0,,0.0,128.0,pampulha,Manacás,12/08/18,None,None
208544,239000.0,,-19.8908912,-43.9325763,2,1,0,,0.0,160.0,nordeste,Silveira,12/08/18,None,None
1672306,240000.0,,-19.8447735,-43.93145870000001,2,1,0,,73.02,255.0,norte,Guarani,12/08/18,None,None
1697257,245000.0,,-19.9473206,-43.97253790000002,2,2,0,,0.0,300.0,oeste,Jardim América,12/08/18,None,None
208947,250000.0,,-19.901553500000002,-43.91844029999999,2,1,0,,78.63,230.0,leste,Sagrada Família,12/08/18,None,None
425478,260000.0,,-19.821271,-43.951685,3,2,0,,0.0,170.0,norte,Vila Cloris,12/08/18,None,None
135360,270000.0,,-19.8878007,-43.99480670000003,2,1,1,,100.0,210.0,pampulha,Castelo,12/08/18,None,None
346117,270000.0,,-19.8416049,-43.98341119999998,2,1,1,,0.0,150.0,pampulha,Santa Amélia,12/08/18,None,None
353870,270000.0,,-19.893729500000003,-43.93201369999997,2,2,0,,77.0,200.0,nordeste,Silveira,12/08/18,None,None
345929,275000.0,,-19.925241,-43.9133038,2,1,0,,0.0,350.0,centro-sul,Santa Efigênia,12/08/18,None,None
2548907,280000.0,,-19.8620749,-43.91832069999998,2,2,1,,63.46,0.0,nordeste,Eymard,12/08/18,None,None
2548908,280000.0,,-19.8620749,-43.91832069999998,2,2,1,,63.46,0.0,nordeste,Eymard,12/08/18,None,None
139744,285000.0,,-19.8654753,-43.8964254,2,1,0,,0.0,0.0,nordeste,Goiânia,12/08/18,None,None
334477,285000.0,,-19.9034719,-43.92712030000001,2,1,0,,71.73,280.0,leste,Sagrada Família,12/08/18,None,None
3255958,290000.0,,-19.9009828,-43.9155624,3,2,1,,94.07,200.0,leste,Sagrada Família,12/08/18,None,None
354981,300000.0,,-19.9379222,-43.91612140000001,2,2,1,,127.08,287.5,centro-sul,Serra,12/08/18,None,None
279579,308000.0,,-19.8884538,-43.939942299999984,2,2,1,,140.87,130.0,nordeste,Renascença,12/08/18,None,None
139746,310000.0,,-19.8654753,-43.8964254,2,1,0,,0.0,0.0,nordeste,Goiânia,12/08/18,None,None
349562,310000.0,,-19.9050887,-43.93290719999999,3,1,1,,83.0,245.0,leste,Floresta,12/08/18,None,None
1459720,310000.0,,-19.9406496,-43.96891340000002,3,2,1,,88.77,100.0,oeste,Nova Granada,12/08/18,None,None
3249967,310000.0,,-19.935357999999997,-43.96481740000002,3,2,0,,66.0,180.0,oeste,Barroca,12/08/18,None,None
139734,315000.0,,-19.8654753,-43.8964254,2,1,0,,0.0,0.0,nordeste,Goiânia,12/08/18,None,None
1914115,315000.0,,-19.870091199999997,-43.953910500000006,3,2,1,,98.39,390.0,pampulha,São Francisco,12/08/18,None,None
23031,320000.0,,-19.9388112,-43.91638669999998,3,1,0,,73.05,215.0,centro-sul,Serra,12/08/18,None,None
46886,320000.0,,-19.939280899999996,-43.96451450000001,3,2,1,,0.0,380.0,oeste,Barroca,12/08/18,None,None
164791,320000.0,,-19.982813,-43.99518030000002,3,1,0,,62.9,0.0,barreiro,Milionários,12/08/18,None,None
347581,320000.0,,-19.943741,-43.94599399999999,3,1,0,,95.97,250.0,centro-sul,Santo Antônio,12/08/18,None,None
2493434,320000.0,,-19.8620749,-43.91832069999998,2,2,1,,64.36,0.0,nordeste,Eymard,12/08/18,None,None
3213187,320000.0,,-19.887287,-43.90478200000001,3,2,1,,0.0,150.0,leste,Nova Vista,12/08/18,None,None
3250506,320000.0,,-19.9800473,-44.01784040000001,3,1,1,,1865.8,0.0,barreiro,Barreiro,12/08/18,None,None
206074,322000.0,,-19.897250600000003,-43.91808349999997,3,1,1,,98.36,280.0,leste,Sagrada Família,12/08/18,None,None
149639,325000.0,,-19.962874300000003,-43.96371360000001,2,2,1,,0.0,221.24,oeste,Estoril,12/08/18,None,None
365211,328000.0,,-19.949865,-43.957479499999984,2,1,1,,245.0,620.0,centro-sul,Luxemburgo,12/08/18,None,None
3240006,329000.0,,-19.933001899999997,-43.95745499999998,2,1,0,,100.0,300.0,oeste,Gutierrez,12/08/18,None,None
169766,330000.0,,-19.91174399801275,-43.94285897409668,3,1,1,,0.0,300.0,leste,Colégio Batista,12/08/18,None,None
139749,335000.0,,-19.8654753,-43.8964254,3,2,1,,0.0,0.0,noroeste,Alvorada,12/08/18,None,None
239278,340000.0,,-19.9493533,-43.93813829999999,2,2,0,,122.54,480.0,centro-sul,São Pedro,12/08/18,None,None
2548906,340000.0,,-19.8620749,-43.91832069999998,2,2,1,,63.46,0.0,nordeste,Eymard,12/08/18,None,None
139755,349000.0,,-19.8654753,-43.8964254,2,1,0,,0.0,0.0,nordeste,Goiânia,12/08/18,None,None
31933,350000.0,,-19.948565,-43.92272600000001,3,1,0,,120.0,400.0,centro-sul,Cruzeiro,12/08/18,None,None
343763,350000.0,,-19.877645,-43.99163759999999,3,2,1,,72.5,150.0,pampulha,Paquetá,12/08/18,None,None
353768,350000.0,,-19.908184,-43.93083899999999,3,1,1,,0.0,450.0,leste,Floresta,12/08/18,None,None
364130,350000.0,,-19.874083600000002,-43.99527239999998,2,1,0,,95.0,150.0,pampulha,Castelo,12/08/18,None,None
364140,350000.0,,-19.874083600000002,-43.99527239999998,2,1,0,,95.0,150.0,pampulha,Castelo,12/08/18,None,None
390451,350000.0,,-19.868088500000002,-43.98044349999998,3,1,1,,0.0,300.0,pampulha,Paquetá,12/08/18,None,None
3233653,350000.0,,-19.9062345,-43.90326110000001,3,2,1,,0.0,370.0,leste,Esplanada,12/08/18,None,None
61800,360000.0,,-19.972711,-44.015560100000016,2,2,1,,0.0,60.0,barreiro,Barreiro,12/08/18,None,None
623333,370000.0,,-19.9101013,-43.92926269999998,2,1,1,,158.06,0.0,leste,Floresta,12/08/18,None,None
8541,380000.0,,-19.957679000000002,-43.93766500000004,3,2,1,,108.55,250.0,centro-sul,Sion,12/08/18,None,None
156441,380000.0,,-19.879658399999997,-43.99109220000002,2,2,1,,0.0,300.0,pampulha,Paquetá,12/08/18,None,None
362875,380000.0,,-19.950656600000002,-43.92454659999999,3,2,0,,107.91,350.0,centro-sul,Anchieta,12/08/18,None,None
2548909,380000.0,,-19.8620749,-43.91832069999998,2,3,1,,63.46,0.0,nordeste,Eymard,12/08/18,None,None
2548910,380000.0,,-19.8620749,-43.91832069999998,2,3,1,,63.46,0.0,nordeste,Eymard,12/08/18,None,None
338321,390000.0,,-19.9006576,-43.91545550000001,3,2,1,,107.0,300.0,leste,Sagrada Família,12/08/18,None,None
604717,390000.0,,-19.911482100000004,-43.93242220000002,2,2,0,,0.0,200.0,leste,Floresta,12/08/18,None,None
3240928,410000.0,,-19.9160478,-43.91087160000001,3,2,1,,89.0,300.0,leste,Santa Tereza,12/08/18,None,None
147426,420000.0,,-19.877143,-44.010224,3,2,0,,0.0,165.0,pampulha,Serrano,12/08/18,None,None
754937,420000.0,,-19.819761,-43.95631149999997,3,2,1,,0.0,255.0,noroeste,Padre Eustáquio,12/08/18,None,None
40884,425000.0,,-19.920633600000002,-43.943677699999974,3,1,1,,0.0,425.0,centro-sul,Centro,12/08/18,None,None
127417,425000.0,,-19.933879,-43.96742800000004,3,3,1,,0.0,270.0,oeste,Barroca,12/08/18,None,None
150025,425000.0,,-19.8804863,-43.99688420000001,3,2,1,,89.41,180.0,pampulha,Castelo,12/08/18,None,None
5928,430000.0,,-19.886522,-43.922888,3,2,1,,109.0,180.0,leste,Cidade Nova,12/08/18,None,None
1809618,430000.0,,-19.9264578,-43.92503629999999,2,2,0,,100.0,120.0,centro-sul,Funcionários,12/08/18,None,None
1854072,430000.0,,-19.876151,-43.9453153,3,2,1,,204.54,0.0,nordeste,Palmares,12/08/18,None,None
1854070,435000.0,,-19.876151,-43.9453153,3,2,1,,204.54,0.0,nordeste,Santa Cruz,12/08/18,None,None
39704,440000.0,,-19.8865306,-43.94466539999996,3,3,1,,1500.0,300.0,nordeste,Renascença,12/08/18,None,None
1382093,440000.0,,-19.9392341,-43.963680700000005,3,3,1,,0.0,200.0,oeste,Grajaú,12/08/18,None,None
39974,450000.0,,-19.8865306,-43.94466539999996,3,3,1,,1500.0,300.0,nordeste,Cachoeirinha,12/08/18,None,None
46887,450000.0,,-19.8815575,-44.0026092,3,2,1,,0.0,260.0,pampulha,Castelo,12/08/18,None,None
55176,450000.0,,-19.942562300000002,-43.94419729999999,1,1,1,,0.0,500.0,centro-sul,Santo Antônio,12/08/18,None,None
131383,450000.0,,-19.9379391,-43.91612709999998,2,2,1,,0.0,515.0,centro-sul,Serra,12/08/18,None,None
1623031,450000.0,,-19.84215259748414,-43.954664631213404,3,1,1,,1043.0,350.0,pampulha,Itapoã,12/08/18,None,None
38211,460000.0,,-19.8810079,-43.98205759999996,3,2,1,,120.0,200.0,pampulha,Ouro Preto,12/08/18,None,None
353564,460000.0,,-19.8892202,-43.93507650000004,3,1,1,,160.0,0.0,nordeste,Renascença,12/08/18,None,None
362737,470000.0,,-19.8788881,-43.93366750000001,4,1,1,,168.92,0.0,nordeste,Ipiranga,12/08/18,None,None
1837315,470000.0,,-19.953501,-43.93427889999998,3,2,1,,0.0,400.0,centro-sul,Sion,12/08/18,None,None
45843,480000.0,,-19.836660129971293,-43.961045366162125,3,2,1,,0.0,250.0,pampulha,Itapoã,12/08/18,None,None
361658,480000.0,,-19.971311899999996,-43.97202089999996,3,3,1,,212.0,620.0,oeste,Buritis,12/08/18,None,None
360626,495000.0,,-19.9071672,-43.97787149999999,4,3,1,,81.0,218.0,noroeste,Monsenhor Messias,12/08/18,None,None
33115,499000.0,,-19.9723412,-44.01617269999997,3,3,1,,220.0,1100.0,oeste,Gutierrez,12/08/18,None,None
363480,499000.0,,-19.950446499999998,-43.95662449999998,3,3,1,,198.29,0.0,centro-sul,Luxemburgo,12/08/18,None,None
40366,500000.0,,-19.8721651,-43.91682130000004,3,2,1,,0.0,150.0,nordeste,Fernão Dias,12/08/18,None,None
8187,530000.0,,-19.9170833,-43.97110789999999,3,3,1,,172.0,0.0,noroeste,Padre Eustáquio,12/08/18,None,None
331486,530000.0,,-19.9100183,-43.960883500000016,3,2,1,,85.3,220.0,noroeste,Carlos Prates,12/08/18,None,None
36334,535000.0,,-22.9038691,-47.05684539999999,3,2,1,,0.0,800.0,centro-sul,Coração de Jesus,12/08/18,None,None
159487,550000.0,,-19.8762944,-43.946895100000006,3,2,1,,204.54,0.0,nordeste,Santa Cruz,12/08/18,None,None
1854068,560000.0,,-19.876253600000002,-43.94692599999996,3,2,1,,204.54,0.0,nordeste,Santa Cruz,12/08/18,None,None
340696,565000.0,,-19.9548582,-43.93317000000002,3,2,1,,0.0,290.0,centro-sul,Sion,12/08/18,None,None
136786,570000.0,,-19.9441777,-43.9240145,3,1,1,,0.0,500.0,centro-sul,Cruzeiro,12/08/18,None,None
5743,580000.0,,-19.8729495,-43.94007720000002,4,1,2,,2268.0,320.0,nordeste,Santa Cruz,12/08/18,None,None
480882,595000.0,,-19.935430399999998,-43.961224000000016,4,3,1,,135.0,350.0,oeste,Gutierrez,12/08/18,None,None
2537423,600000.0,,-19.881452,-44.001959899999974,4,4,2,,196.36,0.0,pampulha,Castelo,12/08/18,None,None
335536,615000.0,,-19.876248,-43.997706,3,3,1,,0.0,0.0,pampulha,Castelo,12/08/18,None,None
48587,640000.0,,-19.9433183,-43.96978239999999,3,2,1,,0.0,905.0,oeste,Grajaú,12/08/18,None,None
26498,649000.0,,-19.9212568,-43.98207009999999,4,3,1,,0.0,510.0,noroeste,Padre Eustáquio,12/08/18,None,None
5831,650000.0,,-19.8814602,-44.00258559999998,4,2,2,,0.0,220.0,pampulha,Castelo,12/08/18,None,None
49302,670000.0,,-19.957161199999998,-43.93812730000002,4,2,1,,0.0,700.0,centro-sul,Sion,12/08/18,None,None
155769,680000.0,,-19.930088,-43.95187299999998,4,3,1,,200.0,500.0,centro-sul,Santo Agostinho,12/08/18,None,None
281740,690000.0,,-19.9462917,-43.938396099999984,2,2,1,,190.65,385.0,centro-sul,São Pedro,12/08/18,None,None
253011,700000.0,,-19.9389814,-43.964652399999984,4,3,1,,186.38,600.0,oeste,Gutierrez,12/08/18,None,None
146784,714000.0,,-19.933362699999996,-43.98116189999996,3,3,2,,0.0,270.0,oeste,Nova Suíssa,12/08/18,None,None
344154,720000.0,,-19.927330800000004,-43.923747700000035,2,2,1,,0.0,550.0,centro-sul,Santa Efigênia,12/08/18,None,None
157674,740000.0,,-19.961992199999997,-43.95023870000001,4,3,2,,270.0,1100.0,centro-sul,Santa Lúcia,12/08/18,None,None
2381211,740000.0,,-19.9415734,-43.94632469999999,4,2,1,,135.0,0.0,centro-sul,Santo Antônio,12/08/18,None,None
45493,750000.0,,-19.916757,-43.98107099999999,3,3,1,,0.0,0.0,noroeste,Padre Eustáquio,12/08/18,None,None
1854073,750000.0,,-19.876253600000002,-43.94692599999996,4,2,2,,204.54,0.0,nordeste,Santa Cruz,12/08/18,None,None
3238139,750000.0,,-19.9555215,-43.96735860000001,3,2,1,,0.0,430.0,oeste,Jardim América,12/08/18,None,None
1854074,760000.0,,-19.876253600000002,-43.94692599999996,4,2,2,,204.54,0.0,nordeste,Santa Cruz,12/08/18,None,None
64178,790000.0,,-19.936256600000004,-43.9243085,3,1,1,,1865.21,700.0,centro-sul,Serra,12/08/18,None,None
345132,800000.0,,-19.880861,-44.003174,3,1,1,,0.0,450.0,pampulha,Castelo,12/08/18,None,None
3243312,800000.0,,-19.939206,-43.96311400000002,4,3,1,,312.06,600.0,oeste,Gutierrez,12/08/18,None,None
7769,850000.0,,-19.9425838,-43.960070299999984,4,3,2,,0.0,1010.0,centro-sul,Coração de Jesus,12/08/18,None,None
363559,890000.0,,-19.951610000000002,-43.93310700000001,4,2,1,,400.0,800.0,centro-sul,Sion,12/08/18,None,None
474702,899000.0,,-19.8776216,-43.91041810000002,4,4,1,,1.0,800.0,leste,Santa Inês,12/08/18,None,None
37198,900000.0,,-19.945301899999997,-43.95064989999997,3,3,1,,0.0,729.0,centro-sul,Luxemburgo,12/08/18,None,None
218262,950000.0,,-19.990433399999997,-44.015463700000005,3,2,1,,0.0,450.0,barreiro,Barreiro de Baixo,12/08/18,None,None
356277,950000.0,,-19.9402154,-43.92660920000003,4,4,1,,393.0,280.0,centro-sul,Cruzeiro,12/08/18,None,None
65086,960000.0,,-19.9552923,-43.931883899999995,4,5,4,,0.0,650.0,centro-sul,Sion,12/08/18,None,None
173707,1000000.0,,-19.8536681,-43.962661300000036,3,4,2,,137.0,800.0,pampulha,São Luiz (pampulha),12/08/18,None,None
48007,1100000.0,,-19.9580467,-43.940969300000006,4,2,1,,0.0,900.0,centro-sul,Sion,12/08/18,None,None
48023,1100000.0,,-19.9580467,-43.940969300000006,4,2,1,,0.0,900.0,centro-sul,Sion,12/08/18,None,None
48026,1100000.0,,-19.9580467,-43.940969300000006,4,2,1,,0.0,900.0,centro-sul,Sion,12/08/18,None,None
143072,1150000.0,,-19.885709600000002,-43.922788800000035,4,2,2,,0.0,450.0,nordeste,União,12/08/18,None,None
58344,1200000.0,,-19.9539732,-43.93651080000001,4,1,3,,500.0,1200.0,centro-sul,Mangabeiras,12/08/18,None,None
20286,1980000.0,,-19.9423638,-43.92071060000001,4,5,4,,0.0,2000.0,centro-sul,Serra,12/08/18,None,None
9355,370000.0,,-19.9233191,-43.91133130000003,3,1,0,,56.0,430.0,centro-sul,Santa Efigênia,12/08/18,None,None
144902,750000.0,,-19.948393600000003,-43.95249230000002,3,3,1,,295.63,650.0,centro-sul,Luxemburgo,12/08/18,None,None
34554,1200000.0,,-19.938316,-43.951565000000016,4,5,2,,570.0,1300.0,centro-sul,Luxemburgo,12/08/18,None,None
351340,780000.0,,-19.883687600000002,-43.99460770000002,3,4,1,,150.0,550.0,pampulha,Castelo,12/08/18,None,None
3243823,110000.0,,-20.0106409,-44.0126606,2,1,0,,0.0,120.0,barreiro,Solar do Barreiro (Barreiro),12/08/18,None,None
157894,115000.0,,-20.0084326,-44.01657539999997,2,1,0,,0.0,0.0,barreiro,Solar do Barreiro (Barreiro),12/08/18,None,None
2067371,120000.0,,-19.928693,-44.016281899999974,2,1,0,,0.0,90.0,noroeste,Califórnia,12/08/18,None,None
175257,135000.0,,-19.982659899999998,-43.997040399999996,3,1,0,,0.0,50.0,barreiro,Milionários,12/08/18,None,None
1811690,135000.0,,-20.0103501,-44.00974200000002,2,1,0,,0.0,70.0,barreiro,Urucuia,12/08/18,None,None
1910045,139000.0,,-19.9427302,-44.01520900000003,2,1,0,,27.0,170.0,noroeste,Camargos,12/08/18,None,None
3239502,140000.0,,-19.945611,-44.01082759999997,2,1,0,,0.0,145.0,noroeste,Camargos,12/08/18,None,None
3243435,140000.0,,-19.9451746,-44.01065260000002,2,1,0,,0.0,145.0,noroeste,Glalijá,12/08/18,None,None
3251945,140000.0,,-19.820638,-43.95026200000001,2,1,0,,0.0,100.0,norte,Vila Cloris,12/08/18,None,None
3254443,140000.0,,-19.945328600000003,-44.01034749999997,2,1,0,,0.0,130.0,noroeste,Glalijá,12/08/18,None,None
3248472,145000.0,,-19.8734992,-43.93090770000003,1,1,1,,1.0,420.0,nordeste,Palmares,12/08/18,None,None
1525807,150000.0,,-19.8630612,-43.88981960000001,2,1,0,,0.0,145.0,nordeste,Vitória,12/08/18,None,None
3234161,150000.0,,-19.8120077,-43.9708096,2,1,0,,0.0,50.0,venda-nova,Candelária,12/08/18,None,None
157665,160000.0,,-19.9314079,-43.93491610000001,3,1,0,,0.0,0.0,barreiro,Urucuia,12/08/18,None,None
3257354,160000.0,,-19.9519465,-43.97957859999997,2,1,0,,0.0,0.0,oeste,Havaí,12/08/18,None,None
143161,168000.0,,-19.8397932,-43.9408214,2,1,0,,25.0,170.0,norte,Heliópolis,12/08/18,None,None
3238835,169800.0,,-19.8355456,-43.97124740000004,3,1,1,,38.39,290.0,pampulha,Santa Amélia,12/08/18,None,None
44533,170000.0,,-19.832106699999997,-43.98238170000002,2,1,0,,53.89,40.0,pampulha,Copacabana,12/08/18,None,None
148373,170000.0,,-19.9475613,-44.00528700000001,2,1,0,,0.0,140.0,oeste,Vista Alegre,12/08/18,None,None
3243449,170000.0,,-19.8983756,-43.99589730000002,2,1,0,,28.0,200.0,pampulha,Manacás,12/08/18,None,None
44531,175000.0,,-19.832106699999997,-43.98238170000002,2,1,0,,53.89,40.0,pampulha,Copacabana,12/08/18,None,None
124916,175000.0,,-19.902409699999996,-43.947879100000016,1,1,0,,0.0,220.0,noroeste,São Cristóvão,12/08/18,None,None
348418,175000.0,,-19.9156051,-43.94800570000001,2,1,0,,30.0,340.0,noroeste,Carlos Prates,12/08/18,None,None
1822995,175000.0,,-20.008385999999998,-44.00633099999999,3,1,0,,0.0,100.0,barreiro,Urucuia,12/08/18,None,None
142133,179000.0,,-19.934862600000002,-44.02050400000002,2,1,0,,59.0,270.0,noroeste,Camargos,12/08/18,None,None
163648,180000.0,,-19.9922513,-44.026813800000006,2,1,0,,0.0,235.0,barreiro,Olaria,12/08/18,None,None
3242305,180000.0,,-19.9070408,-43.9804436,3,1,0,,0.0,210.0,noroeste,Jardim Montanhês,12/08/18,None,None
572543,185000.0,,-19.863219600000004,-43.98611440000002,2,1,0,,0.0,188.0,pampulha,Bandeirantes (pampulha),12/08/18,None,None
3247373,190000.0,,-19.964975699999997,-43.99285029999999,2,1,0,,30.0,190.0,oeste,Betânia,12/08/18,None,None
57114,195000.0,,-19.841026199999998,-43.9282394,3,2,1,,0.0,270.0,norte,Tupi,12/08/18,None,None
366475,195000.0,,-19.8312115,-43.945307800000016,2,1,0,,61.29,130.0,norte,Planalto,12/08/18,None,None
1735774,195000.0,,-19.9098419,-43.97737749999999,2,2,0,,73.35,300.0,noroeste,Monsenhor Messias,12/08/18,None,None
3239890,196000.0,,-19.9651362,-43.99279430000002,2,1,0,,0.0,40.0,oeste,Betânia,12/08/18,None,None
39754,199000.0,,-19.9535055,-43.975919299999994,2,1,0,,50.0,120.0,oeste,Havaí,12/08/18,None,None
57472,199000.0,,-20.0044698,-44.00300229999999,3,1,0,,56.03,0.0,barreiro,Cardoso,12/08/18,None,None
209252,200000.0,,-19.922314800000002,-43.946081700000036,2,1,0,,0.0,295.0,centro-sul,Centro,12/08/18,None,None
359956,200000.0,,-19.9178032,-43.96749599999998,3,0,0,,0.0,350.0,noroeste,Padre Eustáquio,12/08/18,None,None
1750925,200000.0,,-19.798922,-43.95429100000001,3,2,0,,0.0,150.0,venda-nova,Serra Verde (venda Nova),12/08/18,None,None
3246895,200000.0,,-19.987465399999998,-44.02925700000003,3,1,0,,0.0,228.19,barreiro,Diamante,12/08/18,None,None
3251927,200000.0,,-19.966437699999997,-43.99145499999997,3,1,0,,66.29,230.0,oeste,Betânia,12/08/18,None,None
3235517,209990.0,,-19.9622645,-43.96559790000003,3,1,0,,27.37,150.0,oeste,Estoril,12/08/18,None,None
40026,210000.0,,-19.9937284,-44.01693399999999,3,1,0,,0.0,150.0,barreiro,Santa Helena (barreiro),12/08/18,None,None
341509,210000.0,,-19.9366617,-44.0222162,2,0,0,,56.7,260.0,noroeste,Camargos,12/08/18,None,None
356361,210000.0,,-19.942175199999998,-43.97086339999999,3,2,1,,83.82,180.0,oeste,Jardim América,12/08/18,None,None
3242442,210000.0,,-19.925904,-43.99872959999999,2,1,0,,43.11,320.0,noroeste,João Pinheiro,12/08/18,None,None
53341,215000.0,,-20.0112333,-44.031237100000006,3,1,1,,0.0,100.0,barreiro,Vila Santa Rita (vale do Jatobá),12/08/18,None,None
53343,215000.0,,-20.0112333,-44.031237100000006,3,1,1,,0.0,100.0,barreiro,Vila Santa Rita (vale do Jatobá),12/08/18,None,None
53345,215000.0,,-20.0112333,-44.031237100000006,3,1,1,,0.0,100.0,barreiro,Vila Santa Rita (vale do Jatobá),12/08/18,None,None
155944,215000.0,,-19.9329495,-43.99929499999996,3,1,0,,71.0,160.0,noroeste,João Pinheiro,12/08/18,None,None
1600014,215000.0,,-19.900485500000002,-43.97638770000003,3,1,0,,60.0,280.0,noroeste,Caiçaras,12/08/18,None,None
1622832,215000.0,,-19.937077399999996,-43.98430129999997,3,1,0,,45.0,170.0,oeste,Salgado Filho,12/08/18,None,None
2104929,215000.0,,-19.813658399999998,-43.97580519999997,2,1,1,,69.0,360.0,venda-nova,Candelária,12/08/18,None,None
366631,220000.0,,-19.9192225,-43.94433779999997,1,1,0,,57.97,290.0,centro-sul,Centro,12/08/18,None,None
3233998,220000.0,,-19.921288699999998,-43.94223390000002,2,2,0,,53.0,380.0,centro-sul,Centro,12/08/18,None,None
3252844,220000.0,,-19.956653,-43.979196,3,1,0,,0.0,300.0,oeste,Marajó,12/08/18,None,None
1526008,225000.0,,-19.991914899999998,-44.02223920000001,2,1,0,,60.0,250.0,barreiro,Diamante,12/08/18,None,None
3245354,225000.0,,-19.896532699999998,-43.97712239999999,2,1,0,,149.0,160.0,noroeste,Caiçaras,12/08/18,None,None
363538,230000.0,,-19.91806,-43.975853700000016,3,1,0,,66.15,180.0,noroeste,Padre Eustáquio,12/08/18,None,None
3238305,230000.0,,-19.916002300000002,-43.98571549999997,3,1,0,,0.0,200.0,noroeste,Padre Eustáquio,12/08/18,None,None
3240739,230000.0,,-19.9145164,-43.94713209999998,3,2,0,,63.1,338.0,noroeste,Padre Eustáquio,12/08/18,None,None
3253011,230000.0,,-19.9303181,-43.916345200000016,2,1,0,,101.0,486.0,leste,São Lucas,12/08/18,None,None
3246428,240000.0,,-19.908051,-43.97926899999999,2,1,0,,65.0,230.0,noroeste,Jardim Montanhês,12/08/18,None,None
8393,245000.0,,-19.8737979,-43.93898030000002,3,2,1,,89.23,310.0,nordeste,Santa Cruz,12/08/18,None,None
142167,245000.0,,-19.964812300000002,-43.96929690000002,3,1,0,,58.9,250.0,oeste,Estrela Dalva,12/08/18,None,None
348006,245000.0,,-19.9827276,-44.010909700000006,3,1,0,,623.5,0.0,barreiro,Santa Helena (barreiro),12/08/18,None,None
66732,250000.0,,-19.7984657,-43.94911000000002,3,2,1,,50.0,100.0,venda-nova,Canaã,12/08/18,None,None
164170,250000.0,,-19.809024100000002,-43.939714500000036,2,1,1,,1640.34,0.0,norte,Juliana,12/08/18,None,None
173989,250000.0,,-19.929576899999997,-44.00318200000004,3,2,1,,70.06,100.0,noroeste,João Pinheiro,12/08/18,None,None
336950,250000.0,,-19.943070000000002,-43.98081730000001,3,1,0,,0.0,0.0,oeste,Salgado Filho,12/08/18,None,None
1528424,250000.0,,-19.865892499999998,-43.95600289999999,2,1,0,,60.0,280.0,pampulha,Liberdade,12/08/18,None,None
171888,255000.0,,-19.8690514,-43.91786339999999,2,2,1,,83.0,250.0,nordeste,Fernão Dias,12/08/18,None,None
346999,255000.0,,-19.8755726,-43.98928269999999,1,1,0,,0.0,200.0,pampulha,Ouro Preto,12/08/18,None,None
3237872,255000.0,,-19.9080487,-43.97217699999999,2,2,0,,68.0,250.0,noroeste,Caiçaras,12/08/18,None,None
346377,260000.0,,-19.8750245,-43.989287200000035,1,1,0,,0.0,200.0,pampulha,Ouro Preto,12/08/18,None,None
362030,265000.0,,-19.903595000000003,-43.97994560000001,2,1,0,,0.0,400.0,noroeste,Caiçaras,12/08/18,None,None
1755417,270000.0,,-19.880554,-43.99244870000001,3,1,1,,84.5,280.0,pampulha,Ouro Preto,12/08/18,None,None
1809350,270000.0,,-19.933024399999997,-43.98073690000001,2,1,0,,80.0,380.0,oeste,Nova Suíssa,12/08/18,None,None
3247370,270000.0,,-19.908010100000002,-43.93214510000002,3,2,1,,107.07,300.0,leste,Floresta,12/08/18,None,None
357110,275000.0,,-19.938160600000003,-43.9740453,3,1,0,,0.0,0.0,oeste,Nova Suíssa,12/08/18,None,None
1837169,279000.0,,-19.9174422,-43.97858580000002,2,1,0,,87.01,0.0,noroeste,Padre Eustáquio,12/08/18,None,None
45642,280000.0,,-20.0112333,-44.031237100000006,3,2,1,,0.0,100.0,barreiro,Vila Santa Rita (vale do Jatobá),12/08/18,None,None
3241770,280000.0,,-19.9949058,-44.02078710000001,2,2,1,,82.0,200.0,barreiro,Diamante,12/08/18,None,None
789453,290000.0,,-19.932323699999998,-43.93139659999997,1,1,1,,108.0,455.0,centro-sul,Savassi,12/08/18,None,None
352479,295000.0,,-19.9136097,-43.97962410000002,3,2,0,,78.75,230.0,noroeste,Padre Eustáquio,12/08/18,None,None
3252455,299000.0,,-19.922749,-43.91375690000001,3,1,1,,70.0,320.0,centro-sul,Santa Efigênia,12/08/18,None,None
162708,300000.0,,-19.9252598,-43.90957200000002,3,2,0,,86.62,170.0,centro-sul,Santa Efigênia,12/08/18,None,None
359886,300000.0,,-19.9006954,-43.92793640000002,3,0,0,,79.69,380.0,leste,Sagrada Família,12/08/18,None,None
3234197,300000.0,,-19.914522100000003,-43.926016,2,2,0,,0.0,0.0,leste,Floresta,12/08/18,None,None
3255023,300000.0,,-19.9092947,-43.9272062,3,1,0,,0.0,300.0,leste,Floresta,12/08/18,None,None
1609747,305000.0,,-19.8878294,-43.89443349999999,3,2,1,,67.88,0.0,leste,Nova Vista,12/08/18,None,None
53347,310000.0,,-20.0112333,-44.031237100000006,3,1,1,,0.0,100.0,barreiro,Vila Santa Rita (vale do Jatobá),12/08/18,None,None
53348,310000.0,,-20.0112333,-44.031237100000006,3,1,1,,0.0,100.0,barreiro,Vila Santa Rita (vale do Jatobá),12/08/18,None,None
53351,310000.0,,-20.0112333,-44.031237100000006,3,1,1,,0.0,100.0,barreiro,Vila Santa Rita (vale do Jatobá),12/08/18,None,None
53354,310000.0,,-20.0112333,-44.031237100000006,3,2,1,,0.0,100.0,barreiro,Vila Santa Rita (vale do Jatobá),12/08/18,None,None
53356,310000.0,,-20.0112333,-44.031237100000006,3,2,1,,0.0,100.0,barreiro,Vila Santa Rita (vale do Jatobá),12/08/18,None,None
3234451,310000.0,,-19.8885548,-44.00173630000001,2,2,1,,88.4,200.0,pampulha,Castelo,12/08/18,None,None
67032,315000.0,,-19.875762100000003,-43.987429599999984,2,2,1,,74.19,299.0,pampulha,Ouro Preto,12/08/18,None,None
1463420,319000.0,,-19.8985234,-43.92830900000001,3,1,1,,79.0,250.0,nordeste,Silveira,12/08/18,None,None
335496,320000.0,,-19.966221,-43.96797989999999,4,2,1,,371.0,103.0,oeste,Buritis,12/08/18,None,None
728608,320000.0,,-19.888291199999998,-44.00072030000001,3,1,0,,97.6,250.0,pampulha,Manacás,12/08/18,None,None
39100,325000.0,,-19.937867100000002,-43.91619059999999,3,2,1,,95.57,390.0,centro-sul,Serra,12/08/18,None,None
3247493,325000.0,,-19.9227044,-43.91364859999999,3,2,0,,75.77,300.0,centro-sul,Santa Efigênia,12/08/18,None,None
356360,330000.0,,-19.914847,-43.982725000000016,3,1,0,,76.0,230.0,noroeste,Padre Eustáquio,12/08/18,None,None
2261073,330000.0,,-19.9958559,-44.02170509999996,3,2,0,,876.95,0.0,barreiro,Diamante,12/08/18,None,None
40133,340000.0,,-19.8868605,-43.92249190000001,3,3,1,,116.3,270.0,leste,Cidade Nova,12/08/18,None,None
48467,340000.0,,-19.827880899999997,-43.94005190000002,3,1,1,,0.0,230.0,norte,Jardim Guanabara,12/08/18,None,None
340563,340000.0,,-19.944822,-43.9388563,1,1,0,,133.0,1016.0,centro-sul,São Pedro,12/08/18,None,None
172578,350000.0,,-19.911438600000004,-43.97870369999998,2,2,1,,83.6,200.0,noroeste,Monsenhor Messias,12/08/18,None,None
3253794,350000.0,,-19.9841722,-44.01085639999997,3,2,1,,170.0,200.0,barreiro,Santa Helena (barreiro),12/08/18,None,None
3253795,350000.0,,-19.983618300000003,-44.01091750000001,3,2,1,,170.0,200.0,barreiro,Santa Helena (barreiro),12/08/18,None,None
51233,360000.0,,-19.873358,-43.918521199999994,3,2,1,,104.0,140.0,nordeste,Fernão Dias,12/08/18,None,None
357843,360000.0,,-19.992057,-44.04378699999995,3,1,1,,1092.67,0.0,barreiro,Tirol,12/08/18,None,None
1033187,360000.0,,-19.9270578,-43.937435100000016,1,1,1,,163.63,360.0,centro-sul,Lourdes,12/08/18,None,None
1526279,360000.0,,-19.894041,-43.92391299999997,3,1,1,,99.21,385.0,leste,Sagrada Família,12/08/18,None,None
3245090,360000.0,,-19.966481299999998,-43.96909099999999,3,2,1,,121.22,319.0,oeste,Buritis,12/08/18,None,None
52436,370000.0,,-19.928296399999997,-43.91527580000002,3,1,1,,106.68,400.0,leste,São Lucas,12/08/18,None,None
130823,370000.0,,-19.9158453,-43.92340389999998,3,2,1,,124.57,187.0,leste,Santa Tereza,12/08/18,None,None
2094966,370000.0,,-19.932254999999998,-43.93131340000002,2,1,0,,147.98,550.0,centro-sul,Savassi,12/08/18,None,None
3253142,370000.0,,-19.9834026,-44.00546359999999,3,1,1,,0.0,520.0,barreiro,Milionários,12/08/18,None,None
365393,374218.09,,-19.946340600000003,-43.93932369999999,1,1,0,,1.0,1.0,centro-sul,São Pedro,12/08/18,None,None
136665,380000.0,,-19.9473509,-43.94351080000001,3,1,1,,130.0,400.0,centro-sul,Santo Antônio,12/08/18,None,None
346327,380000.0,,-19.9483812,-43.94953450000003,3,2,1,,0.0,380.0,centro-sul,Coração de Jesus,12/08/18,None,None
359844,380000.0,,-19.870219100000003,-43.91927350000003,3,2,1,,98.77,283.0,nordeste,Fernão Dias,12/08/18,None,None
3242969,380000.0,,-19.9824332,-44.02478210000004,3,1,1,,1210.27,0.0,barreiro,Barreiro,12/08/18,None,None
339300,389000.0,,-19.9443675,-43.98490289999995,3,2,1,,0.0,200.0,oeste,Salgado Filho,12/08/18,None,None
357758,390000.0,,-19.909308300000003,-43.91804739999998,2,2,1,,94.7,270.0,leste,Floresta,12/08/18,None,None
3237792,390000.0,,-19.841294,-43.95852330000002,3,3,1,,69.99,350.0,pampulha,Pampulha,12/08/18,None,None
56522,400000.0,,-19.9227039,-43.914060000000006,3,2,1,,908.47,300.0,centro-sul,Santa Efigênia,12/08/18,None,None
158590,405000.0,,-19.9046703,-43.9725345,3,3,0,,65.0,45.0,norte,Adelaide,12/08/18,None,None
168758,420000.0,,-19.912622199999998,-43.9009987,3,2,1,,100.0,0.0,leste,Pompéia,12/08/18,None,None
336412,420000.0,,-19.9559283,-43.93621710000002,3,2,0,,151.71,600.0,centro-sul,Sion,12/08/18,None,None
13897,435000.0,,-19.950677,-43.943281000000006,4,2,1,,0.0,280.0,centro-sul,Santo Antônio,12/08/18,None,None
361100,440000.0,,-19.8700779,-43.938288,4,4,1,,0.0,230.0,nordeste,Palmares,12/08/18,None,None
218401,450000.0,,-19.9647537,-43.97437250000002,4,3,1,,103.86,200.0,oeste,Havaí,12/08/18,None,None
349240,450000.0,,-19.911162,-43.9277209,3,2,1,,135.0,864.0,leste,Floresta,12/08/18,None,None
355582,450000.0,,-19.9768596,-44.01960150000002,3,1,1,,103.22,0.0,barreiro,Barreiro,12/08/18,None,None
364930,450000.0,,-19.9223508,-43.94643529999996,3,1,0,,165.32,800.0,centro-sul,Centro,12/08/18,None,None
3234872,450000.0,,-19.989855399999996,-44.0270936,4,1,1,,122.0,280.0,barreiro,Diamante,12/08/18,None,None
143376,455000.0,,-19.887001100000003,-43.9249011,3,2,1,,170.0,300.0,leste,Cidade Nova,12/08/18,None,None
331233,460000.0,,-19.9936176,-44.018215000000005,3,1,1,,0.0,280.0,barreiro,Diamante(barreiro),12/08/18,None,None
845535,460000.0,,-19.9863009,-44.00062109999999,3,2,1,,1343.27,0.0,barreiro,Milionários,12/08/18,None,None
3254739,470000.0,,-19.823701,-43.94913600000001,3,2,1,,80.0,300.0,norte,Vila Cloris,12/08/18,None,None
57125,480000.0,,-19.8930264,-43.94390659999999,3,2,1,,187.0,300.0,nordeste,Renascença,12/08/18,None,None
334440,480000.0,,-19.8921948,-43.92566790000001,4,3,1,,120.79,250.0,leste,Cidade Nova,12/08/18,None,None
155461,485000.0,,-19.917749,-43.923694899999994,3,2,1,,104.95,350.0,leste,Santa Tereza,12/08/18,None,None
3238284,495000.0,,-19.9182337,-43.98570719999998,3,0,1,,132.0,0.0,noroeste,Padre Eustáquio,12/08/18,None,None
3242047,495000.0,,-19.9408927,-43.93497680000002,3,1,1,,0.0,280.0,centro-sul,São Pedro,12/08/18,None,None
57111,500000.0,,-19.9388289,-43.91471899999999,3,2,1,,116.72,650.0,centro-sul,Serra,12/08/18,None,None
124808,500000.0,,-19.9168824,-43.98589179999999,3,2,0,,119.99,380.0,noroeste,Padre Eustáquio,12/08/18,None,None
157774,500000.0,,-19.8867069,-43.892213399999996,3,0,0,,38.0,0.0,leste,Boa Vista,12/08/18,None,None
354219,500000.0,,-19.919519100000002,-43.93811040000003,3,2,1,,105.0,900.0,centro-sul,Centro,12/08/18,None,None
347124,520000.0,,-19.8817232,-43.91050789999997,2,2,1,,91.01,250.0,leste,Santa Inês,12/08/18,None,None
1517130,530000.0,,-19.9267477,-43.96597029999998,3,1,1,,215.0,400.0,oeste,Calafate,12/08/18,None,None
3245733,530000.0,,-19.883051199999997,-43.9268644,3,2,1,,0.0,350.0,nordeste,União,12/08/18,None,None
3252345,540000.0,,-19.9016593,-43.92816440000002,3,1,1,,0.0,250.0,leste,Floresta,12/08/18,None,None
3252368,540000.0,,-19.9016593,-43.92816440000002,3,1,1,,0.0,250.0,leste,Floresta,12/08/18,None,None
344229,550000.0,,-19.940776899999996,-43.94961239999998,3,2,1,,170.0,500.0,centro-sul,Luxemburgo,12/08/18,None,None
345949,560000.0,,-19.933959117731654,-43.95986413121341,3,3,1,,200.0,500.0,oeste,Gutierrez,12/08/18,None,None
3226624,580000.0,,-19.937034,-43.97760319999998,3,2,1,,0.0,0.0,oeste,Nova Suíssa,12/08/18,None,None
339050,590000.0,,-19.8767107,-43.9355908,4,1,2,,0.0,360.0,nordeste,Palmares,12/08/18,None,None
54526,610000.0,,-19.975676,-43.96427399999999,3,1,1,,0.0,350.0,oeste,Buritis,12/08/18,None,None
3252385,610000.0,,-19.901611300000003,-43.92789519999997,3,1,1,,0.0,250.0,leste,Floresta,12/08/18,None,None
341810,620000.0,,-19.923517699999998,-43.937328500000035,2,2,1,,213.75,700.0,centro-sul,Lourdes,12/08/18,None,None
1904467,620000.0,,-19.9476109,-43.92234100000002,3,2,1,,236.45,711.0,centro-sul,Cruzeiro,12/08/18,None,None
175490,648000.0,,-19.940020800000003,-43.9497202,4,1,1,,205.92,0.0,centro-sul,Cidade Jardim,12/08/18,None,None
1666847,650000.0,,-19.950568,-43.95773919999999,3,3,1,,293.07,850.0,centro-sul,Luxemburgo,12/08/18,None,None
8290,660000.0,,-19.955165,-43.97697199999999,3,2,1,,107.8,350.0,oeste,Havaí,12/08/18,None,None
346413,660000.0,,-19.9013641,-43.919323599999984,4,2,1,,228.0,528.0,leste,Sagrada Família,12/08/18,None,None
3257864,665000.0,,-19.935396899999997,-43.961614000000004,3,3,1,,227.0,440.0,oeste,Gutierrez,12/08/18,None,None
13178,680000.0,,-19.903171,-43.970489,4,3,1,,128.9,0.0,noroeste,Caiçaras,12/08/18,None,None
343918,680000.0,,-19.930448895236832,-43.934836698950214,3,2,1,,187.5,600.0,centro-sul,Lourdes,12/08/18,None,None
3233620,680000.0,,-19.9633999,-43.95052269999997,3,2,1,,235.0,850.0,centro-sul,São Bento,12/08/18,None,None
3253737,680000.0,,-19.966415100000003,-43.96663219999999,4,3,1,,0.0,550.0,oeste,Buritis,12/08/18,None,None
3245461,690000.0,,-19.9005298,-43.91728910000001,4,2,1,,228.54,528.0,leste,Sagrada Família,12/08/18,None,None
1815966,710000.0,,-19.9441007,-43.95122200000003,3,2,1,,346.74,1000.0,centro-sul,Coração de Jesus,12/08/18,None,None
250164,720000.0,,-19.838452399999998,-43.9531963,4,4,3,,1855.0,700.0,pampulha,Itapoã,12/08/18,None,None
14322,750000.0,,-19.9185316,-43.93806130000002,3,3,1,,112.0,725.0,centro-sul,Santo Antônio,12/08/18,None,None
348145,780000.0,,-19.941544,-43.932398000000035,3,3,1,,306.89,1183.0,centro-sul,Carmo,12/08/18,None,None
125372,790000.0,,-19.9204738,-43.937649900000004,3,2,1,,218.78,800.0,centro-sul,Centro,12/08/18,None,None
208708,815000.0,,-19.9936237,-44.01821269999999,3,1,1,,0.0,280.0,barreiro,Diamante(barreiro),12/08/18,None,None
205131,850000.0,,-19.9628328,-43.93048779999998,3,3,1,,352.23,880.0,centro-sul,Sion,12/08/18,None,None
356408,870000.0,,-19.9262832,-43.96561129999998,4,2,1,,239.69,320.0,oeste,Prado,12/08/18,None,None
146596,920000.0,,-19.9008109,-43.968511499999984,4,3,1,,0.0,600.0,noroeste,Caiçaras,12/08/18,None,None
334322,950000.0,,-19.9355172,-43.96098740000002,4,2,1,,268.0,700.0,oeste,Gutierrez,12/08/18,None,None
1452299,950000.0,,-19.9174428,-43.93096079999998,4,3,1,,165.57,675.0,leste,Floresta,12/08/18,None,None
60924,960000.0,,-19.933560999999997,-43.92800899999998,3,1,0,,0.0,1221.0,centro-sul,Savassi,12/08/18,None,None
8651,1100000.0,,-19.944017000000002,-43.927281,4,2,2,,345.44,820.0,centro-sul,Cruzeiro,12/08/18,None,None
3257704,1100000.0,,-19.92566,-43.96999,3,3,1,,288.07,0.0,oeste,Prado,12/08/18,None,None
342946,1200000.0,,-19.9474109,-43.9298786,3,2,1,,247.18,698.0,centro-sul,Carmo,12/08/18,None,None
1856752,1490000.0,,-19.9329577,-43.92604690000002,4,2,1,,0.0,950.0,centro-sul,Funcionários,12/08/18,None,None
342254,1550000.0,,-19.9776122,-44.02301669999997,4,3,1,,2167.7,0.0,barreiro,Barreiro,12/08/18,None,None
1848747,1950000.0,,-19.954843,-43.930549600000006,4,4,3,,0.0,1100.0,centro-sul,Sion,12/08/18,None,None
11397,315000.0,,-19.8758905,-43.9880529,2,2,1,,60.0,300.0,pampulha,Ouro Preto,12/08/18,None,None
57342,160000.0,,-19.8004871,-43.94352249999997,3,1,0,,26.8,250.0,norte,Jaqueline,12/08/18,None,None
159309,340000.0,,-19.8862372,-44.00643549999995,2,2,0,,85.0,300.0,pampulha,Serrano,12/08/18,None,None
26432,700000.0,,-19.936820899999997,-43.92674299999999,3,2,1,,148.0,600.0,centro-sul,Funcionários,12/08/18,None,None
52259,1250000.0,,-19.856559100000002,-43.95288849999997,5,3,2,,180.0,200.0,pampulha,Pampulha,12/08/18,None,None
1585625,250000.0,,-19.8746115,-43.9192784,2,1,0,,103.0,350.0,nordeste,Fernão Dias,12/08/18,None,None
44593,170000.0,,-19.832106699999997,-43.98238170000002,2,1,0,,53.89,40.0,pampulha,Copacabana,12/08/18,None,None
117734,329000.0,,-19.932851899999996,-43.96747319999997,3,2,0,,69.56,260.0,oeste,Barroca,12/08/18,None,None
149462,270000.0,,-19.946291100000003,-43.933803899999994,2,1,0,,88.0,145.0,centro-sul,São Pedro,12/08/18,None,None
24894,450000.0,,-19.895673100000003,-43.9248551,3,2,1,,156.64,430.0,leste,Sagrada Família,12/08/18,None,None
13302,1200000.0,,-19.9302025,-43.93636430000004,3,1,1,,363.63,980.0,centro-sul,Funcionários,12/08/18,None,None
20237,225000.0,,-19.8931146,-44.00324080000002,3,1,0,,51.74,100.0,noroeste,Alípio de Melo,12/08/18,None,None
131449,395000.0,,-19.931728,-44.00159009999999,5,2,1,,157.0,230.0,noroeste,João Pinheiro,12/08/18,None,None
2222869,412000.0,,-19.987502,-44.01510500000001,3,1,1,,0.0,340.0,barreiro,Santa Helena (barreiro),12/08/18,None,None
45404,520000.0,,-19.8706362,-43.91999120000003,4,2,1,,0.01,0.01,nordeste,Fernão Dias,12/08/18,None,None
45427,530000.0,,-19.8705916,-43.92032019999999,4,2,1,,0.01,0.01,nordeste,Fernão Dias,12/08/18,None,None
2201907,185000.0,,-19.994692899999997,-44.01911059999998,2,1,0,,74.0,240.0,barreiro,Diamante,12/08/18,None,None
62978,425000.0,,-19.8740373,-43.9874691,3,2,1,,105.0,350.0,pampulha,Ouro Preto,12/08/18,None,None
3258063,210000.0,,-19.8506091,-43.93304480000001,2,1,0,,0.0,90.0,norte,Providência,12/08/18,None,None
147755,230000.0,,-19.940006,-43.97498100000002,2,1,0,,113.0,620.0,oeste,Nova Suíssa,12/08/18,None,None
10882,278000.0,,-19.9217778,-43.981394000000016,3,3,1,,47.5,125.0,noroeste,Padre Eustáquio,12/08/18,None,None
1832228,160000.0,,-19.9981395,-44.02092629999999,2,1,0,,29.0,150.0,barreiro,Santa Cruz (barreiro),12/08/18,None,None
169752,600000.0,,-19.962111,-43.94574299999999,4,1,1,,245.0,1300.0,centro-sul,São Bento,12/08/18,None,None
46429,1170000.0,,-19.9713366,-43.95924070000001,4,2,2,,320.95,1100.0,oeste,Estoril,12/08/18,None,None
1854071,420000.0,,-19.876151,-43.9453153,3,2,1,,204.54,0.0,nordeste,Santa Cruz,12/08/18,None,None
351143,490000.0,,-19.8841127,-43.92821300000003,3,3,1,,145.0,320.0,nordeste,União,12/08/18,None,None
3238700,988000.0,,-19.947777,-43.935989000000006,3,4,1,,200.0,700.0,centro-sul,São Pedro,12/08/18,None,None
5631,295000.0,,-19.874195899999997,-43.93754089999999,3,1,1,,0.0,450.0,nordeste,Palmares,12/08/18,None,None
1854069,430000.0,,-19.876151,-43.9453153,3,2,1,,204.54,0.0,nordeste,Santa Cruz,12/08/18,None,None
345174,273000.0,,-19.881161399999996,-43.99717379999999,3,1,1,,100.0,250.0,pampulha,Paquetá,12/08/18,None,None
153579,975000.0,,-19.917442899999998,-43.93423740000003,3,3,1,,220.0,700.0,noroeste,Caiçaras,12/08/18,None,None
1832113,400000.0,,-20.0059596,-44.0087206,3,1,1,,111.0,150.0,barreiro,Urucuia,12/08/18,None,None
33274,830000.0,,-19.902386899999996,-43.9787781,4,3,1,,220.0,720.0,norte,Adelaide,12/08/18,None,None
218327,900000.0,,-19.9715743,-44.01619470000003,3,2,1,,0.0,450.0,barreiro,Barreiro de Baixo,12/08/18,None,None
1468821,270000.0,,-19.8137464,-43.9751794,3,1,0,,57.0,200.0,venda-nova,Candelária,12/08/18,None,None
31584,840000.0,,-19.944451,-43.9313239,3,2,1,,0.01,341.0,centro-sul,Carmo,12/08/18,None,None
64835,900000.0,,-19.9537697,-43.92834549999998,4,3,1,,504.0,2000.0,centro-sul,Sion,12/08/18,None,None
147989,590000.0,,-19.9777813,-44.02369220000003,3,1,1,,135.34,0.0,barreiro,Barreiro,12/08/18,None,None
35776,289000.0,,-19.906291699999997,-43.975669599999996,3,1,0,,74.67,260.0,noroeste,Caiçaras,12/08/18,None,None
355585,730000.0,,-19.9638591,-43.96549490000001,4,3,1,,289.95,750.0,oeste,Estoril,12/08/18,None,None
3236955,850000.0,,-19.887458,-43.92197190000002,4,2,1,,367.82,700.0,leste,Cidade Nova,12/08/18,None,None
3245491,690000.0,,-19.975676,-43.96427399999999,3,1,1,,0.0,350.0,oeste,Buritis,12/08/18,None,None
390287,1490000.0,,-19.950888199999998,-43.932524,4,4,2,,998.0,1700.0,centro-sul,Sion,12/08/18,None,None
358542,225000.0,,-19.896906,-44.01391000000001,2,1,0,,0.0,250.0,noroeste,Glória,12/08/18,None,None
40597,595000.0,,-19.918027,-43.95967000000002,4,2,1,,145.37,0.0,noroeste,Carlos Prates,12/08/18,None,None
3254959,1200000.0,,-19.9713389,-43.9706832,4,4,3,,417.45,1159.21,oeste,Buritis,12/08/18,None,None
2687224,1280000.0,,-19.9331991,-43.92754509999998,3,2,1,,501.0,1100.0,centro-sul,Savassi,12/08/18,None,None
149450,980000.0,,-19.9572903,-43.9367297,4,3,2,,405.0,1200.0,centro-sul,Sion,12/08/18,None,None
11788,750000.0,,-19.9475829,-43.93650170000001,4,1,2,,150.0,250.0,centro-sul,Sion,12/08/18,None,None
152085,205000.0,,-19.937374399999996,-44.018397100000016,3,1,0,,56.28,180.0,noroeste,Camargos,12/08/18,None,None
156816,220000.0,,-19.8279677,-43.93918459999998,3,2,0,,67.0,475.0,norte,Jardim Guanabara,12/08/18,None,None
58245,259000.0,,-19.892713,-43.99425099999996,2,2,1,,80.0,200.0,pampulha,Castelo,12/08/18,None,None
33180,305000.0,,-19.972665799999998,-43.982505400000036,3,1,1,,0.0,0.0,oeste,Betânia,12/08/18,None,None
11725,350000.0,,-19.9503208,-43.94301630000001,3,3,1,,164.1,660.0,centro-sul,Santo Antônio,12/08/18,None,None
1623587,380728.53,,-19.9132796,-43.91975639999998,3,1,0,,0.0,1.0,leste,Santa Tereza,12/08/18,None,None
1623585,462660.66,,-19.9132796,-43.91975639999998,3,1,0,,0.0,1.0,leste,Santa Tereza,12/08/18,None,None
6674,485000.0,,-19.8955704,-43.9257819,3,2,1,,140.0,650.0,leste,Sagrada Família,12/08/18,None,None
406534,530000.0,,-19.943951300000002,-43.917772600000035,3,3,1,,1400.0,450.0,centro-sul,Serra,12/08/18,None,None
20757,750000.0,,-19.926347,-43.99240199999997,4,2,1,,299.36,950.0,noroeste,Coração Eucarístico,12/08/18,None,None
31198,1548000.0,,-19.951681,-43.92950150000002,4,3,1,,549.0,1650.0,centro-sul,Carmo,12/08/18,None,None
332078,720000.0,,-19.9837138,-44.00954389999998,3,2,1,,0.0,400.0,barreiro,Barreiro,12/08/18,None,None
195616,243000.0,,-19.9042799,-43.96595030000003,2,2,0,,91.0,180.0,noroeste,Caiçaras,12/08/18,None,None
340333,350000.0,,-19.8854829,-44.01682519999997,3,1,1,,103.0,165.0,pampulha,Serrano,12/08/18,None,None
3254629,640000.0,,-19.932791,-43.97249299999999,3,2,1,,170.0,520.0,oeste,Nova Suíssa,12/08/18,None,None
1834738,1530000.0,,-19.9493254,-43.92553020000002,4,3,2,,600.0,1600.0,centro-sul,Anchieta,12/08/18,None,None
41139,160000.0,,-19.8620331,-43.8901156,2,2,0,,0.0,145.0,nordeste,Vitória,12/08/18,None,None
20880,300000.0,,-19.9325946,-43.96860930000002,2,2,0,,101.09,550.0,oeste,Grajaú,12/08/18,None,None
169054,350000.0,,-19.9303879,-43.94138750000002,1,2,1,,118.8,330.0,centro-sul,Lourdes,12/08/18,None,None
30818,380000.0,,-19.8759652,-43.94394030000001,3,2,1,,90.0,250.0,nordeste,Santa Cruz,12/08/18,None,None
1699792,410000.0,,-19.9757573,-43.96822759999998,3,2,1,,140.0,450.0,oeste,Buritis,12/08/18,None,None
33179,310200.0,,-19.966608800000003,-43.984087499999994,3,1,1,,0.0,0.0,oeste,Betânia,12/08/18,None,None
343378,170000.0,,-19.863064399999995,-43.99649959999999,2,1,0,,50.0,100.0,pampulha,Bandeirantes (pampulha),12/08/18,None,None
355776,250000.0,,-19.914485100000004,-43.98067579999997,3,1,0,,60.0,350.0,noroeste,Padre Eustáquio,12/08/18,None,None
43277,275000.0,,-19.8361726,-43.935384,3,2,1,,65.0,250.0,norte,Floramar,12/08/18,None,None
57442,300000.0,,-19.843636,-43.93536919999997,2,2,1,,80.0,302.0,norte,Heliópolis,12/08/18,None,None
33355,315000.0,,-19.878468899999998,-43.9316493,3,2,0,,95.0,300.0,nordeste,Ipiranga,12/08/18,None,None
26767,369000.0,,-19.911803,-44.00027499999999,3,2,1,,110.0,280.0,noroeste,Ipanema,12/08/18,None,None
605179,380000.0,,-19.918318,-43.97266300000001,2,2,1,,98.33,120.0,noroeste,Padre Eustáquio,12/08/18,None,None
37090,680000.0,,-19.982618300000002,-44.0173044,4,2,1,,1849.21,0.0,barreiro,Barreiro,12/08/18,None,None
3237036,255000.0,,-19.9366695,-44.02219739999998,2,2,0,,87.0,400.0,noroeste,Camargos,12/08/18,None,None
1623588,556174.51,,-19.9132796,-43.91975639999998,3,1,0,,0.0,1.0,leste,Santa Tereza,12/08/18,None,None
54113,341000.0,,-19.9124111,-44.00083480000001,3,2,1,,110.0,280.0,noroeste,Ipanema,12/08/18,None,None
26704,345000.0,,-19.9124111,-44.00083480000001,3,2,1,,110.0,280.0,noroeste,Ipanema,12/08/18,None,None
26705,345000.0,,-19.9124111,-44.00083480000001,3,2,1,,110.0,280.0,noroeste,Ipanema,12/08/18,None,None
275279,410000.0,,-19.8925407,-43.966232100000006,3,1,1,,84.42,440.0,noroeste,Caiçaras,12/08/18,None,None
35317,460000.0,,-19.8776073,-43.93879390000001,3,2,1,,0.0,170.0,nordeste,Palmares,12/08/18,None,None
3239815,195000.0,,-19.9641332,-43.96653129999999,3,2,0,,13.57,300.0,oeste,Estrela Dalva,12/08/18,None,None
23115,580000.0,,-19.8452004,-43.98359170000003,3,3,1,,112.52,200.0,pampulha,Jardim Atlântico,12/08/18,None,None
313625,215000.0,,-19.9333423,-44.02025230000004,2,1,1,,26.59,270.0,noroeste,Camargos,12/08/18,None,None
3251574,240000.0,,-19.9366695,-44.02219739999998,3,2,1,,75.05,377.0,noroeste,Camargos,12/08/18,None,None
336241,310000.0,,-19.8254808,-43.95345380000003,3,1,1,,83.69,450.0,norte,Planalto,12/08/18,None,None
16931,385000.0,,-19.8908658,-43.99734699999999,2,1,1,,143.0,154.0,pampulha,Manacás,12/08/18,None,None
2399530,479900.0,,-19.8790957,-43.99634140000001,2,2,1,,110.0,240.0,pampulha,Castelo,12/08/18,None,None
2394437,650000.0,,-19.9327658,-43.97263529999998,3,2,1,,160.0,555.0,oeste,Nova Suíssa,12/08/18,None,None
53349,310000.0,,-20.0112333,-44.031237100000006,3,1,1,,0.0,100.0,barreiro,Vila Santa Rita (vale do Jatobá),12/08/18,None,None
26698,341000.0,,-19.9124111,-44.00083480000001,3,2,1,,110.0,280.0,noroeste,Ipanema,12/08/18,None,None
67002,365000.0,,-19.8438367,-43.93836520000002,3,0,1,,90.0,170.0,norte,Heliópolis,12/08/18,None,None
67007,365000.0,,-19.8438367,-43.93836520000002,3,1,1,,90.0,170.0,norte,Heliópolis,12/08/18,None,None
67008,365000.0,,-19.8438367,-43.93836520000002,3,1,1,,90.0,170.0,norte,Heliópolis,12/08/18,None,None
67011,365000.0,,-19.8438367,-43.93836520000002,3,1,1,,90.0,170.0,norte,Heliópolis,12/08/18,None,None
67035,565000.0,,-19.8438367,-43.93836520000002,3,1,1,,90.0,170.0,norte,Heliópolis,12/08/18,None,None
67037,565000.0,,-19.8439047,-43.93828529999996,3,1,1,,90.0,170.0,norte,Heliópolis,12/08/18,None,None
1691922,810000.0,,-19.923751,-43.99045999999999,4,3,1,,179.64,400.0,noroeste,Coração Eucarístico,12/08/18,None,None
52242,1050000.0,,-19.856559100000002,-43.95288849999997,4,2,2,,180.0,200.0,pampulha,Pampulha,12/08/18,None,None
175087,295000.0,,-19.99803456681206,-44.020717469311535,2,1,0,,110.0,120.0,barreiro,Diamante,12/08/18,None,None
162772,305000.0,,-19.8521168,-43.95891849999998,3,2,1,,75.0,225.0,pampulha,São Luiz (pampulha),12/08/18,None,None
341172,330000.0,,-19.871354,-43.93970170000001,3,1,1,,99.78,280.0,nordeste,Palmares,12/08/18,None,None
65074,375000.0,,-19.9494979,-43.93595749999997,2,2,0,,97.0,297.0,centro-sul,Sion,12/08/18,None,None
12077,395000.0,,-19.8339732,-43.95379300000002,3,2,1,,108.0,465.0,norte,Planalto,12/08/18,None,None
280127,410000.0,,-19.860391500000002,-43.94015730000001,3,3,2,,1.0,120.0,pampulha,Dona Clara,12/08/18,None,None
354928,570000.0,,-19.873696600000002,-43.989936400000026,2,1,1,,126.9,467.53,pampulha,Ouro Preto,12/08/18,None,None
3247107,1600000.0,,-19.9700642,-43.94931910000002,4,4,2,,843.03,1300.0,centro-sul,Santa Lúcia,12/08/18,None,None
7406,299000.0,,-19.9474064,-43.97362729999998,3,2,0,,50.0,160.0,oeste,Jardim América,12/08/18,None,None
164133,265000.0,,-19.936605,-44.02221800000001,2,2,0,,70.0,400.0,noroeste,Camargos,12/08/18,None,None
338201,1195000.0,,-19.897897,-43.92436299999997,3,3,1,,328.96,360.0,leste,Sagrada Família,12/08/18,None,None
351013,185000.0,,-19.825747022665134,-43.962309979345726,2,1,0,,54.55,160.0,venda-nova,São João Batista (venda Nova),12/08/18,None,None
275381,289000.0,,-19.8455229,-43.93605560000003,2,2,1,,104.25,350.0,norte,Heliópolis,12/08/18,None,None
51990,395000.0,,-19.9298454,-43.9928506,3,2,0,,90.38,200.0,noroeste,Coração Eucarístico,12/08/18,None,None
30872,515000.0,,-19.917456,-43.97278,4,2,1,,195.0,420.0,noroeste,Padre Eustáquio,12/08/18,None,None
16936,550000.0,,-19.8665796,-43.98886800000002,3,2,1,,154.0,600.0,pampulha,Paquetá,12/08/18,None,None
61697,190000.0,,-19.931674700000002,-44.01598369999999,2,1,0,,61.0,220.0,noroeste,Santa Maria,12/08/18,None,None
3237654,118000.0,,-19.8623826,-43.891984500000035,2,1,0,,0.0,160.0,nordeste,Vitória,12/08/18,None,None
353475,125000.0,,-20.0108715,-44.01080430000002,2,1,0,,0.0,0.0,barreiro,Solar do Barreiro (Barreiro),12/08/18,None,None
3241589,145000.0,,-19.8623826,-43.891984500000035,2,1,0,,0.0,170.0,nordeste,Vitória,12/08/18,None,None
2396466,150000.0,,-19.8168185,-43.94520699999998,2,1,0,,0.0,120.0,norte,Juliana,12/08/18,None,None
3238658,160000.0,,-19.8605673,-43.89113639999999,2,1,0,,280.0,220.0,nordeste,Vitória,12/08/18,None,None
3240793,162800.0,,-19.935701,-44.021615000000004,2,1,0,,69.45,270.0,noroeste,Camargos,12/08/18,None,None
306715,170000.0,,-19.925784399999998,-44.014057699999974,2,1,0,,60.27,220.0,noroeste,Califórnia,12/08/18,None,None
136626,182000.0,,-19.9429057,-43.99665670000002,2,1,0,,0.0,150.0,oeste,Nova Gameleira,12/08/18,None,None
167155,198000.0,,-19.9595813,-43.98556229999997,2,1,0,,65.0,285.0,oeste,Betânia,12/08/18,None,None
13710,210000.0,,-19.827594100000002,-43.96580760000001,2,1,0,,56.78,220.0,pampulha,Santa Mônica,12/08/18,None,None
148744,215000.0,,-19.9069017,-43.97728010000003,2,1,0,,59.65,120.0,noroeste,Monsenhor Messias,12/08/18,None,None
59880,220000.0,,-19.9406239,-43.91460089999998,2,1,0,,94.1,410.0,centro-sul,Serra,12/08/18,None,None
351905,220000.0,,-19.9304578,-43.91066920000003,2,1,0,,60.0,220.0,centro-sul,Santa Efigênia,12/08/18,None,None
154960,250000.0,,-19.9570583,-43.98361420000003,2,1,0,,60.77,216.0,oeste,Cinquentenário,12/08/18,None,None
375101,260000.0,,-19.9290572,-43.94663030000004,2,1,0,,106.0,350.0,centro-sul,Lourdes,12/08/18,None,None
161060,300000.0,,-19.943022,-43.94826000000001,1,1,1,,387.73,672.16,centro-sul,Cidade Jardim,12/08/18,None,None
63920,340000.0,,-19.951489000000002,-43.932890999999984,2,1,0,,101.26,289.0,centro-sul,Sion,12/08/18,None,None
333898,340000.0,,-19.9100651,-43.97045370000001,3,1,0,,105.47,400.0,noroeste,Caiçaras,12/08/18,None,None
362680,345000.0,,-19.8952785,-43.93061039999998,2,1,0,,76.18,350.0,nordeste,Silveira,12/08/18,None,None
13166,350000.0,,-19.933107,-43.97626700000001,2,2,1,,95.0,280.0,oeste,Nova Suíssa,12/08/18,None,None
985636,350000.0,,-19.922698,-43.93692699999997,3,2,1,,0.0,240.0,centro-sul,Centro,12/08/18,None,None
363983,390000.0,,-19.947201999999997,-43.9231878,3,1,1,,145.0,300.0,centro-sul,Cruzeiro,12/08/18,None,None
3245154,424000.0,,-19.878733999999998,-43.9814427,3,3,1,,81.76,155.0,pampulha,Pampulha,12/08/18,None,None
160633,425000.0,,-19.9317349,-43.96952350000004,3,2,1,,255.0,255.0,oeste,Grajaú,12/08/18,None,None
365391,433887.01,,-19.946340600000003,-43.93932369999999,1,1,0,,1.0,1.0,centro-sul,São Pedro,12/08/18,None,None
128196,450000.0,,-19.8968949,-43.92152140000002,3,3,1,,70.0,250.0,leste,Sagrada Família,12/08/18,None,None
130578,450000.0,,-19.9515505,-43.93910579999999,3,1,1,,112.8,300.0,centro-sul,São Pedro,12/08/18,None,None
339823,450000.0,,-19.938650199999998,-43.96369879999998,3,3,1,,111.88,300.0,oeste,Gutierrez,12/08/18,None,None
3256342,450000.0,,-19.9420186,-43.9731797,3,2,1,,180.0,450.0,oeste,Nova Suíssa,12/08/18,None,None
485975,470000.0,,-19.870099800000002,-43.990089899999994,3,1,1,,60.0,450.0,pampulha,Ouro Preto,12/08/18,None,None
51842,480000.0,,-19.9369267,-43.9228493,2,1,2,,240.0,650.0,centro-sul,Serra,12/08/18,None,None
206664,480000.0,,-19.9441342,-43.93680489999997,2,1,1,,77.85,380.0,centro-sul,São Pedro,12/08/18,None,None
182662,490000.0,,-19.8350579,-43.96289709999997,4,1,1,,150.0,300.0,pampulha,Itapoã,12/08/18,None,None
56647,500000.0,,-19.918124,-43.97383389999999,4,3,1,,91.18,240.0,noroeste,Padre Eustáquio,12/08/18,None,None
341330,540000.0,,-19.871544500000002,-43.93342189999999,3,2,1,,150.0,300.0,nordeste,Palmares,12/08/18,None,None
3244619,540000.0,,-19.942139899999997,-43.96841699999999,3,3,1,,129.5,350.0,oeste,Nova Granada,12/08/18,None,None
520223,630000.0,,-19.8997113,-43.91867479999996,3,2,1,,205.59,300.0,leste,Sagrada Família,12/08/18,None,None
342842,650000.0,,-19.8765449,-43.93549789999997,5,4,2,,97.0,300.0,nordeste,Palmares,12/08/18,None,None
150271,680000.0,,-19.941833300000003,-43.92694879999999,2,1,2,,180.0,350.0,centro-sul,Cruzeiro,12/08/18,None,None
354988,730000.0,,-19.968602,-43.96777420000001,4,1,2,,375.92,1000.0,oeste,Buritis,12/08/18,None,None
150267,780000.0,,-19.9508866,-43.91924649999999,2,1,2,,350.0,180.0,centro-sul,Cruzeiro,12/08/18,None,None
356269,780000.0,,-19.934623600000002,-43.968049500000006,4,2,1,,205.25,550.0,oeste,Barroca,12/08/18,None,None
779739,890000.0,,-19.9194879,-43.97352649999999,4,1,1,,303.4,805.0,noroeste,Padre Eustáquio,12/08/18,None,None
52247,900000.0,,-19.856559100000002,-43.95288849999997,4,2,2,,180.0,200.0,pampulha,Pampulha,12/08/18,None,None
3118577,900000.0,,-19.952357,-43.925906,4,2,1,,317.86,850.0,centro-sul,Sion,12/08/18,None,None
3244508,990000.0,,-19.926064800000002,-43.96623199999999,4,3,1,,292.8,650.0,oeste,Prado,12/08/18,None,None
166340,1250000.0,,-19.9319938,-43.94098429999997,4,2,1,,306.0,700.0,centro-sul,Lourdes,12/08/18,None,None
1816287,1290000.0,,-19.945562,-43.925237599999996,4,3,1,,807.0,1153.0,centro-sul,Cruzeiro,12/08/18,None,None
335882,1550000.0,,-19.963848000000002,-43.94866400000001,4,3,4,,747.91,1680.0,centro-sul,São Bento,12/08/18,None,None
360449,1628000.0,,-19.9397811,-43.923439299999984,4,4,2,,1.0,0.01,centro-sul,Serra,12/08/18,None,None
53423,2350000.0,,-19.933591,-43.932338000000016,4,4,2,,615.6,1000.0,centro-sul,Funcionários,12/08/18,None,None
355011,495000.0,,-19.932293100000003,-43.969457799999994,3,3,2,,165.0,318.0,oeste,Grajaú,12/08/18,None,None
346137,450000.0,,-19.824992899999998,-43.946559999999984,3,2,1,,151.47,500.0,norte,Vila Cloris,12/08/18,None,None
15859,515000.0,,-19.9491437,-43.93397770000002,4,2,1,,142.35,350.0,centro-sul,Sion,12/08/18,None,None
26976,165000.0,,-19.990912899999998,-43.99930910000001,2,1,0,,0.0,100.0,barreiro,Flávio Marques Lisboa,12/08/18,None,None
352676,179800.0,,-19.8435423,-43.98322930000001,2,1,0,,0.0,165.0,pampulha,Santa Amélia,12/08/18,None,None
3251477,210000.0,,-19.915412300000003,-43.96752830000002,2,2,0,,0.0,0.0,noroeste,Padre Eustáquio,12/08/18,None,None
2185929,347000.0,,-19.973848999999998,-43.96950249999998,3,3,1,,98.73,0.0,oeste,Buritis,12/08/18,None,None
352920,408176.0,,-19.947968499999998,-43.98000580000002,3,1,1,,0.0,0.0,oeste,Salgado Filho,12/08/18,None,None
1675242,450000.0,,-19.966088100000004,-43.97553970000001,2,1,1,,0.0,0.0,oeste,Havaí,12/08/18,None,None
1944919,495000.0,,-19.892842,-43.923182000000004,2,0,2,,0.0,0.0,leste,Sagrada Família,12/08/18,None,None
1948288,505000.0,,-19.892842,-43.923182000000004,2,0,2,,0.0,0.0,leste,Sagrada Família,12/08/18,None,None
1950742,535000.0,,-19.892842,-43.923182000000004,2,0,2,,0.0,0.0,leste,Sagrada Família,12/08/18,None,None
1951234,550000.0,,-19.892842,-43.923182000000004,2,0,2,,0.0,0.0,leste,Sagrada Família,12/08/18,None,None
55550,559000.0,,-19.897239000000003,-43.92453999999998,3,1,1,,1900.0,280.0,leste,Sagrada Família,12/08/18,None,None
3238589,570000.0,,-19.8928835,-43.92253249999999,2,0,2,,0.0,0.0,leste,Sagrada Família,12/08/18,None,None
352912,594000.0,,-19.947968499999998,-43.98000580000002,3,1,1,,0.0,0.0,oeste,Salgado Filho,12/08/18,None,None
16575,650000.0,,-19.8805419,-43.929278100000026,4,1,1,,0.0,0.0,nordeste,União,12/08/18,None,None
16577,650000.0,,-19.879297,-43.92663099999999,4,1,1,,0.0,0.0,nordeste,União,12/08/18,None,None
3238572,660000.0,,-19.8928835,-43.92253249999999,2,0,2,,0.0,0.0,leste,Sagrada Família,12/08/18,None,None
1951761,710000.0,,-19.892842,-43.923182000000004,2,0,2,,0.0,0.0,leste,Sagrada Família,12/08/18,None,None
1952299,740000.0,,-19.892842,-43.923182000000004,2,0,2,,0.0,0.0,leste,Sagrada Família,12/08/18,None,None
16573,750000.0,,-19.879297,-43.92663099999999,4,1,1,,0.0,0.0,nordeste,União,12/08/18,None,None
16574,750000.0,,-19.879297,-43.92663099999999,4,1,1,,0.0,0.0,nordeste,União,12/08/18,None,None
1842057,890000.0,,-19.9092867,-43.944531100000006,4,4,2,,0.0,0.0,nordeste,Lagoinha,12/08/18,None,None
358936,1300000.0,,-19.906074,-43.93703979999998,4,2,1,,0.0,0.0,leste,Floresta,12/08/18,None,None
61956,420000.0,,-19.9314987,-43.96241750000002,3,3,1,,101.68,225.0,oeste,Gutierrez,12/08/18,None,None
37407,1150000.0,,-19.925054199999998,-43.92518389999998,3,2,1,,243.0,950.0,centro-sul,Santa Efigênia,12/08/18,None,None
1118364,170000.0,,-19.845752100000002,-43.88567849999998,2,1,0,,0.0,130.0,nordeste,Vitória,12/08/18,None,None
45170,290000.0,,-19.8026377,-43.9355794,4,1,1,,95.88,158.0,norte,Jaqueline,12/08/18,None,None
357071,360000.0,,-19.933868899999997,-43.97158860000002,3,3,1,,67.0,250.0,oeste,Barroca,12/08/18,None,None
160249,413000.0,,-19.947187399999997,-43.971866600000006,3,2,1,,102.0,330.0,oeste,Nova Suíssa,12/08/18,None,None
7771,880000.0,,-19.941971600000002,-43.96166920000002,4,4,2,,400.0,875.0,centro-sul,Luxemburgo,12/08/18,None,None
52245,900000.0,,-19.856559100000002,-43.95288849999997,4,2,2,,180.0,200.0,pampulha,Pampulha,12/08/18,None,None
16816,1100000.0,,-19.9290165,-43.91410070000001,4,3,1,,254.0,426.0,leste,São Lucas,12/08/18,None,None
3251375,465000.0,,-19.8799488,-43.99154039999996,3,2,1,,138.8,424.08,pampulha,Paquetá,12/08/18,None,None
14829,2400000.0,,-19.930578,-43.95400000000001,4,3,2,,1135.85,1650.0,centro-sul,Santo Agostinho,12/08/18,None,None
342897,470000.0,,-19.9692771,-43.97021989999996,4,3,1,,201.57,680.0,oeste,Buritis,12/08/18,None,None
50873,250000.0,,-19.8862255731049,-43.9396486338379,2,1,0,,73.73,253.0,nordeste,Renascença,12/08/18,None,None
10683,550000.0,,-19.9778258026815,-43.960933685302706,4,3,1,,75.0,350.0,oeste,Buritis,12/08/18,None,None
836399,220000.0,,-19.8750332,-43.99852970000001,2,1,0,,70.0,150.0,pampulha,Castelo,12/08/18,None,None
345894,250000.0,,-19.815106600000004,-43.9533639,3,1,0,,80.0,370.0,venda-nova,Parque São Pedro,12/08/18,None,None
360738,260000.0,,-19.8580418,-43.890901499999984,3,1,0,,76.35,227.0,nordeste,Jardim Vitória,12/08/18,None,None
3233621,270000.0,,-19.9371379,-43.9693815,2,1,0,,86.17,160.0,oeste,Barroca,12/08/18,None,None
144561,318000.0,,-19.870705899999997,-43.95255700000001,3,2,1,,71.06,470.0,pampulha,São Francisco,12/08/18,None,None
3241618,433000.0,,-19.8620446,-43.95598970000003,2,1,1,,0.0,451.0,pampulha,Liberdade,12/08/18,None,None
2800878,450000.0,,-19.920315600000002,-43.94023970000001,3,2,0,,0.0,615.0,centro-sul,Centro,12/08/18,None,None
14726,647000.0,,-19.9479318,-43.946201299999984,4,2,1,,300.0,770.0,centro-sul,Santo Antônio,12/08/18,None,None
150001,500000.0,,-19.8881128,-43.99456120000002,3,2,1,,0.01,505.0,pampulha,Castelo,12/08/18,None,None
173731,166000.0,,-19.9377829,-44.01675740000002,2,1,0,,27.0,260.0,noroeste,Camargos,12/08/18,None,None
41539,190000.0,,-19.928045,-44.01719400000002,3,1,0,,56.19,140.0,noroeste,Camargos,12/08/18,None,None
132350,220000.0,,-19.858891,-43.937190999999984,2,1,0,,56.0,240.0,pampulha,Dona Clara,12/08/18,None,None
361382,330000.0,,-19.9786124,-43.97048410000002,3,2,1,,84.0,375.0,oeste,Palmeiras,12/08/18,None,None
143360,339000.0,,-19.9587825,-43.9686433,3,3,1,,87.0,305.0,oeste,Havaí,12/08/18,None,None
56733,360000.0,,-19.9386689,-43.95978179999997,2,3,1,,115.08,670.0,oeste,Gutierrez,12/08/18,None,None
1675184,400000.0,,-19.9680147,-43.96898190000002,4,2,1,,105.43,250.0,oeste,Buritis,12/08/18,None,None
143474,445000.0,,-19.9124111,-44.00083480000001,3,2,1,,130.0,280.0,noroeste,Ipanema,12/08/18,None,None
365708,680000.0,,-19.861030300000003,-43.94412379999999,3,4,1,,151.09,300.0,pampulha,Dona Clara,12/08/18,None,None
38749,710000.0,,-19.930232399999998,-43.9626561,3,3,1,,250.45,300.0,oeste,Prado,12/08/18,None,None
346862,1335000.0,,-19.9273134,-43.94195389999999,3,3,1,,369.72,390.31,centro-sul,Lourdes,12/08/18,None,None
201183,420000.0,,-19.899906,-43.929935,3,2,1,,152.31,340.0,leste,Graça,12/08/18,None,None
42971,720000.0,,-19.922302300000002,-43.95721950000001,4,3,1,,115.0,340.0,centro-sul,Santo Agostinho,12/08/18,None,None
49190,155000.0,,-19.9918285,-44.02643270000001,2,1,0,,88.25,175.0,barreiro,Olaria,12/08/18,None,None
55549,579000.0,,-19.897239000000003,-43.92453999999998,3,1,1,,1900.0,280.0,leste,Sagrada Família,12/08/18,None,None
355638,450000.0,,-19.8629629,-43.954151300000035,3,3,2,,0.0,0.0,pampulha,Liberdade,12/08/18,None,None
391231,175000.0,,-19.9366695,-44.02219739999998,2,1,0,,60.55,250.0,noroeste,Camargos,12/08/18,None,None
48351,277750.0,,-19.901373100000004,-43.91281989999999,2,2,1,,78.0,258.0,pampulha,Paquetá,12/08/18,None,None
26752,341000.0,,-19.9124111,-44.00083480000001,3,1,1,,110.0,280.0,noroeste,Ipanema,12/08/18,None,None
40079,750000.0,,-19.8855338,-43.98661529999998,3,3,1,,213.34,1030.0,pampulha,Ouro Preto,12/08/18,None,None
21400,850000.0,,-19.937441,-43.92159800000002,4,2,1,,182.0,800.0,centro-sul,Serra,12/08/18,None,None
9508,1000000.0,,-19.9392776,-43.958707900000036,4,3,1,,256.16,1350.0,oeste,Gutierrez,12/08/18,None,None
38957,1590000.0,,-19.9331998,-43.937482199999984,4,3,1,,401.92,1100.0,centro-sul,Funcionários,12/08/18,None,None
6109,640000.0,,-19.9164404,-43.91142460000003,3,2,1,,85.41,350.0,leste,Santa Tereza,12/08/18,None,None
2105840,220000.0,,-19.8137464,-43.9751794,2,1,1,,75.0,360.0,venda-nova,Candelária,12/08/18,None,None
3239475,255000.0,,-19.967298,-43.95745,3,1,0,,85.33,300.0,oeste,Estoril,12/08/18,None,None
51710,930000.0,,-19.930560999999997,-43.923305200000016,3,3,1,,295.0,900.0,centro-sul,Funcionários,12/08/18,None,None
143004,260000.0,,-19.856495000000002,-43.95081600000003,2,1,0,,55.0,350.0,pampulha,Pampulha,12/08/18,None,None
14336,990000.0,,-19.947589,-43.92253900000003,3,2,1,,180.0,500.0,centro-sul,Anchieta,12/08/18,None,None
28679,250000.0,,-19.816372,-43.98119600000001,2,1,0,,46.0,200.0,venda-nova,Candelária,12/08/18,None,None
49623,270000.0,,-19.9351652,-43.96701289999999,3,1,0,,74.0,250.0,oeste,Alto Barroca,12/08/18,None,None
246130,1100000.0,,-19.9437575,-43.958676800000035,4,3,1,,304.0,1500.0,oeste,Gutierrez,12/08/18,None,None
3236728,152000.0,,-19.995739899999997,-44.03098720000003,2,1,0,,30.0,230.0,barreiro,Olaria,12/08/18,None,None
8731,240000.0,,-19.9618718,-44.0046011,2,1,0,,50.49,115.0,pampulha,Ouro Preto,12/08/18,None,None
52099,429000.0,,-19.9372972,-43.980074899999984,3,2,1,,123.5,250.0,oeste,Nova Suíssa,12/08/18,None,None
160954,680000.0,,-19.959324,-43.94575700000002,4,1,1,,266.4,850.0,centro-sul,São Bento,12/08/18,None,None
335697,410000.0,,-19.892282,-43.99900539999999,4,1,0,,72.0,280.0,pampulha,Manacás,12/08/18,None,None
26758,344000.0,,-19.9124111,-44.00083480000001,3,2,1,,130.0,280.0,noroeste,Ipanema,12/08/18,None,None
26759,436000.0,,-19.9124111,-44.00083480000001,3,2,1,,130.0,280.0,noroeste,Ipanema,12/08/18,None,None
49333,230000.0,,-19.8254698,-43.95398779999999,2,1,0,,56.0,300.0,pampulha,Itapoã,12/08/18,None,None
55763,450000.0,,-19.9388289,-43.91471899999999,3,2,1,,92.0,590.0,centro-sul,Serra,12/08/18,None,None
3238370,180000.0,,-19.9366617,-44.0222162,2,1,0,,62.33,252.0,noroeste,Camargos,12/08/18,None,None
150425,280000.0,,-19.877256,-43.99029450000001,2,1,1,,62.0,250.0,pampulha,Castelo,12/08/18,None,None
5687,550000.0,,-19.9204583,-43.970907200000006,3,1,1,,123.18,400.0,noroeste,Padre Eustáquio,12/08/18,None,None
179931,170000.0,,-19.9891009,-43.99114929999996,2,1,0,,0.0,0.0,barreiro,Bonsucesso,12/08/18,None,None
347556,220000.0,,-19.876092800000002,-43.922974700000005,2,2,0,,97.32,0.0,nordeste,União,12/08/18,None,None
334124,240000.0,,-19.9285884,-43.91294959999999,3,1,0,,0.0,0.0,centro-sul,Santa Efigênia,12/08/18,None,None
339013,240000.0,,-19.9353137,-43.97097700000001,2,2,0,,79.17,250.0,oeste,Nova Suíssa,12/08/18,None,None
37756,250000.0,,-19.89486028190295,-43.932785944458026,2,1,0,,0.0,330.0,nordeste,Silveira,12/08/18,None,None
170752,280000.0,,-19.9012839,-43.96285699999999,3,1,1,,124.45,300.0,noroeste,Santo André,12/08/18,None,None
43799,349000.0,,-19.831507199999997,-43.97573569999997,3,2,1,,70.0,180.0,pampulha,Santa Mônica,12/08/18,None,None
37393,420000.0,,-19.9800622,-44.017952700000016,3,1,1,,0.0,0.0,barreiro,Barreiro,12/08/18,None,None
148301,545000.0,,-19.9792622,-43.96596039999997,3,3,1,,179.0,520.0,oeste,Buritis,12/08/18,None,None
341396,550000.0,,-19.908626899999998,-43.93020960000001,3,1,1,,0.0,0.0,leste,Floresta,12/08/18,None,None
48196,640000.0,,-19.9000595,-43.92332099999999,3,1,1,,0.0,0.0,leste,Sagrada Família,12/08/18,None,None
363106,107000.0,,-19.7931204,-43.95479549999999,2,1,0,,0.0,0.0,venda-nova,Serra Verde (venda Nova),12/08/18,None,None
3243456,110000.0,,-20.011844399999998,-44.014148500000026,2,1,0,,0.0,150.0,barreiro,Solar do Barreiro (Barreiro),12/08/18,None,None
46220,120000.0,,-19.8036265,-43.93525260000001,2,1,0,,0.0,130.0,norte,Jaqueline,12/08/18,None,None
3251906,120000.0,,-19.8627858,-43.89185179999998,2,1,0,,0.0,189.0,nordeste,Vitória,12/08/18,None,None
3256118,120000.0,,-20.0131414,-44.01486290000002,2,1,0,,0.0,170.0,barreiro,Solar do Barreiro (Barreiro),12/08/18,None,None
355203,125000.0,,-19.8353086,-43.982064700000016,1,1,0,,0.0,133.95,pampulha,Copacabana,12/08/18,None,None
2547788,125000.0,,-19.9777413,-43.99344389999999,2,0,0,,0.0,165.0,barreiro,Milionários,12/08/18,None,None
348113,130000.0,,-19.8161973,-43.95605490000003,2,1,0,,0.0,120.0,venda-nova,Venda Nova,12/08/18,None,None
355388,130000.0,,-19.9319512,-44.00121790000003,2,1,0,,0.0,50.0,oeste,Vista Alegre,12/08/18,None,None
3249818,130000.0,,-19.8051362,-43.93682339999998,2,1,0,,0.0,80.0,norte,Jaqueline,12/08/18,None,None
3251810,130000.0,,-19.939560800000002,-44.01972940000002,2,0,1,,0.0,100.0,noroeste,Camargos,12/08/18,None,None
3256089,130000.0,,-19.8033072,-43.98629740000001,2,1,0,,0.0,120.0,venda-nova,Mantiqueira,12/08/18,None,None
139582,135000.0,,-19.9817433,-44.033434699999994,2,1,0,,0.0,160.0,barreiro,Tirol,12/08/18,None,None
3193144,135000.0,,-19.8086067,-43.935711800000036,2,1,0,,32.0,176.0,norte,Juliana,12/08/18,None,None
1526280,138000.0,,-19.8627858,-43.89185179999998,2,1,0,,0.0,189.0,nordeste,Vitória,12/08/18,None,None
162681,140000.0,,-19.8627858,-43.89185179999998,2,1,0,,0.0,0.0,nordeste,Vitória,12/08/18,None,None
342199,140000.0,,-19.8241613,-43.99062609999999,2,1,0,,0.0,130.0,venda-nova,Parque Leblon,12/08/18,None,None
3149382,140000.0,,-19.989854100000002,-44.00311850000003,2,1,0,,0.0,100.0,barreiro,Milionários,12/08/18,None,None
3250557,140000.0,,-19.8564038,-43.903796,2,1,0,,0.0,200.0,nordeste,São Gabriel,12/08/18,None,None
56870,145000.0,,-19.8226924,-43.9557696,2,1,0,,35.0,150.0,venda-nova,São João Batista (venda Nova),12/08/18,None,None
347015,145000.0,,-19.858227399999997,-43.89628700000003,2,1,0,,0.0,0.0,nordeste,Goiânia B,12/08/18,None,None
3234440,149000.0,,-19.8248618,-43.99209259999998,2,1,0,,0.0,130.0,venda-nova,Parque Leblon,12/08/18,None,None
3235418,149000.0,,-19.9801663,-43.99122660000001,2,1,0,,0.0,180.0,barreiro,Bonsucesso,12/08/18,None,None
58689,150000.0,,-19.8243887,-43.90086819999999,2,1,0,,0.0,150.0,norte,Ribeiro de Abreu,12/08/18,None,None
348368,150000.0,,-19.9476881,-44.00361929999997,2,0,0,,0.0,150.0,oeste,Madre Gertrudes,12/08/18,None,None
354993,150000.0,,-19.800741100000003,-43.94411439999999,2,1,0,,0.0,70.0,norte,Jaqueline,12/08/18,None,None
357876,150000.0,,-19.8053,-43.97125399999999,2,1,0,,0.0,100.0,venda-nova,Venda Nova,12/08/18,None,None
366561,150000.0,,-19.812222199999997,-43.96687170000001,2,1,0,,0.0,100.0,venda-nova,Candelária,12/08/18,None,None
486323,150000.0,,-19.879435600000004,-43.960431899999996,2,1,0,,26.44,120.0,pampulha,São Francisco,12/08/18,None,None
628458,150000.0,,-19.8225415,-43.98166730000002,2,1,0,,35.71,150.0,venda-nova,Rio Branco,12/08/18,None,None
1574124,150000.0,,-19.82303,-43.96620300000001,1,1,0,,426.59,250.0,venda-nova,São João Batista,12/08/18,None,None
1575391,150000.0,,-19.946696,-43.97384299999999,2,0,0,,0.0,60.0,oeste,Jardim América,12/08/18,None,None
1832186,150000.0,,-19.822033100000002,-43.958327699999984,3,1,0,,67.0,224.0,venda-nova,Venda Nova,12/08/18,None,None
2879804,150000.0,,-19.8605673,-43.89113639999999,2,1,0,,61.18,240.0,nordeste,Vitória,12/08/18,None,None
3235423,150000.0,,-19.856595300000002,-43.90909620000002,2,1,1,,0.0,140.0,nordeste,São Gabriel,12/08/18,None,None
3247006,150000.0,,-19.797877,-43.912450000000035,2,1,0,,0.0,0.0,venda-nova,Europa,12/08/18,None,None
3212256,153000.0,,-19.8193992,-43.959561399999984,2,1,0,,0.0,160.0,venda-nova,São João Batista,12/08/18,None,None
58275,155000.0,,-19.8155343,-43.946254700000004,2,1,0,,0.0,120.0,norte,Juliana,12/08/18,None,None
128247,155000.0,,-19.917442899999998,-43.93423740000003,2,1,0,,0.0,300.0,noroeste,São Cristóvão,12/08/18,None,None
169259,155000.0,,-19.992572600000003,-44.027043799999994,2,1,0,,26.59,0.0,barreiro,Olaria,12/08/18,None,None
344230,155000.0,,-19.825398899999996,-43.96058310000001,2,1,0,,50.0,200.0,venda-nova,São João Batista,12/08/18,None,None
3251867,155000.0,,-19.8392048,-43.94050279999999,2,1,0,,0.0,150.0,norte,Heliópolis,12/08/18,None,None
35656,159000.0,,-19.970657199999998,-43.92391480000003,2,1,0,,30.0,220.0,venda-nova,Serra Verde (venda Nova),12/08/18,None,None
35661,159000.0,,-19.799453500000002,-43.95243210000001,2,1,0,,30.0,220.0,venda-nova,Serra Verde (venda Nova),12/08/18,None,None
1853141,159000.0,,-19.800852,-43.96934699999997,2,1,0,,0.0,110.0,venda-nova,Europa,12/08/18,None,None
49883,160000.0,,-19.9186835,-44.01119180000001,2,1,0,,0.0,150.0,noroeste,Conjunto Califórnia,12/08/18,None,None
161654,160000.0,,-19.9461609,-44.02334399999995,2,1,0,,0.0,185.0,noroeste,Camargos,12/08/18,None,None
178749,160000.0,,-19.897446,-43.99802599999998,2,1,0,,22.0,150.0,pampulha,Manacás,12/08/18,None,None
203305,160000.0,,-19.8051341,-43.9647804,2,1,0,,297.1,200.0,venda-nova,Europa,12/08/18,None,None
348730,160000.0,,-19.818638,-43.9445455,2,1,0,,0.0,120.0,norte,Juliana,12/08/18,None,None
349851,160000.0,,-19.9931088,-44.0012491,2,1,0,,297.1,0.0,barreiro,Flávio Marques Lisboa,12/08/18,None,None
356317,160000.0,,-19.955675600000003,-43.96416869999996,2,1,0,,0.0,145.0,oeste,Leonina,12/08/18,None,None
829568,160000.0,,-19.8605712,-43.89115470000002,2,1,0,,0.0,220.0,nordeste,Vitória,12/08/18,None,None
1527185,160000.0,,-19.918750199999998,-44.01153239999997,2,2,0,,53.0,252.0,noroeste,Califórnia,12/08/18,None,None
3212257,160000.0,,-19.823987,-43.96049800000003,2,1,0,,0.0,187.0,venda-nova,Venda Nova,12/08/18,None,None
3237119,160000.0,,-19.805996399999998,-43.98972170000002,2,1,0,,67.0,0.0,venda-nova,Piratininga (venda Nova),12/08/18,None,None
3237766,160000.0,,-19.9436927,-43.970232200000005,2,2,0,,89.0,250.0,oeste,Nova Suíssa,12/08/18,None,None
3244765,160000.0,,-19.8385979,-43.93521670000001,2,1,0,,0.0,160.0,norte,Floramar,12/08/18,None,None
3249414,160000.0,,-19.937962,-44.01688669999999,2,1,0,,27.37,0.0,noroeste,Camargos,12/08/18,None,None
3253348,160000.0,,-19.9407558,-44.01458689999998,2,1,0,,64.0,165.0,noroeste,Camargos,12/08/18,None,None
11553,165000.0,,-19.816411,-43.94310250000001,2,1,0,,13.0,80.0,norte,Juliana,12/08/18,None,None
24380,165000.0,,-19.8040594,-43.97665799999999,2,1,0,,0.0,120.0,venda-nova,Venda Nova,12/08/18,None,None
158494,165000.0,,-19.8233807,-43.96674300000001,2,1,0,,68.0,0.0,venda-nova,São João Batista,12/08/18,None,None
334576,165000.0,,-19.821098100000004,-43.955764499999994,2,1,0,,61.5,175.0,venda-nova,São João Batista (venda Nova),12/08/18,None,None
354679,165000.0,,-19.857606399999998,-43.88895930000001,2,1,0,,63.74,0.0,nordeste,Pousada Santo Antônio,12/08/18,None,None
367296,165000.0,,-19.8290593,-43.93436029999998,2,1,0,,0.0,150.0,norte,Jardim Guanabara,12/08/18,None,None
1534127,165000.0,,-19.805664,-43.936732000000006,3,1,0,,0.0,150.0,norte,Jaqueline,12/08/18,None,None
1841947,165000.0,,-19.810316,-43.97931890000001,2,1,0,,27.37,150.0,venda-nova,Visconde do Rio Branco,12/08/18,None,None
3245776,165000.0,,-19.8965326,-44.01593159999999,2,1,0,,0.0,130.0,noroeste,São Salvador,12/08/18,None,None
365252,168500.0,,-19.8328591,-43.97812759999999,2,1,0,,50.0,150.0,pampulha,Santa Amélia,12/08/18,None,None
59004,169000.0,,-19.9406258,-44.01395489999999,2,1,0,,0.0,200.0,noroeste,Camargos,12/08/18,None,None
147127,169000.0,,-19.8212008,-43.955731799999974,2,1,0,,58.0,165.0,venda-nova,São João Batista (venda Nova),12/08/18,None,None
1613874,169000.0,,-19.8050164,-43.97544590000001,2,1,0,,305.69,150.0,venda-nova,Letícia,12/08/18,None,None
2154555,169000.0,,-19.908556899999997,-43.94407929999999,3,1,0,,0.0,170.0,nordeste,Lagoinha,12/08/18,None,None
138301,170000.0,,-19.908681100000003,-43.95220339999997,2,1,0,,0.0,0.0,noroeste,Bonfim,12/08/18,None,None
167641,170000.0,,-19.8395775,-43.93528509999999,2,1,0,,29.96,150.0,norte,Floramar,12/08/18,None,None
341733,170000.0,,-19.8313646,-43.93815889999996,2,1,0,,0.0,150.0,norte,Floramar,12/08/18,None,None
355462,170000.0,,-19.8467193,-43.90513609999999,2,1,0,,26.5,160.0,nordeste,Ouro Minas,12/08/18,None,None
358120,170000.0,,-19.889864199999998,-44.00834789999999,2,1,0,,61.3,280.0,pampulha,Serrano,12/08/18,None,None
371644,170000.0,,-19.8394243,-43.97169270000001,2,1,0,,64.61,175.0,pampulha,Santa Branca,12/08/18,None,None
424999,170000.0,,-19.798091,-43.97062990000001,2,1,0,,0.0,0.0,venda-nova,Europa,12/08/18,None,None
743782,170000.0,,-19.8431569,-43.95731090000004,2,1,0,,95.0,150.0,pampulha,Itapoã,12/08/18,None,None
1661028,170000.0,,-19.8748318,-44.014593200000036,3,1,0,,0.0,220.0,pampulha,Serrano,12/08/18,None,None
1914512,170000.0,,-19.814804100000003,-43.963912100000016,2,1,0,,0.0,179.0,venda-nova,Venda Nova,12/08/18,None,None
2171395,170000.0,,-19.919167,-44.0094029,2,1,1,,61.38,180.0,noroeste,Califórnia,12/08/18,None,None
3212165,170000.0,,-19.8020527,-43.94581019999998,3,1,0,,613.05,110.0,norte,Jaqueline,12/08/18,None,None
3215126,170000.0,,-19.9214529,-43.88594439999997,2,1,0,,61.06,180.0,leste,Vera Cruz,12/08/18,None,None
3246447,170000.0,,-19.848608,-43.90448200000003,2,1,0,,32.0,171.0,nordeste,Ouro Minas,12/08/18,None,None
3251054,170000.0,,-19.8126279,-43.95407039999998,2,2,0,,259.0,140.0,venda-nova,São Pedro (venda Nova),12/08/18,None,None
36388,175000.0,,-19.91818,-43.93751529999997,1,1,0,,0.0,350.0,centro-sul,Centro,12/08/18,None,None
50700,175000.0,,-19.8227844,-43.9557739,2,1,0,,0.0,287.0,pampulha,Santa Mônica,12/08/18,None,None
133285,175000.0,,-19.9430848,-43.99743369999999,2,1,0,,0.0,130.0,noroeste,Gameleira,12/08/18,None,None
162955,175000.0,,-19.88018707997817,-43.962751891015614,2,1,0,,0.0,180.0,pampulha,São Francisco,12/08/18,None,None
165847,175000.0,,-19.820004,-43.96381810000002,2,1,0,,383.96,175.0,venda-nova,São João Batista,12/08/18,None,None
181529,175000.0,,-19.8845298,-43.95739900000001,2,1,0,,25.0,0.0,noroeste,Nova Cachoeirinha,12/08/18,None,None
1697005,175000.0,,-19.9168894,-43.975557699999975,2,1,0,,0.0,90.0,noroeste,Padre Eustáquio,12/08/18,None,None
3212251,175000.0,,-19.8254859,-43.96072709999999,2,1,0,,646.07,137.0,venda-nova,São João Batista,12/08/18,None,None
341134,177000.0,,-19.9470461,-44.00405060000003,2,1,0,,40.0,150.0,oeste,Madre Gertrudes,12/08/18,None,None
141861,178000.0,,-19.894498600000002,-43.99997289999999,3,1,0,,0.0,150.0,pampulha,Manacás,12/08/18,None,None
124656,179000.0,,-19.8721455,-43.9967633,2,1,0,,0.0,230.0,pampulha,Paquetá,12/08/18,None,None
12899,180000.0,,-19.8725261,-43.95044580000001,2,1,0,,292.5,130.0,pampulha,São Francisco,12/08/18,None,None
52870,180000.0,,-19.846386300000002,-43.91789460000001,3,2,0,,0.0,329.0,norte,Aarão Reis,12/08/18,None,None
126646,180000.0,,-19.984876800000002,-44.0030673,3,1,0,,0.0,0.0,barreiro,Milionários,12/08/18,None,None
138936,180000.0,,-19.8583967,-43.9790021,2,1,0,,0.0,130.0,pampulha,São Francisco,12/08/18,None,None
168058,180000.0,,-19.8196848,-43.95938409999997,3,1,0,,0.0,230.0,venda-nova,Venda Nova,12/08/18,None,None
172691,180000.0,,-19.9377652,-44.0167429,2,1,0,,26.59,0.0,noroeste,Camargos,12/08/18,None,None
360822,180000.0,,-19.954887399999997,-43.9900088,3,1,0,,61.9,250.0,oeste,Cinquentenário,12/08/18,None,None
361056,180000.0,,-19.9305668,-43.98104280000001,2,1,0,,0.0,180.0,oeste,Nova Suíssa,12/08/18,None,None
361802,180000.0,,-19.8321206,-43.97888979999999,2,1,0,,64.45,150.0,pampulha,Santa Mônica,12/08/18,None,None
365347,180000.0,,-19.8851541,-43.99547389999998,2,1,0,,0.0,219.0,pampulha,Castelo,12/08/18,None,None
1296264,180000.0,,-19.8714521,-43.94308920000003,2,1,0,,0.0,150.0,nordeste,Palmares,12/08/18,None,None
1526093,180000.0,,-19.8833365,-43.95841419999999,2,1,0,,301.0,180.0,noroeste,Nova Cachoeirinha,12/08/18,None,None
3242038,180000.0,,-19.821672500000002,-43.90052209999999,2,1,0,,0.0,100.0,norte,Ribeiro de Abreu,12/08/18,None,None
3251357,180000.0,,-19.8868607,-43.95773650000001,2,1,0,,22.9,170.0,noroeste,Ermelinda,12/08/18,None,None
3258144,180000.0,,-19.87043,-44.006755,2,1,0,,265.0,0.0,pampulha,Santa Terezinha,12/08/18,None,None
3258183,180000.0,,-19.9310152,-43.9392957,1,1,1,,0.0,270.0,centro-sul,Lourdes,12/08/18,None,None
157954,184000.0,,-19.8126224,-43.95404919999999,2,1,0,,259.0,140.0,venda-nova,São Pedro (venda Nova),12/08/18,None,None
1529473,185000.0,,-19.79733,-43.934540999999975,2,1,0,,1.0,1.0,norte,Jaqueline,12/08/18,None,None
1529474,185000.0,,-19.79733,-43.934540999999975,2,1,0,,1.0,10.0,norte,Jaqueline,12/08/18,None,None
1529475,185000.0,,-19.79733,-43.934540999999975,2,1,0,,1.0,10.0,norte,Jaqueline,12/08/18,None,None
1831887,185000.0,,-19.7949121,-43.955317000000036,3,1,0,,0.0,70.0,venda-nova,Serra Verde (venda Nova),12/08/18,None,None
3248580,185000.0,,-19.889093,-43.99894900000004,2,0,0,,0.0,150.0,pampulha,Manacás,12/08/18,None,None
3258373,185000.0,,-19.907437899999998,-43.945122800000036,2,1,0,,0.0,100.0,nordeste,Lagoinha,12/08/18,None,None
1857394,187000.0,,-19.921428600000002,-43.95028379999997,1,1,0,,0.0,334.0,centro-sul,Barro Preto,12/08/18,None,None
3235983,189000.0,,-19.9391393,-43.98360170000001,2,1,0,,66.83,166.0,oeste,Salgado Filho,12/08/18,None,None
238199,189900.0,,-19.9112217,-44.01692960000002,2,1,0,,133.12,0.0,noroeste,Pindorama,12/08/18,None,None
238200,189900.0,,-19.9112217,-44.01692960000002,2,1,0,,133.12,0.0,noroeste,Pindorama,12/08/18,None,None
238201,189900.0,,-19.9112217,-44.01692960000002,2,1,0,,133.12,0.0,noroeste,Pindorama,12/08/18,None,None
238202,189900.0,,-19.9112217,-44.01692960000002,2,1,0,,133.12,0.0,noroeste,Pindorama,12/08/18,None,None
60885,190000.0,,-19.9407207,-44.01823999999999,2,1,0,,0.0,140.0,noroeste,Camargos,12/08/18,None,None
130530,190000.0,,-19.8824095,-43.9824458,2,2,1,,67.38,180.0,pampulha,Ouro Preto,12/08/18,None,None
147899,190000.0,,-19.8822295,-43.95838879999997,2,1,0,,25.0,130.0,noroeste,Nova Cachoeirinha,12/08/18,None,None
161079,190000.0,,-19.850611899999997,-43.940250799999994,2,1,0,,0.0,120.0,norte,São Bernardo,12/08/18,None,None
471086,190000.0,,-19.922314800000002,-43.946081700000036,1,1,0,,0.0,290.0,centro-sul,Barro Preto,12/08/18,None,None
3243716,190000.0,,-19.8339154,-43.94609300000002,2,1,0,,64.0,0.0,norte,Planalto,12/08/18,None,None
3245029,190000.0,,-19.824599,-43.95182799999998,2,1,0,,0.0,300.0,norte,Planalto,12/08/18,None,None
136186,195000.0,,-19.966036199999998,-43.98305970000001,2,1,0,,63.21,200.0,oeste,Palmeiras,12/08/18,None,None
149926,195000.0,,-19.840639000000003,-43.98795380000002,2,1,0,,24.95,130.0,pampulha,Santa Amélia,12/08/18,None,None
334351,195000.0,,-19.8356124,-43.94227610000002,2,1,0,,21.0,130.0,norte,Planalto,12/08/18,None,None
1972418,195000.0,,-19.935119,-43.97491000000002,3,1,0,,0.0,0.0,oeste,Nova Suíssa,12/08/18,None,None
2768518,195000.0,,-19.885326899999995,-43.95885799999997,3,1,0,,27.54,230.0,noroeste,Ermelinda,12/08/18,None,None
3255700,195000.0,,-19.891161899999997,-43.90688349999999,2,1,0,,70.0,450.0,leste,Santa Inês,12/08/18,None,None
54625,198000.0,,-19.9068413,-44.00035760000003,2,1,0,,0.0,170.0,noroeste,Glória,12/08/18,None,None
131762,198000.0,,-19.9434509,-43.978007299999994,2,1,0,,51.0,0.0,oeste,Salgado Filho,12/08/18,None,None
364468,198000.0,,-19.9633255,-43.971305700000016,3,1,0,,66.0,260.0,oeste,Havaí,12/08/18,None,None
359328,199000.0,,-19.824099800000003,-43.901365000000006,4,1,0,,0.0,0.0,norte,Ribeiro de Abreu,12/08/18,None,None
3240566,199000.0,,-19.949273,-43.97138799999999,2,1,0,,0.0,160.0,oeste,Jardim América,12/08/18,None,None
35621,200000.0,,-19.8290593,-43.93436029999998,2,1,0,,0.0,150.0,norte,Jardim Guanabara,12/08/18,None,None
45342,200000.0,,-19.8285822,-43.96376629999998,2,1,0,,0.0,200.0,pampulha,Santa Branca,12/08/18,None,None
52645,200000.0,,-19.8333228,-43.93941989999996,2,1,0,,0.0,180.0,norte,Heliópolis,12/08/18,None,None
221898,200000.0,,-19.8999178,-44.010470500000004,2,1,0,,0.0,170.0,noroeste,Glória,12/08/18,None,None
358285,200000.0,,-19.893902100000002,-44.00396820000003,2,1,0,,60.0,200.0,pampulha,Castelo,12/08/18,None,None
358862,200000.0,,-19.922096,-43.95721220000002,3,1,1,,0.0,120.0,centro-sul,Barro Preto,12/08/18,None,None
363312,200000.0,,-19.908556899999997,-43.94407929999999,2,1,0,,0.0,213.0,nordeste,Lagoinha,12/08/18,None,None
1698401,200000.0,,-19.9239024,-43.90662170000002,2,1,0,,0.0,180.0,leste,Paraíso,12/08/18,None,None
47454,205000.0,,-19.9515621,-43.93332900000002,3,1,0,,0.0,100.0,pampulha,Jardim Atlântico,12/08/18,None,None
142933,205000.0,,-19.858911300000003,-43.93717729999997,2,1,0,,56.0,234.25,pampulha,Dona Clara,12/08/18,None,None
359333,205000.0,,-19.915139,-43.987093000000016,2,1,0,,75.0,270.0,noroeste,Padre Eustáquio,12/08/18,None,None
455186,205000.0,,-19.8020527,-43.94581019999998,3,1,0,,62.07,180.0,norte,Jaqueline,12/08/18,None,None
1690148,205000.0,,-19.943986,-43.97282200000001,3,1,0,,63.0,190.0,oeste,Jardim América,12/08/18,None,None
66167,210000.0,,-19.869992,-44.00092899999999,3,1,0,,56.9,170.0,pampulha,Itatiaia,12/08/18,None,None
223614,210000.0,,-19.877142000000003,-44.01509750000002,3,1,0,,0.0,0.0,pampulha,Serrano,12/08/18,None,None
311445,210000.0,,-19.986578100000003,-44.029177,3,1,0,,59.47,0.0,barreiro,Diamante,12/08/18,None,None
333814,210000.0,,-19.9090615,-43.97945849999997,2,1,0,,27.0,150.0,noroeste,Jardim Montanhês,12/08/18,None,None
371715,210000.0,,-19.941986899999996,-44.015156400000016,2,1,0,,65.0,150.0,noroeste,Camargos,12/08/18,None,None
1656626,210000.0,,-19.9651247,-43.96878179999999,2,2,0,,55.0,200.0,oeste,Estrela Dalva,12/08/18,None,None
3238363,210000.0,,-19.8897956,-44.00649069999997,2,1,0,,0.0,140.0,noroeste,Alípio de Melo,12/08/18,None,None
3252513,210000.0,,-19.9107657,-43.916661999999974,3,1,0,,0.0,400.0,leste,Santa Tereza,12/08/18,None,None
1735770,212000.0,,-19.879658399999997,-43.99109220000002,2,1,1,,0.0,200.0,pampulha,Paquetá,12/08/18,None,None
238039,214900.0,,-19.9112217,-44.01692960000002,2,1,0,,133.12,0.0,noroeste,Pindorama,12/08/18,None,None
48122,215000.0,,-19.905469500000002,-43.94344039999999,2,1,0,,56.0,200.0,nordeste,Lagoinha,12/08/18,None,None
117609,215000.0,,-19.8976337,-44.00975670000002,2,1,0,,61.0,0.0,noroeste,Glória,12/08/18,None,None
137004,215000.0,,-19.9092865,-43.97735720000003,2,1,0,,0.0,180.0,noroeste,Monsenhor Messias,12/08/18,None,None
238115,215000.0,,-19.9112217,-44.01692960000002,2,1,0,,133.12,0.0,noroeste,Pindorama,12/08/18,None,None
3251803,215000.0,,-19.940426000000002,-43.91979400000002,2,1,0,,54.74,110.0,centro-sul,Serra,12/08/18,None,None
238119,219000.0,,-19.9112217,-44.01692960000002,2,1,0,,133.12,0.0,noroeste,Pindorama,12/08/18,None,None
238197,219000.0,,-19.9112217,-44.01692960000002,2,1,0,,133.12,0.0,noroeste,Pindorama,12/08/18,None,None
238198,219000.0,,-19.9112217,-44.01692960000002,2,1,0,,133.12,0.0,noroeste,Pindorama,12/08/18,None,None
3253898,219500.0,,-19.8701355,-43.9200275,2,1,0,,71.52,200.0,nordeste,Fernão Dias,12/08/18,None,None
12920,220000.0,,-19.923219399999997,-43.94416309999997,1,1,0,,0.0,178.0,centro-sul,Barro Preto,12/08/18,None,None
57338,220000.0,,-19.943704999999998,-43.965915,1,1,0,,75.0,180.0,oeste,Nova Granada,12/08/18,None,None
141421,220000.0,,-19.874664300000003,-43.9127881,3,2,1,,77.0,250.0,noroeste,Camargos,12/08/18,None,None
345803,220000.0,,-19.8725798,-44.01091550000001,2,1,0,,103.12,1.0,pampulha,Santa Terezinha,12/08/18,None,None
348854,220000.0,,-19.8339395,-43.96716670000001,3,1,0,,88.0,250.0,pampulha,Santa Branca,12/08/18,None,None
354521,220000.0,,-19.9017181,-43.916704900000006,2,1,0,,68.15,180.0,leste,Sagrada Família,12/08/18,None,None
359604,220000.0,,-19.9178032,-43.96749599999998,2,2,0,,0.0,350.0,noroeste,Padre Eustáquio,12/08/18,None,None
361925,220000.0,,-19.914430399999997,-43.98683170000004,3,2,0,,0.0,430.0,noroeste,Padre Eustáquio,12/08/18,None,None
366810,220000.0,,-19.971483399999997,-43.97657830000003,2,1,0,,27.38,250.0,oeste,Palmeiras,12/08/18,None,None
394356,220000.0,,-19.8667359,-43.98475959999996,2,1,0,,88.0,150.0,pampulha,Ouro Preto,12/08/18,None,None
1528277,220000.0,,-19.914780399999998,-43.98395770000002,3,1,0,,0.0,430.0,noroeste,Padre Eustáquio,12/08/18,None,None
1617789,220000.0,,-19.823764999999998,-43.950390999999975,2,1,0,,0.0,100.0,norte,Vila Cloris,12/08/18,None,None
1836396,220000.0,,-19.920897600000004,-43.98193789999999,2,2,0,,63.23,300.0,noroeste,Padre Eustáquio,12/08/18,None,None
3237607,220000.0,,-19.912215,-43.92941869999999,2,1,0,,73.44,175.0,leste,Floresta,12/08/18,None,None
3247002,220000.0,,-19.890506,-44.000402099999974,1,1,0,,0.0,340.0,pampulha,Castelo,12/08/18,None,None
3247269,220000.0,,-19.927925100000003,-43.99824710000002,2,1,0,,23.84,220.0,noroeste,João Pinheiro,12/08/18,None,None
359766,224900.0,,-19.9112172,-44.01692990000004,2,1,0,,133.12,0.0,noroeste,Pindorama,12/08/18,None,None
31676,225000.0,,-19.9051669,-43.9379328,2,1,0,,65.0,431.5,leste,Floresta,12/08/18,None,None
49223,225000.0,,-19.8746131,-43.91844100000003,2,1,0,,0.0,180.0,nordeste,Fernão Dias,12/08/18,None,None
352195,225000.0,,-19.9224763,-44.00545360000001,2,2,1,,100.0,150.0,noroeste,Dom Bosco,12/08/18,None,None
353303,225000.0,,-19.8372301,-43.96703309999998,2,1,0,,72.0,250.0,pampulha,Santa Branca,12/08/18,None,None
363370,225000.0,,-19.805996399999998,-43.98972170000002,2,1,0,,60.0,220.0,venda-nova,Piratininga (venda Nova),12/08/18,None,None
1623215,225000.0,,-19.8092819,-43.93739779999999,3,1,0,,69.0,200.0,norte,Frei Leopoldo,12/08/18,None,None
357133,225500.0,,-19.9246473,-43.963617,2,1,0,,0.0,250.0,oeste,Prado,12/08/18,None,None
50256,229000.0,,-19.9076103,-43.9688822,2,1,0,,64.9,150.0,noroeste,Caiçaras,12/08/18,None,None
41496,230000.0,,-19.9937905,-44.016934600000006,3,1,0,,0.0,150.0,barreiro,Santa Helena (barreiro),12/08/18,None,None
46063,230000.0,,-19.830642,-43.97148759999999,3,1,1,,50.0,280.0,pampulha,Santa Mônica,12/08/18,None,None
55133,230000.0,,-19.962747,-43.96571419999998,3,1,0,,59.46,250.0,oeste,Estoril,12/08/18,None,None
62911,230000.0,,-19.8942585,-43.99954360000004,2,1,0,,0.0,560.0,pampulha,Manacás,12/08/18,None,None
137334,230000.0,,-19.893535999999997,-43.928102800000026,1,1,0,,1476.57,732.51,nordeste,Silveira,12/08/18,None,None
139005,230000.0,,-19.9128236,-43.95939229999999,3,2,1,,0.0,0.0,noroeste,Padre Eustáquio,12/08/18,None,None
143850,230000.0,,-19.9022728,-43.97796510000001,3,1,0,,56.94,170.0,noroeste,Caiçaras,12/08/18,None,None
159467,230000.0,,-19.965197,-43.96939600000002,3,2,1,,53.0,290.0,oeste,Estrela Dalva,12/08/18,None,None
164971,230000.0,,-19.809024100000002,-43.939714500000036,2,1,1,,1640.34,0.0,norte,Juliana,12/08/18,None,None
227757,230000.0,,-19.8235871,-43.946984199999974,2,1,0,,26.59,110.0,norte,Vila Cloris,12/08/18,None,None
327450,230000.0,,-19.9827276,-44.010909700000006,3,1,0,,26.59,220.0,barreiro,Santa Helena (barreiro),12/08/18,None,None
331529,230000.0,,-19.9129625,-43.91986199999997,2,1,0,,24.59,250.0,leste,Santa Tereza,12/08/18,None,None
335403,230000.0,,-19.9219693,-44.0056912,3,2,0,,58.0,150.0,noroeste,Conjunto Califórnia,12/08/18,None,None
342563,230000.0,,-19.842475699999998,-43.91904820000002,3,2,0,,0.0,290.0,norte,Guarani,12/08/18,None,None
352014,230000.0,,-19.916052,-43.985568,3,2,0,,0.0,200.0,noroeste,Padre Eustáquio,12/08/18,None,None
502667,230000.0,,-19.906063,-43.93204100000003,2,1,0,,750.41,431.5,leste,Floresta,12/08/18,None,None
1382332,230000.0,,-19.891916600000002,-43.99804610000001,1,1,0,,0.0,340.0,noroeste,Alípio de Melo,12/08/18,None,None
1821741,230000.0,,-19.900452800000004,-43.9250295,2,1,0,,28.11,250.0,leste,Sagrada Família,12/08/18,None,None
3235336,230000.0,,-19.8903046,-43.99528249999997,2,2,0,,48.0,250.0,pampulha,Castelo,12/08/18,None,None
3248746,230000.0,,-19.843845,-43.97215299999999,2,1,1,,69.0,210.0,pampulha,Santa Amélia,12/08/18,None,None
3251125,230000.0,,-19.9653616,-43.97628589999999,2,2,1,,111.36,0.0,oeste,Havaí,12/08/18,None,None
3252032,230000.0,,-19.920897600000004,-43.98193789999999,3,1,0,,63.23,0.0,noroeste,Padre Eustáquio,12/08/18,None,None
3253447,230000.0,,-19.9614812,-43.990054999999984,3,1,0,,63.72,0.0,oeste,Betânia,12/08/18,None,None
3255216,230000.0,,-19.8996197,-43.91778020000004,3,1,0,,62.93,150.0,leste,Sagrada Família,12/08/18,None,None
3255892,230000.0,,-19.8629566,-43.88975119999998,2,1,0,,68.56,0.0,nordeste,Vitória,12/08/18,None,None
3257793,230000.0,,-19.8410471,-43.92326479999997,3,1,0,,0.0,290.0,norte,Guarani,12/08/18,None,None
46925,232000.0,,-19.9500186,-43.94022180000002,2,2,1,,0.01,0.0,pampulha,Copacabana,12/08/18,None,None
3237821,233000.0,,-19.929428,-43.99785700000001,2,2,1,,0.0,220.0,noroeste,João Pinheiro,12/08/18,None,None
361602,234000.0,,-19.8402487,-43.93744470000002,3,1,0,,0.0,215.0,norte,Heliópolis,12/08/18,None,None
35571,235000.0,,-19.8222812,-43.9841429,3,2,1,,0.0,245.0,pampulha,Santa Mônica,12/08/18,None,None
35573,235000.0,,-19.8222812,-43.9841429,3,2,1,,0.0,245.0,pampulha,Santa Mônica,12/08/18,None,None
144521,235000.0,,-19.8657073,-43.95548600000001,2,1,0,,60.91,259.0,pampulha,Liberdade,12/08/18,None,None
339619,235000.0,,-19.915501000000003,-43.96721260000004,2,1,0,,67.95,150.0,noroeste,Carlos Prates,12/08/18,None,None
352930,235000.0,,-19.9155329,-43.97541799999999,3,1,0,,62.74,250.0,noroeste,Padre Eustáquio,12/08/18,None,None
365545,235000.0,,-19.9114566,-43.924897200000025,1,1,0,,0.0,280.0,leste,Floresta,12/08/18,None,None
365657,235000.0,,-19.8928454,-43.99758259999999,2,1,0,,72.24,180.0,pampulha,Manacás,12/08/18,None,None
3241114,235000.0,,-19.902422,-43.97637789999999,2,1,0,,28.0,160.0,noroeste,Padre Eustáquio,12/08/18,None,None
3256024,235000.0,,-19.8234985,-43.98441709999997,3,1,0,,75.0,15.0,pampulha,Santa Mônica,12/08/18,None,None
3257941,235000.0,,-19.897327100000002,-43.99799300000001,2,1,1,,0.0,250.0,pampulha,Manacás,12/08/18,None,None
3191979,238000.0,,-19.868376899999998,-43.91798699999998,2,1,0,,71.0,170.0,nordeste,São Marcos,12/08/18,None,None
3238709,238000.0,,-19.940799600000002,-43.91269969999996,2,1,0,,81.67,250.0,centro-sul,Serra,12/08/18,None,None
31239,240000.0,,-19.9870586,-44.03977570000001,3,1,1,,60.0,250.0,barreiro,Tirol,12/08/18,None,None
32108,240000.0,,-19.8806884,-43.9974167,3,1,0,,53.0,200.0,pampulha,Castelo,12/08/18,None,None
46667,240000.0,,-19.922028100000002,-43.950756599999984,2,1,0,,0.0,450.0,centro-sul,Centro,12/08/18,None,None
136246,240000.0,,-19.875900899999998,-43.99448270000005,2,1,1,,70.74,0.0,pampulha,Castelo,12/08/18,None,None
331185,240000.0,,-19.9076086,-43.98056659999998,3,1,0,,650.0,0.0,noroeste,Jardim Montanhês,12/08/18,None,None
352716,240000.0,,-19.9215303,-43.94884239999999,1,1,0,,59.1,316.46,centro-sul,Santo Agostinho,12/08/18,None,None
353580,240000.0,,-19.8325434,-43.9672789,2,1,0,,87.0,280.0,pampulha,Santa Branca,12/08/18,None,None
354579,240000.0,,-19.838937100000003,-43.977340700000006,3,1,0,,68.05,220.0,pampulha,Santa Amélia,12/08/18,None,None
355961,240000.0,,-19.871500100000002,-43.94578100000001,3,2,1,,64.89,250.0,nordeste,Palmares,12/08/18,None,None
362626,240000.0,,-19.94502,-43.97201899999999,2,1,1,,82.0,250.0,oeste,Jardim América,12/08/18,None,None
366004,240000.0,,-19.9161733,-43.95843259999998,2,2,0,,60.0,200.0,noroeste,Carlos Prates,12/08/18,None,None
3217095,240000.0,,-19.9439474,-43.97271999999998,3,2,0,,85.0,300.0,oeste,Jardim América,12/08/18,None,None
3238526,240000.0,,-19.9074768,-43.92025419999999,3,1,0,,0.0,210.0,leste,Sagrada Família,12/08/18,None,None
3257477,240000.0,,-19.899121700000002,-43.92216859999997,2,1,0,,27.9,250.0,leste,Sagrada Família,12/08/18,None,None
3258441,240000.0,,-19.876930023617078,-43.988995262426776,3,1,0,,75.91,205.0,pampulha,Ouro Preto,12/08/18,None,None
341865,243000.0,,-19.951062,-43.98002439999999,2,2,1,,0.0,200.0,oeste,Salgado Filho,12/08/18,None,None
341866,243000.0,,-19.95105,-43.98001299999999,2,2,1,,0.0,110.0,oeste,Salgado Filho,12/08/18,None,None
341860,244000.0,,-19.95105,-43.98001299999999,2,2,1,,0.0,110.0,oeste,Salgado Filho,12/08/18,None,None
7046,245000.0,,-19.9610454,-43.97440660000001,2,1,0,,23.0,150.0,oeste,Havaí,12/08/18,None,None
52228,245000.0,,-19.8820063,-43.998368299999996,3,1,0,,0.0,250.0,pampulha,Castelo,12/08/18,None,None
127330,245000.0,,-19.8690829,-43.91812300000004,2,1,0,,0.0,150.0,nordeste,Fernão Dias,12/08/18,None,None
146229,245000.0,,-19.9268999,-43.98245029999998,3,1,0,,0.0,0.0,oeste,Nova Suíssa,12/08/18,None,None
341868,245000.0,,-19.9509872,-43.97984170000001,2,2,1,,0.0,110.0,oeste,Salgado Filho,12/08/18,None,None
341869,245000.0,,-19.951062,-43.98002439999999,2,2,1,,0.0,110.0,oeste,Salgado Filho,12/08/18,None,None
3251933,245000.0,,-19.905732090671954,-43.933531787835705,2,1,0,,75.42,0.0,leste,Floresta,12/08/18,None,None
341897,246000.0,,-19.95105,-43.98001299999999,2,2,1,,0.0,110.0,oeste,Salgado Filho,12/08/18,None,None
341870,247000.0,,-19.95105,-43.98001299999999,2,2,1,,0.0,110.0,oeste,Havaí,12/08/18,None,None
341888,247000.0,,-19.95105,-43.98001299999999,2,2,1,,0.0,110.0,oeste,Salgado Filho,12/08/18,None,None
167233,249000.0,,-19.904471899999997,-43.92185240000003,2,1,0,,67.5,200.0,leste,Sagrada Família,12/08/18,None,None
360792,249000.0,,-19.895386399999996,-43.9975546,2,1,0,,0.0,600.0,pampulha,Manacás,12/08/18,None,None
425712,249000.0,,-19.8254635,-43.95200429999999,3,1,0,,0.0,200.0,norte,Vila Cloris,12/08/18,None,None
1820242,249000.0,,-19.975676,-43.96427399999999,2,1,0,,98.24,350.0,oeste,Buritis,12/08/18,None,None
12453,250000.0,,-19.9030712,-43.92916609999998,2,2,0,,50.18,400.0,leste,Sagrada Família,12/08/18,None,None
28807,250000.0,,-19.912636600000003,-43.92333499999995,2,1,0,,0.0,150.0,leste,Santa Tereza,12/08/18,None,None
129245,250000.0,,-19.9201625,-43.94695660000002,2,1,0,,50.0,425.0,centro-sul,Centro,12/08/18,None,None
141215,250000.0,,-19.922045800000003,-43.90072709999998,2,1,0,,637.67,180.0,leste,Paraíso,12/08/18,None,None
177905,250000.0,,-19.9030005,-43.93614700000001,2,1,0,,27.0,200.0,nordeste,Concórdia,12/08/18,None,None
185863,250000.0,,-19.9044484,-44.0117502,3,1,0,,707.78,0.0,noroeste,Glória,12/08/18,None,None
335944,250000.0,,-19.8980392,-44.00987429999998,2,2,1,,62.61,150.0,pampulha,Serrano,12/08/18,None,None
341551,250000.0,,-19.941152600000002,-43.9759115,2,2,0,,85.0,0.0,oeste,Jardim América,12/08/18,None,None
342632,250000.0,,-19.874580899999998,-43.91481269999997,2,2,1,,1.0,1.0,nordeste,Fernão Dias,12/08/18,None,None
348615,250000.0,,-19.814006,-43.965734000000005,3,1,1,,26.3,0.0,venda-nova,Venda Nova,12/08/18,None,None
349057,250000.0,,-19.966600399999997,-43.968137299999974,2,1,0,,112.0,300000.0,oeste,Buritis,12/08/18,None,None
357559,250000.0,,-19.904471899999997,-43.92185240000003,2,1,0,,67.5,200.0,leste,Sagrada Família,12/08/18,None,None
366490,250000.0,,-19.863924100000002,-43.94288119999999,3,1,0,,69.0,300.0,pampulha,Santa Rosa,12/08/18,None,None
373918,250000.0,,-19.887711,-44.00219400000003,2,1,0,,50.0,200.0,pampulha,Castelo,12/08/18,None,None
1469426,250000.0,,-19.958068100000002,-43.966832200000006,3,1,0,,0.0,300.0,oeste,Estoril,12/08/18,None,None
1834889,250000.0,,-19.863618399999996,-43.8985495,3,2,1,,1.0,1.0,nordeste,Goiânia,12/08/18,None,None
1836528,250000.0,,-19.9017121,-43.91826019999996,3,1,0,,0.0,200.0,leste,Sagrada Família,12/08/18,None,None
3212184,250000.0,,-19.844086899999997,-43.9737902,3,1,1,,0.0,100.0,pampulha,Santa Amélia,12/08/18,None,None
3234167,250000.0,,-19.913157,-43.963233,2,1,0,,63.8,282.0,noroeste,Carlos Prates,12/08/18,None,None
3240511,250000.0,,-19.8994309,-43.925863899999975,2,2,0,,86.98,150.0,leste,Sagrada Família,12/08/18,None,None
3249584,250000.0,,-20.0051337,-44.00591639999999,3,1,0,,76.07,0.0,barreiro,Cardoso,12/08/18,None,None
3250155,250000.0,,-19.8711949,-43.95148699999999,2,1,0,,71.0,204.91,pampulha,São Francisco,12/08/18,None,None
3258024,250000.0,,-19.9643682,-43.97238830000003,2,2,1,,88.45,195.0,oeste,Estrela Dalva,12/08/18,None,None
51474,254000.0,,-19.9168397,-43.97971630000001,3,1,0,,0.0,100.0,noroeste,Caiçaras,12/08/18,None,None
161717,255000.0,,-19.881613100000003,-43.93316160000001,2,1,0,,0.0,190.0,nordeste,Ipiranga,12/08/18,None,None
340104,255000.0,,-19.95206,-43.95040800000004,3,1,0,,101.77,250.0,centro-sul,Vila Paris,12/08/18,None,None
357116,255000.0,,-19.940759699999997,-43.97551650000002,3,2,0,,70.0,200.0,oeste,Jardim América,12/08/18,None,None
1911252,255000.0,,-19.9218177,-43.9787978,3,2,0,,65.98,310.0,noroeste,Padre Eustáquio,12/08/18,None,None
1632898,259000.0,,-19.965197,-43.96939600000002,3,1,0,,0.0,0.0,oeste,Estrela Dalva,12/08/18,None,None
67134,260000.0,,-19.8303169,-43.93930039999998,2,2,1,,11.7,189.0,norte,Jardim Guanabara,12/08/18,None,None
136984,260000.0,,-19.840111899999997,-43.94629420000001,3,1,0,,58.51,235.0,norte,Planalto,12/08/18,None,None
137642,260000.0,,-19.933567,-43.98035679999998,2,2,1,,97.09,0.0,oeste,Nova Suíssa,12/08/18,None,None
155826,260000.0,,-19.8190888,-43.98090180000003,2,1,1,,0.0,260.0,venda-nova,Candelária,12/08/18,None,None
335812,260000.0,,-19.9348499,-43.92434000000003,1,1,1,,141.72,1310.0,centro-sul,Serra,12/08/18,None,None
342703,260000.0,,-19.874580899999998,-43.91481269999997,2,2,1,,1.0,1.0,nordeste,Fernão Dias,12/08/18,None,None
342707,260000.0,,-19.874580899999998,-43.91481269999997,2,2,1,,1.0,1.0,nordeste,Fernão Dias,12/08/18,None,None
346860,260000.0,,-19.935660600000002,-43.95694029999999,2,1,0,,87.05,250.0,oeste,Gutierrez,12/08/18,None,None
355572,260000.0,,-19.8455945,-43.93890780000004,2,1,0,,70.41,200.0,norte,Heliópolis,12/08/18,None,None
359608,260000.0,,-19.9388827,-43.94229900000005,1,1,0,,0.0,1500.0,centro-sul,Lourdes,12/08/18,None,None
362281,260000.0,,-19.9301249,-43.9369087,1,0,1,,0.01,680.0,centro-sul,Funcionários,12/08/18,None,None
473051,260000.0,,-19.824313,-43.962651,2,2,0,,196.0,0.0,venda-nova,São João Batista (venda Nova),12/08/18,None,None
571191,260000.0,,-19.8330175,-43.97817459999999,3,1,0,,2880.0,150.0,pampulha,Santa Mônica,12/08/18,None,None
1021089,260000.0,,-19.904829100000004,-43.9166864,2,1,0,,79.36,537.0,leste,Sagrada Família,12/08/18,None,None
1033152,260000.0,,-19.9136093,-43.97964280000002,3,1,0,,65.0,220.0,noroeste,Monsenhor Messias,12/08/18,None,None
1738168,260000.0,,-19.8800009,-43.99188140000001,2,2,1,,917.0,230.0,pampulha,Paquetá,12/08/18,None,None
1740696,260000.0,,-19.863618399999996,-43.8985495,3,2,1,,1.0,1.0,nordeste,Goiânia,12/08/18,None,None
1843896,260000.0,,-19.8908479,-43.93252200000001,2,1,0,,0.0,190.0,nordeste,Nova Floresta,12/08/18,None,None
2676981,260000.0,,-19.909439000000003,-43.97953970000003,3,1,0,,27.37,180.0,noroeste,Jardim Montanhês,12/08/18,None,None
3237363,260000.0,,-19.8987739,-43.9191864,2,2,1,,79.0,150.0,leste,Sagrada Família,12/08/18,None,None
3252310,260000.0,,-19.9297618,-43.99973069999999,3,1,0,,0.0,220.0,noroeste,João Pinheiro,12/08/18,None,None
51484,261000.0,,-19.870418899999997,-44.006461,2,2,1,,0.0,280.0,pampulha,Itatiaia,12/08/18,None,None
346095,265000.0,,-19.9246882,-43.94309069999997,1,1,0,,0.0,585.0,centro-sul,Santo Agostinho,12/08/18,None,None
3234322,265000.0,,-19.8728035,-43.91807110000002,2,1,0,,52.0,250.0,nordeste,Fernão Dias,12/08/18,None,None
3234412,265000.0,,-19.906188,-43.92609099999999,2,1,0,,65.0,170.0,leste,Sagrada Família,12/08/18,None,None
3258030,265000.0,,-19.814081899999998,-43.96904119999999,2,1,1,,0.0,250.0,venda-nova,Candelária,12/08/18,None,None
342409,268000.0,,-19.9509717,-43.97984120000001,2,2,1,,0.0,110.0,oeste,Salgado Filho,12/08/18,None,None
345292,268000.0,,-19.934619199999997,-43.98021010000002,2,2,0,,78.0,400.0,oeste,Nova Suíssa,12/08/18,None,None
1853364,269000.0,,-19.9017398,-43.97891010000001,2,1,0,,0.0,250.0,noroeste,Caiçaras,12/08/18,None,None
33128,270000.0,,-19.9166756,-43.93451519999997,2,1,0,,44.32,248.0,nordeste,Santa Cruz,12/08/18,None,None
58395,270000.0,,-19.9287647,-43.94150230000002,2,1,0,,80.0,700.0,centro-sul,Barro Preto,12/08/18,None,None
149517,270000.0,,-19.878559399999997,-43.96293450000002,2,1,0,,76.0,300.0,pampulha,São Francisco,12/08/18,None,None
158384,270000.0,,-19.9794951,-43.97293919999999,3,1,0,,80.0,170.0,oeste,Buritis,12/08/18,None,None
354574,270000.0,,-19.8626002,-43.95509419999996,3,1,0,,92.66,350.0,pampulha,Liberdade,12/08/18,None,None
614478,270000.0,,-19.869946399999996,-43.92105000000004,3,1,1,,76.36,0.0,nordeste,São Paulo,12/08/18,None,None
1831888,270000.0,,-19.892916,-43.93117440000003,4,2,1,,107.0,0.0,nordeste,Silveira,12/08/18,None,None
2761610,270000.0,,-19.913775,-43.96839090000003,3,1,0,,53.53,200.0,noroeste,Padre Eustáquio,12/08/18,None,None
3211408,270000.0,,-19.903455100000002,-43.91938119999998,2,1,0,,78.18,537.0,leste,Sagrada Família,12/08/18,None,None
3236609,270000.0,,-19.905556699999998,-43.9616977,3,1,0,,82.6,250.0,noroeste,Pedro II,12/08/18,None,None
3245014,270000.0,,-19.9144721,-43.98679800000002,3,1,0,,67.63,220.0,noroeste,Padre Eustáquio,12/08/18,None,None
44582,271600.0,,-19.870098499999997,-44.005883400000016,2,2,1,,0.0,380.0,pampulha,Itatiaia,12/08/18,None,None
11293,275000.0,,-19.9167384,-43.981831400000026,3,2,0,,0.0,180.0,noroeste,Padre Eustáquio,12/08/18,None,None
60082,275000.0,,-19.9601297,-43.97481170000003,3,1,0,,73.05,0.0,oeste,Havaí,12/08/18,None,None
115371,275000.0,,-19.9029733,-43.941102,2,1,1,,0.0,250.0,nordeste,Concórdia,12/08/18,None,None
335846,275000.0,,-19.857031600000003,-43.955025500000026,3,1,0,,70.0,180.0,pampulha,Pampulha,12/08/18,None,None
340807,275000.0,,-19.8784546,-43.92614420000001,3,2,1,,90.96,200.0,nordeste,União,12/08/18,None,None
517863,275000.0,,-19.9125059,-43.93251989999999,3,1,1,,88.0,230.0,leste,Floresta,12/08/18,None,None
1525805,275000.0,,-19.972986,-43.97143399999999,2,1,0,,76.18,255.0,oeste,Buritis,12/08/18,None,None
1657362,275000.0,,-19.9148384,-43.93037730000003,3,1,0,,0.0,250.0,leste,Floresta,12/08/18,None,None
1660023,275000.0,,-19.9447999,-43.9656602,3,2,0,,0.0,300.0,oeste,Nova Granada,12/08/18,None,None
1737972,275000.0,,-19.8941987,-44.02761340000001,2,1,0,,0.0,200.0,noroeste,Coqueiros,12/08/18,None,None
2171399,275000.0,,-19.869524600000002,-43.91623449999997,2,1,0,,79.19,0.0,nordeste,Fernão Dias,12/08/18,None,None
3251825,275000.0,,-19.894167899999996,-43.91252710000003,3,1,0,,0.0,210.0,leste,Horto Florestal,12/08/18,None,None
164872,279000.0,,-19.828319600000004,-43.98446710000002,3,1,1,,78.0,40.0,pampulha,Santa Mônica,12/08/18,None,None
36173,280000.0,,-19.9059593,-43.91605679999998,2,1,0,,66.06,175.0,leste,Horto,12/08/18,None,None
50140,280000.0,,-19.8886722,-43.99469569999997,2,1,1,,50.0,0.0,pampulha,Manacás,12/08/18,None,None
54319,280000.0,,-19.9184934,-43.94807000000003,2,1,0,,54.64,319.8,centro-sul,Barro Preto,12/08/18,None,None
55216,280000.0,,-19.903397899999998,-43.92845439999997,2,1,0,,78.66,0.0,leste,Sagrada Família,12/08/18,None,None
55411,280000.0,,-19.9179519,-43.96594519999997,3,2,0,,0.0,100.0,oeste,Prado,12/08/18,None,None
172018,280000.0,,-19.895386399999996,-43.9975546,3,2,1,,75.76,230.0,pampulha,Manacás,12/08/18,None,None
193682,280000.0,,-19.897973899999997,-43.912004799999984,3,1,0,,0.0,200.0,leste,Horto,12/08/18,None,None
246041,280000.0,,-19.9178328,-43.975688200000036,2,2,0,,0.0,180.0,noroeste,Padre Eustáquio,12/08/18,None,None
338408,280000.0,,-19.8916969,-43.99096880000002,3,1,1,,82.0,0.0,pampulha,Paquetá,12/08/18,None,None
342185,280000.0,,-19.920002,-43.98850400000003,1,1,0,,80.0,0.0,noroeste,Minas Brasil,12/08/18,None,None
344075,280000.0,,-19.8874921,-43.90507680000002,2,1,0,,75.78,230.0,leste,Nova Vista,12/08/18,None,None
361144,280000.0,,-19.830595000000002,-43.9389453,2,2,1,,0.0,190.0,norte,Jardim Guanabara,12/08/18,None,None
365263,280000.0,,-19.9235284,-43.93707010000003,3,1,0,,0.0,0.0,centro-sul,Centro,12/08/18,None,None
508984,280000.0,,-19.8684203,-43.9920783,3,2,1,,69.0,150.0,pampulha,Paquetá,12/08/18,None,None
1462782,280000.0,,-19.942615,-43.96928430000003,2,2,0,,67.14,180.0,oeste,Nova Granada,12/08/18,None,None
1825737,280000.0,,-19.911623600000002,-43.935874300000016,3,1,0,,74.88,600.0,leste,Floresta,12/08/18,None,None
3236881,280000.0,,-19.9195353,-43.93991599999998,3,2,0,,0.0,685.0,centro-sul,Centro,12/08/18,None,None
3240412,280000.0,,-19.8405234,-43.98532979999999,3,2,1,,0.0,0.0,pampulha,Santa Amélia,12/08/18,None,None
3251366,280000.0,,-19.9061647,-43.92652020000003,2,1,0,,66.56,278.0,leste,Sagrada Família,12/08/18,None,None
3253123,280000.0,,-19.9247771,-43.90432490000001,3,2,1,,105.0,300.0,centro-sul,Santa Efigênia,12/08/18,None,None
342634,282500.0,,-19.874580899999998,-43.91481269999997,2,2,1,,1.0,1.0,nordeste,Fernão Dias,12/08/18,None,None
59643,285000.0,,-19.869566,-43.91634199999999,3,2,1,,49.0,80.0,nordeste,Fernão Dias,12/08/18,None,None
63397,285000.0,,-19.9147549,-43.96843239999998,3,1,1,,0.0,300.0,noroeste,Padre Eustáquio,12/08/18,None,None
154221,285000.0,,-19.9778174,-43.967794899999994,2,2,1,,79.45,350.0,oeste,Buritis,12/08/18,None,None
348235,285000.0,,-19.8770045,-44.00276220000001,2,1,1,,0.0,0.0,pampulha,Castelo,12/08/18,None,None
3215034,285000.0,,-19.902573699999998,-43.97733510000001,2,2,0,,90.0,200.0,noroeste,Caiçaras,12/08/18,None,None
1701401,289000.0,,-19.8604641,-43.95667530000003,2,1,1,,0.0,390.0,pampulha,Liberdade,12/08/18,None,None
2105841,289000.0,,-19.955561300000003,-43.9673646,3,2,1,,98.0,439.0,oeste,Estoril,12/08/18,None,None
3212088,289000.0,,-19.8120582,-43.9711618,2,1,0,,563.44,0.0,venda-nova,Candelária,12/08/18,None,None
3212156,289000.0,,-19.8120582,-43.9711618,2,1,0,,563.44,0.0,venda-nova,Candelária,12/08/18,None,None
54360,290000.0,,-19.8709801,-43.99046599999997,2,1,1,,0.0,90.0,pampulha,Paquetá,12/08/18,None,None
156746,290000.0,,-19.930424399999996,-43.91634829999998,2,2,0,,92.1,400.0,leste,São Lucas,12/08/18,None,None
165170,290000.0,,-19.923593399999998,-43.93706850000001,3,2,0,,89.58,535.0,centro-sul,Centro,12/08/18,None,None
341618,290000.0,,-19.8701139,-43.986337799999994,3,1,1,,77.0,320.0,pampulha,Ouro Preto,12/08/18,None,None
351784,290000.0,,-19.9603275,-43.96680240000001,3,2,1,,85.67,280.0,oeste,Estoril,12/08/18,None,None
356114,290000.0,,-19.8799165,-43.9820944,2,1,0,,54.24,0.0,pampulha,Pampulha,12/08/18,None,None
394517,290000.0,,-19.9157927,-43.97544420000003,3,1,0,,66.0,220.0,noroeste,Padre Eustáquio,12/08/18,None,None
1585069,290000.0,,-19.972986,-43.97143399999999,2,2,1,,115.4,350.0,oeste,Buritis,12/08/18,None,None
1630515,290000.0,,-19.8886685,-43.92649419999998,2,1,0,,107.0,380.0,leste,Cidade Nova,12/08/18,None,None
1657849,290000.0,,-19.8560323,-43.95182060000002,3,2,1,,72.72,260.0,pampulha,Jaraguá,12/08/18,None,None
2709410,290000.0,,-19.9106333,-43.92080490000001,2,2,1,,0.0,600.0,leste,Sagrada Família,12/08/18,None,None
2791182,290000.0,,-19.8683528,-44.01355160000003,2,3,1,,117.0,130.0,pampulha,Santa Terezinha,12/08/18,None,None
3236498,290000.0,,-19.934625,-43.97627610000001,3,1,0,,66.4,290.0,oeste,Nova Suíssa,12/08/18,None,None
3249282,290000.0,,-19.8875657,-43.92715379999999,2,2,0,,120.0,380.0,leste,Cidade Nova,12/08/18,None,None
3251827,290000.0,,-19.9590798,-43.96835950000002,3,1,0,,31.37,400.0,oeste,Estoril,12/08/18,None,None
3257878,290000.0,,-19.904545978087246,-43.92916013973389,2,2,1,,64.0,284.12,leste,Sagrada Família,12/08/18,None,None
2131749,294000.0,,-19.943438,-43.967516999999994,3,1,1,,65.0,140.0,oeste,Nova Granada,12/08/18,None,None
56094,295000.0,,-19.917442899999998,-43.93423740000003,3,1,0,,200.0,0.0,noroeste,Padre Eustáquio,12/08/18,None,None
67251,295000.0,,-19.9147549,-43.96843239999998,3,2,0,,0.0,350.0,noroeste,Padre Eustáquio,12/08/18,None,None
365799,295000.0,,-19.933713,-43.9716464,3,2,0,,0.0,170.0,oeste,Barroca,12/08/18,None,None
2220340,295000.0,,-19.935111199999998,-43.96999289999997,2,2,0,,85.0,250.0,oeste,Grajaú,12/08/18,None,None
147392,297000.0,,-19.945065300000003,-43.97289439999997,2,2,0,,28.0,150.0,oeste,Jardim América,12/08/18,None,None
1837713,298000.0,,-19.9690932,-43.97240069999998,3,1,1,,134.0,280.0,oeste,Buritis,12/08/18,None,None
3215106,298000.0,,-19.9251677,-43.91673090000001,2,1,0,,0.0,550.0,centro-sul,Santa Efigênia,12/08/18,None,None
152373,299000.0,,-19.82556,-44.0025612,3,1,1,,0.0,130.0,pampulha,Céu Azul,12/08/18,None,None
1630090,299000.0,,-19.9426048,-43.96917639999998,2,2,1,,62.0,380.0,oeste,Nova Granada,12/08/18,None,None
3212157,299000.0,,-19.8120582,-43.9711618,2,1,0,,563.44,0.0,venda-nova,Candelária,12/08/18,None,None
3256270,299000.0,,-19.9302225,-43.970259000000006,3,3,1,,65.0,250.0,oeste,Prado,12/08/18,None,None
7535,300000.0,,-19.9013271,-43.92929329999998,3,2,1,,44.2,250.0,nordeste,Jardim Vitória,12/08/18,None,None
12161,300000.0,,-19.9208175,-43.936361,2,2,0,,0.0,350.0,centro-sul,Centro,12/08/18,None,None
24559,300000.0,,-19.8889421,-43.99528770000001,3,1,0,,81.0,200.0,pampulha,Castelo,12/08/18,None,None
37286,300000.0,,-19.9252556,-43.9405931,3,2,0,,104.55,390.0,centro-sul,Centro,12/08/18,None,None
43659,300000.0,,-19.945748000000002,-43.94609300000002,3,1,0,,94.15,0.0,centro-sul,Santo Antônio,12/08/18,None,None
138501,300000.0,,-19.9265423,-43.94073930000002,2,1,1,,98.2,697.35,centro-sul,Santo Agostinho,12/08/18,None,None
159476,300000.0,,-19.8814432,-43.92407679999997,3,3,1,,143.11,220.0,nordeste,União,12/08/18,None,None
172753,300000.0,,-19.927695999999997,-43.91745000000003,3,2,0,,81.05,0.0,centro-sul,Santa Efigênia,12/08/18,None,None
336257,300000.0,,-19.917977,-43.97340370000001,2,1,0,,98.0,250.0,noroeste,Padre Eustáquio,12/08/18,None,None
340787,300000.0,,-19.8947339,-43.99693909999996,2,1,1,,0.0,430.0,pampulha,Manacás,12/08/18,None,None
349833,300000.0,,-19.940580999999998,-43.91983900000002,3,1,0,,102.0,250.0,centro-sul,Serra,12/08/18,None,None
351113,300000.0,,-19.893352,-43.9981287,3,2,1,,78.0,0.0,pampulha,Manacás,12/08/18,None,None
356858,300000.0,,-19.942536999999998,-43.96845289999999,3,1,1,,91.26,250.0,oeste,Nova Granada,12/08/18,None,None
362878,300000.0,,-19.905722,-43.93222530000003,2,2,0,,62.0,240.0,leste,Floresta,12/08/18,None,None
373923,300000.0,,-19.8877465,-44.00225420000004,2,1,1,,50.0,200.0,pampulha,Castelo,12/08/18,None,None
1691472,300000.0,,-19.8755346,-43.9906335,2,1,1,,72.0,0.0,pampulha,Ouro Preto,12/08/18,None,None
1831633,300000.0,,-19.954600699999997,-43.98208490000002,4,1,0,,0.0,350.0,oeste,Marajó,12/08/18,None,None
2447703,300000.0,,-19.9006913,-43.9183693,2,2,1,,113.39,120.0,leste,Sagrada Família,12/08/18,None,None
3238157,300000.0,,-19.9311043,-43.93229629999996,0,0,0,,128.75,0.0,centro-sul,Funcionários,12/08/18,None,None
3241807,300000.0,,-19.8208802,-43.959449800000016,3,2,0,,96.07,250.0,venda-nova,São João Batista,12/08/18,None,None
3246701,300000.0,,-19.887711,-44.00219400000003,2,2,1,,0.0,200.0,pampulha,Castelo,12/08/18,None,None
3253173,300000.0,,-19.882962,-43.93250290000003,3,2,0,,86.1,0.0,nordeste,Ipiranga,12/08/18,None,None
3254480,300000.0,,-19.8743497,-43.9193669,2,2,1,,0.0,300.0,nordeste,Fernão Dias,12/08/18,None,None
18825,305000.0,,-19.892063,-43.90911199999999,2,1,1,,63.0,0.0,leste,Santa Inês,12/08/18,None,None
342517,305000.0,,-19.874580899999998,-43.91481269999997,2,2,1,,1.0,1.0,nordeste,Fernão Dias,12/08/18,None,None
342518,305000.0,,-19.874580899999998,-43.91481269999997,2,2,1,,1.0,1.0,nordeste,Fernão Dias,12/08/18,None,None
342519,305000.0,,-19.874580899999998,-43.91481269999997,2,2,1,,1.0,1.0,nordeste,Fernão Dias,12/08/18,None,None
352484,305000.0,,-19.938647699999997,-43.96192600000001,3,2,1,,93.45,200.0,oeste,Gutierrez,12/08/18,None,None
138802,310000.0,,-19.827754000000002,-43.93857020000002,2,1,1,,89.96,250.0,norte,Jardim Guanabara,12/08/18,None,None
167091,310000.0,,-19.8743052,-43.9384513,3,2,1,,0.0,258.0,nordeste,Palmares,12/08/18,None,None
342514,310000.0,,-19.874580899999998,-43.91481269999997,2,2,1,,1.0,1.0,nordeste,Fernão Dias,12/08/18,None,None
342516,310000.0,,-19.874580899999998,-43.91481269999997,2,2,1,,1.0,1.0,nordeste,Fernão Dias,12/08/18,None,None
342531,310000.0,,-19.874580899999998,-43.91481269999997,2,2,1,,1.0,1.0,nordeste,Fernão Dias,12/08/18,None,None
3256844,310000.0,,-19.9590798,-43.96835950000002,2,2,1,,92.31,263.0,oeste,Estoril,12/08/18,None,None
52768,315000.0,,-19.8904948,-43.90351279999999,2,2,1,,103.0,250.0,leste,Santa Inês,12/08/18,None,None
1691245,315000.0,,-19.8157561,-43.95452539999997,3,1,1,,977.83,0.0,venda-nova,Venda Nova,12/08/18,None,None
39187,316936.38,,-19.954740899999997,-43.97618060000002,3,2,1,,0.0,150.0,oeste,Havaí,12/08/18,None,None
355532,319000.0,,-19.872137600000002,-43.92034160000003,3,2,1,,107.25,420.0,nordeste,Fernão Dias,12/08/18,None,None
3212159,319000.0,,-19.8120582,-43.9711618,2,1,0,,563.44,0.0,venda-nova,Candelária,12/08/18,None,None
5949,320000.0,,-19.8817376,-43.928415700000016,2,1,0,,77.65,220.0,nordeste,União,12/08/18,None,None
32019,320000.0,,-19.923298100000004,-43.94678620000002,3,2,0,,40.0,230.0,centro-sul,Santo Agostinho,12/08/18,None,None
48349,320000.0,,-19.8951025,-43.93575540000001,3,1,1,,95.0,300.0,nordeste,Renascença,12/08/18,None,None
53327,320000.0,,-19.921237899999998,-43.94257249999998,3,2,0,,0.0,240.0,oeste,Prado,12/08/18,None,None
62543,320000.0,,-19.834635600000002,-43.954971399999984,3,2,1,,0.0,300.0,norte,Planalto,12/08/18,None,None
145905,320000.0,,-19.914972199999998,-43.947519400000026,3,2,1,,252.0,303.0,noroeste,Carlos Prates,12/08/18,None,None
147670,320000.0,,-19.8747547,-43.937615100000016,2,2,1,,0.0,160.0,nordeste,Palmares,12/08/18,None,None
164775,320000.0,,-19.920541,-43.94294690000004,3,1,1,,81.0,480.0,centro-sul,Centro,12/08/18,None,None
344467,320000.0,,-19.858972,-43.944028,3,2,1,,73.14,150.0,pampulha,Dona Clara,12/08/18,None,None
352400,320000.0,,-19.943741,-43.94599399999999,3,1,0,,95.75,250.0,centro-sul,Santo Antônio,12/08/18,None,None
494257,320000.0,,-19.8291411,-43.97558839999999,3,1,1,,0.01,0.0,pampulha,Santa Mônica,12/08/18,None,None
1034118,320000.0,,-19.8946664,-43.99734910000001,2,1,1,,95.0,200.0,pampulha,Manacás,12/08/18,None,None
1686514,320000.0,,-19.9051758,-43.973533499999974,2,2,0,,65.0,100.0,noroeste,Caiçaras,12/08/18,None,None
1835224,320000.0,,-19.924866,-43.91040499999997,3,1,0,,0.0,0.0,leste,São Lucas,12/08/18,None,None
1906838,320000.0,,-19.912016,-43.979566500000026,3,3,1,,85.0,280.0,noroeste,Padre Eustáquio,12/08/18,None,None
3239754,320000.0,,-19.813922100000003,-43.9587085,3,1,1,,97.0,0.0,venda-nova,Venda Nova,12/08/18,None,None
3250201,320000.0,,-19.905827300000002,-43.93198970000003,2,1,1,,0.0,275.0,leste,Sagrada Família,12/08/18,None,None
3255065,320000.0,,-19.9181587,-43.92259409999997,2,2,1,,57.0,320.0,leste,Santa Tereza,12/08/18,None,None
3256703,320000.0,,-19.831653,-43.99344280000002,3,1,1,,97.0,0.0,venda-nova,Parque Leblon,12/08/18,None,None
44588,321000.0,,-19.870098499999997,-44.005883400000016,2,2,1,,0.0,280000.0,pampulha,Itatiaia,12/08/18,None,None
1454051,323000.0,,-19.9006257,-43.98036969999998,2,2,0,,74.0,258.0,noroeste,Caiçaras,12/08/18,None,None
342121,325000.0,,-19.9348787,-43.970855700000016,3,1,0,,85.26,220.0,oeste,Barroca,12/08/18,None,None
356346,325000.0,,-19.9248146,-43.913273900000036,3,2,0,,80.0,365.0,centro-sul,Santa Efigênia,12/08/18,None,None
357988,325000.0,,-19.9200443,-43.939040500000026,2,2,0,,93.17,600.0,centro-sul,Centro,12/08/18,None,None
2887011,325000.0,,-19.882637300000003,-44.007372100000005,3,2,0,,127.0,0.0,pampulha,Serrano,12/08/18,None,None
39191,328245.05,,-19.954740899999997,-43.97618060000002,3,2,1,,0.0,150.0,oeste,Havaí,12/08/18,None,None
37915,330000.0,,-19.8810079,-43.98205759999996,2,2,1,,120.0,250.0,pampulha,Ouro Preto,12/08/18,None,None
37916,330000.0,,-19.8812176,-43.98204129999999,2,2,1,,120.0,250.0,pampulha,Ouro Preto,12/08/18,None,None
42535,330000.0,,-19.9399405,-43.93584440000001,1,1,0,,0.0,1245.0,centro-sul,Savassi,12/08/18,None,None
43007,330000.0,,-19.8723222,-43.92075499999999,3,1,1,,89.34,250.0,nordeste,Fernão Dias,12/08/18,None,None
49417,330000.0,,-19.9079951,-43.92439539999998,3,1,0,,83.63,220.0,leste,Sagrada Família,12/08/18,None,None
50590,330000.0,,-19.9230086,-43.91247010000001,3,2,0,,100.0,340.0,centro-sul,Santa Efigênia,12/08/18,None,None
59658,330000.0,,-19.843548100000003,-43.97223280000003,3,2,1,,99.31,220.0,pampulha,Santa Branca,12/08/18,None,None
63451,330000.0,,-19.8856237,-43.9014109,2,1,0,,0.0,150.0,leste,Nova Vista,12/08/18,None,None
133501,330000.0,,-19.9248555,-43.91309879999999,3,1,0,,85.0,380.0,centro-sul,Santa Efigênia,12/08/18,None,None
159180,330000.0,,-19.919722600000004,-43.96789539999998,3,1,0,,0.0,285.0,oeste,Prado,12/08/18,None,None
164366,330000.0,,-19.9290897,-43.90735159999997,3,1,1,,124.3,296.0,leste,São Lucas,12/08/18,None,None
174026,330000.0,,-19.901395800000003,-43.97809699999999,2,1,0,,72.0,230.0,noroeste,Caiçaras,12/08/18,None,None
221762,330000.0,,-19.8262564,-43.952886000000035,3,2,1,,83.78,430.0,norte,Planalto,12/08/18,None,None
308956,330000.0,,-19.8873879,-43.995613899999974,2,2,1,,0.0,230.0,pampulha,Castelo,12/08/18,None,None
331110,330000.0,,-19.937245899999997,-43.97740060000001,3,2,0,,79.0,0.0,oeste,Nova Suíssa,12/08/18,None,None
346184,330000.0,,-19.8300345,-43.94327279999999,3,2,1,,100.0,200.0,norte,Planalto,12/08/18,None,None
420429,330000.0,,-19.888278399999997,-44.00073329999998,3,1,1,,60.0,350.0,pampulha,Manacás,12/08/18,None,None
1671999,330000.0,,-19.943445999999998,-43.96940100000001,3,3,1,,42.41,450.0,oeste,Nova Granada,12/08/18,None,None
1672328,330000.0,,-19.882053600000003,-43.99840010000002,2,1,1,,0.0,270.0,pampulha,Castelo,12/08/18,None,None
1690145,330000.0,,-19.929951100000004,-43.91660350000001,3,2,0,,85.99,300.0,centro-sul,Santa Efigênia,12/08/18,None,None
1781297,330000.0,,-19.9409621,-43.95900670000003,2,1,0,,166.32,700.0,oeste,Gutierrez,12/08/18,None,None
3215120,330000.0,,-19.9004841,-44.00682660000001,2,1,1,,0.0,250.0,noroeste,Primavera,12/08/18,None,None
3215121,330000.0,,-19.9004841,-44.00682660000001,2,1,1,,0.0,250.0,noroeste,Primavera,12/08/18,None,None
3215122,330000.0,,-19.9004841,-44.00682660000001,2,1,1,,0.0,250.0,noroeste,Primavera,12/08/18,None,None
3249689,330000.0,,-19.9713389,-43.9706832,2,2,1,,114.0,250.0,oeste,Buritis,12/08/18,None,None
3252307,330000.0,,-19.941465899999997,-43.964246,3,1,1,,107.0,350.0,oeste,Gutierrez,12/08/18,None,None
3253750,330000.0,,-19.929302025347464,-43.915552100524906,2,1,0,,0.0,442.0,leste,São Lucas,12/08/18,None,None
3255191,330000.0,,-19.8952384,-43.90773380000002,3,2,1,,0.0,200.0,leste,Boa Vista,12/08/18,None,None
3257591,330000.0,,-19.913610600000002,-43.97751260000001,3,2,1,,114.54,0.0,noroeste,Padre Eustáquio,12/08/18,None,None
3234728,335000.0,,-19.939059699999998,-43.967194800000016,2,2,1,,135.0,450.0,oeste,Nova Granada,12/08/18,None,None
3250341,335000.0,,-19.892723800000002,-43.92443020000002,3,2,1,,0.0,300.0,leste,Cidade Nova,12/08/18,None,None
3255141,335000.0,,-19.9098462,-43.98068620000004,3,2,1,,80.0,350.0,noroeste,Padre Eustáquio,12/08/18,None,None
356315,338000.0,,-19.927915600000002,-43.96642700000001,3,2,1,,0.0,250.0,oeste,Prado,12/08/18,None,None
164447,339000.0,,-19.9812693,-43.97835069999997,3,2,1,,0.0,390.0,oeste,Buritis,12/08/18,None,None
19129,340000.0,,-19.9377814,-43.917164299999975,3,1,1,,82.0,250.0,centro-sul,Serra,12/08/18,None,None
40850,340000.0,,-19.9062132,-43.93709769999998,2,1,0,,78.0,350.0,leste,Colégio Batista,12/08/18,None,None
52774,340000.0,,-19.8876728,-43.90282049999996,2,2,1,,108.0,250.0,leste,Santa Inês,12/08/18,None,None
153217,340000.0,,-19.8864521,-43.92241519999999,2,3,1,,115.0,200.0,leste,Cidade Nova,12/08/18,None,None
160917,340000.0,,-19.9473327,-43.94577179999999,3,2,1,,129.72,251.0,centro-sul,Santo Antônio,12/08/18,None,None
347390,340000.0,,-19.9012376,-43.92534710000001,3,2,1,,130.84,300.0,leste,Sagrada Família,12/08/18,None,None
349315,340000.0,,-19.833293100000002,-43.94535159999998,3,1,0,,1405.77,260.0,norte,Planalto,12/08/18,None,None
353232,340000.0,,-19.8800009,-43.99188140000001,3,1,1,,0.0,350.0,pampulha,Paquetá,12/08/18,None,None
356421,340000.0,,-19.929465899999997,-43.967317699999974,3,1,0,,68.0,150.0,oeste,Prado,12/08/18,None,None
357547,340000.0,,-19.8912834,-43.92509310000002,3,2,1,,130.72,0.0,leste,Cidade Nova,12/08/18,None,None
358498,340000.0,,-19.935903,-43.96728020000001,3,2,0,,0.0,280.0,oeste,Alto Barroca,12/08/18,None,None
452971,340000.0,,-19.8881495,-43.99476620000002,3,1,1,,60.0,350.0,pampulha,Castelo,12/08/18,None,None
1676381,340000.0,,-19.941581399999997,-43.97530319999999,3,2,1,,85.3,300.0,oeste,Jardim América,12/08/18,None,None
3256975,340000.0,,-19.8772336,-44.00924529999998,3,1,1,,285.85,0.0,pampulha,Serrano,12/08/18,None,None
65109,345000.0,,-19.9016162,-43.9193689,3,3,1,,93.0,200.0,leste,Sagrada Família,12/08/18,None,None
140004,345000.0,,-19.974606899999998,-43.97068060000004,2,3,1,,106.0,418.0,oeste,Buritis,12/08/18,None,None
148795,345000.0,,-19.898323,-43.91818940000002,3,2,1,,0.0,400.0,leste,Sagrada Família,12/08/18,None,None
743783,347000.0,,-19.9293473,-43.917407499999975,3,2,1,,102.0,350.0,leste,São Lucas,12/08/18,None,None
1838631,349000.0,,-19.9178336,-43.98190399999999,3,2,1,,82.0,0.0,noroeste,Padre Eustáquio,12/08/18,None,None
3233523,349000.0,,-19.8783081,-43.92471269999999,2,1,0,,0.0,100.0,nordeste,União,12/08/18,None,None
9798,350000.0,,-19.8541108,-43.91422669999997,3,1,1,,0.0,130.0,nordeste,São Gabriel,12/08/18,None,None
13483,350000.0,,-19.830651899999996,-43.97120919999998,3,2,1,,50.0,0.0,pampulha,Santa Mônica,12/08/18,None,None
32849,350000.0,,-19.8906318,-43.9309738,4,2,1,,0.0,350.0,nordeste,Silveira,12/08/18,None,None
37918,350000.0,,-19.8810079,-43.98205759999996,2,2,1,,120.0,250.0,pampulha,Ouro Preto,12/08/18,None,None
38190,350000.0,,-19.9370017,-43.97510869999997,2,2,0,,77.01,450.0,oeste,Nova Suíssa,12/08/18,None,None
43342,350000.0,,-19.9661925,-43.97306100000003,3,1,0,,68.0,180.0,oeste,Palmeiras,12/08/18,None,None
52407,350000.0,,-19.8536574,-43.95699530000002,3,1,1,,0.0,350.0,pampulha,São Luiz (pampulha),12/08/18,None,None
61180,350000.0,,-19.9192906,-43.93707929999999,3,2,0,,85.0,280.0,centro-sul,Centro,12/08/18,None,None
134658,350000.0,,-19.896756399999997,-43.92302160000003,2,1,0,,98.02,200.0,leste,Sagrada Família,12/08/18,None,None
146925,350000.0,,-19.8579115,-43.93939469999998,3,2,1,,74.17,238.0,pampulha,Dona Clara,12/08/18,None,None
174523,350000.0,,-19.919264300000002,-43.929692199999984,2,1,0,,86.47,450.0,leste,Floresta,12/08/18,None,None
177870,350000.0,,-19.8983043,-43.93288480000001,2,2,1,,71.58,250.0,leste,Graça,12/08/18,None,None
297195,350000.0,,-19.9723842,-43.97174489999998,3,2,1,,80.72,360.0,oeste,Buritis,12/08/18,None,None
306944,350000.0,,-19.9210432,-43.94181179999998,3,2,1,,92.06,521.0,centro-sul,Centro,12/08/18,None,None
334733,350000.0,,-19.9325974,-43.93053199999997,1,1,1,,1.0,0.0,centro-sul,Serra,12/08/18,None,None
344186,350000.0,,-19.8758516,-43.93475180000002,3,1,1,,0.0,350.0,nordeste,Palmares,12/08/18,None,None
352645,350000.0,,-19.9283789,-43.91796269999998,3,3,3,,109.47,0.0,leste,São Lucas,12/08/18,None,None
354144,350000.0,,-19.8967855,-43.99676290000002,3,2,1,,101.25,250.0,pampulha,Manacás,12/08/18,None,None
354960,350000.0,,-19.896448100000004,-43.92475189999999,2,1,0,,70.95,0.0,leste,Sagrada Família,12/08/18,None,None
359512,350000.0,,-19.9389197,-43.9418167,1,0,1,,0.0,1500.0,centro-sul,Cidade Jardim,12/08/18,None,None
359818,350000.0,,-19.878652,-44.00083100000001,3,2,1,,0.0,250.0,pampulha,Castelo,12/08/18,None,None
365835,350000.0,,-19.941198999999997,-43.9816214,3,2,1,,0.0,0.0,oeste,Salgado Filho,12/08/18,None,None
371932,350000.0,,-19.890034600000003,-43.99620600000003,2,1,0,,100.62,205.0,pampulha,Castelo,12/08/18,None,None
503016,350000.0,,-19.839761199999998,-43.94832180000003,0,1,0,,0.0,50.0,norte,Planalto,12/08/18,None,None
733011,350000.0,,-19.9249428,-43.90606709999997,3,2,0,,85.94,230.0,centro-sul,Santa Efigênia,12/08/18,None,None
1619997,350000.0,,-19.882739673670056,-44.001747496850605,2,1,1,,0.0,220.0,pampulha,Castelo,12/08/18,None,None
3241394,350000.0,,-19.9063772,-43.97072259999999,3,1,1,,1031.0,250.0,noroeste,Caiçaras,12/08/18,None,None
3252725,350000.0,,-19.9009008,-43.92357600000002,3,2,1,,113.0,200.0,leste,Sagrada Família,12/08/18,None,None
348247,352000.0,,-19.8770045,-44.00276220000001,2,1,1,,0.0,0.0,pampulha,Castelo,12/08/18,None,None
348248,352000.0,,-19.8770045,-44.00276220000001,2,1,1,,0.0,0.0,pampulha,Castelo,12/08/18,None,None
147902,355000.0,,-19.916576100000004,-43.93467989999999,3,1,0,,112.46,385.0,centro-sul,Centro,12/08/18,None,None
135025,359000.0,,-19.8741095,-43.91645700000004,3,2,1,,95.0,0.0,nordeste,Fernão Dias,12/08/18,None,None
1381645,359000.0,,-19.8823218,-43.99900650000001,3,2,1,,0.0,300.0,pampulha,Castelo,12/08/18,None,None
38204,360000.0,,-19.8810079,-43.98205759999996,2,2,1,,120.0,250.0,pampulha,Ouro Preto,12/08/18,None,None
38207,360000.0,,-19.8810079,-43.98205759999996,2,2,1,,120.0,250.0,pampulha,Ouro Preto,12/08/18,None,None
56091,360000.0,,-19.9492235,-43.9287794,2,2,1,,100.0,350.0,centro-sul,Anchieta,12/08/18,None,None
58709,360000.0,,-19.959313100000003,-43.94607589999998,3,2,1,,0.0,300.0,centro-sul,Santa Lúcia,12/08/18,None,None
143987,360000.0,,-19.9178816,-43.958394199999994,3,1,1,,0.0,250.0,noroeste,Carlos Prates,12/08/18,None,None
193524,360000.0,,-19.88606,-44.004071399999994,3,1,1,,115.0,300.0,pampulha,Manacás,12/08/18,None,None
342712,360000.0,,-19.874580899999998,-43.91481269999997,2,2,1,,1.0,1.0,nordeste,Fernão Dias,12/08/18,None,None
342714,360000.0,,-19.874580899999998,-43.91481269999997,2,2,1,,1.0,1.0,nordeste,Fernão Dias,12/08/18,None,None
342715,360000.0,,-19.874580899999998,-43.91481269999997,2,2,1,,1.0,1.0,nordeste,Fernão Dias,12/08/18,None,None
342718,360000.0,,-19.874580899999998,-43.91481269999997,2,2,1,,1.0,1.0,nordeste,Fernão Dias,12/08/18,None,None
342720,360000.0,,-19.874580899999998,-43.91481269999997,2,2,1,,1.0,1.0,nordeste,Fernão Dias,12/08/18,None,None
364602,360000.0,,-19.8872801,-43.92319470000001,3,2,1,,150.34,180.0,leste,Cidade Nova,12/08/18,None,None
1076049,360000.0,,-19.874496,-43.98921769999998,3,1,1,,0.0,350.0,pampulha,Pampulha,12/08/18,None,None
3212067,360000.0,,-19.932002999999998,-43.98083800000001,4,2,0,,0.0,0.0,oeste,Nova Suíssa,12/08/18,None,None
3257285,360000.0,,-19.888747,-43.99606499999999,3,2,1,,108.0,0.0,pampulha,Castelo,12/08/18,None,None
52893,365000.0,,-19.872792899999997,-43.92701890000001,2,1,1,,78.0,598.0,nordeste,Silveira,12/08/18,None,None
140659,365000.0,,-19.8918257,-43.994983100000006,3,1,1,,0.01,0.0,pampulha,Castelo,12/08/18,None,None
152295,365000.0,,-19.923564300000002,-43.91482129999997,3,1,1,,0.0,170.0,centro-sul,Santa Efigênia,12/08/18,None,None
349363,365000.0,,-19.8891551,-43.94775679999998,3,2,1,,189.13,0.0,nordeste,Cachoeirinha,12/08/18,None,None
366669,365000.0,,-19.935578,-43.956991000000016,3,2,1,,90.0,200.0,oeste,Gutierrez,12/08/18,None,None
1603942,365000.0,,-19.914054800000002,-43.91839870000001,2,2,1,,106.62,300.0,leste,Santa Tereza,12/08/18,None,None
1834133,365000.0,,-19.939059699999998,-43.967194800000016,2,2,1,,133.9,450.0,oeste,Nova Granada,12/08/18,None,None
3253157,365000.0,,-19.897479999999998,-43.923021999999996,3,2,1,,117.0,424.24,leste,Sagrada Família,12/08/18,None,None
3257065,365000.0,,-19.9504483,-43.93895780000002,2,2,1,,0.0,575.0,centro-sul,São Pedro,12/08/18,None,None
55089,365648.0,,-19.9059674,-43.89851970000001,2,1,1,,0.0,300.0,leste,Pompéia,12/08/18,None,None
466836,369000.0,,-19.8891458,-43.99901009999997,3,2,1,,101.73,280.0,pampulha,Castelo,12/08/18,None,None
6290,370000.0,,-19.905685199999997,-43.92075290000002,3,2,1,,761.79,180.0,leste,Sagrada Família,12/08/18,None,None
25311,370000.0,,-19.9352607,-43.92151539999998,3,1,0,,80.0,350.0,centro-sul,Serra,12/08/18,None,None
37360,370000.0,,-19.9154473,-43.94426099999998,3,1,0,,99.0,500.0,centro-sul,Centro,12/08/18,None,None
37912,370000.0,,-19.8912905,-43.97785379999999,2,2,1,,120.0,250.0,pampulha,Ouro Preto,12/08/18,None,None
140648,370000.0,,-19.8918257,-43.994983100000006,3,1,1,,0.01,0.0,pampulha,Castelo,12/08/18,None,None
153184,370000.0,,-19.943722,-43.94129480000004,3,3,1,,1190.0,350.0,centro-sul,Santo Antônio,12/08/18,None,None
298453,370000.0,,-19.8853455,-43.910793300000016,3,1,1,,0.0,360.0,leste,Santa Inês,12/08/18,None,None
346077,370000.0,,-19.956593100000003,-43.98586090000003,2,1,0,,0.0,0.0,oeste,Betânia,12/08/18,None,None
356256,370000.0,,-19.891845800000002,-43.92559270000004,3,3,1,,120.0,250.0,leste,Cidade Nova,12/08/18,None,None
366259,370000.0,,-19.948332399999998,-43.94231669999999,3,2,1,,156.74,660.0,centro-sul,Santo Antônio,12/08/18,None,None
1621133,370000.0,,-19.9050542,-43.93277139999998,3,1,1,,86.0,345.0,leste,Floresta,12/08/18,None,None
1800778,370000.0,,-19.878465600000002,-44.00883920000001,3,1,1,,0.0,130.0,pampulha,Serrano,12/08/18,None,None
1859544,370000.0,,-19.888807999999997,-43.99457699999999,3,1,1,,0.0,300.0,pampulha,Castelo,12/08/18,None,None
3242143,370000.0,,-19.977901899999996,-43.9677638,3,3,1,,209.0,297.0,oeste,Buritis,12/08/18,None,None
3242150,370000.0,,-19.8279842,-43.93852600000002,3,2,1,,108.88,0.0,norte,Jardim Guanabara,12/08/18,None,None
3256427,370000.0,,-19.8320751,-43.987981100000006,2,2,1,,90.46,0.0,venda-nova,Parque Leblon,12/08/18,None,None
3257626,370000.0,,-19.9445375,-43.93365640000002,2,1,0,,90.0,550.0,centro-sul,Sion,12/08/18,None,None
1854010,373000.0,,-19.9137629,-43.97941370000001,3,2,1,,110.0,0.0,noroeste,Padre Eustáquio,12/08/18,None,None
1854014,373000.0,,-19.9137025,-43.97909349999998,3,2,1,,110.0,0.0,noroeste,Padre Eustáquio,12/08/18,None,None
3234539,373000.0,,-19.915495,-43.97550100000001,3,1,0,,92.81,160.0,noroeste,Padre Eustáquio,12/08/18,None,None
351881,375000.0,,-19.914583399999998,-43.98975710000002,2,2,1,,0.0,0.0,noroeste,Padre Eustáquio,12/08/18,None,None
3235304,375000.0,,-19.925919399999998,-43.978018599999984,3,2,1,,117.8,430.0,oeste,Nova Suíssa,12/08/18,None,None
340202,379000.0,,-19.897567000000002,-43.997188,3,2,1,,0.01,0.0,pampulha,Manacás,12/08/18,None,None
1468836,379000.0,,-19.980981,-44.01341690000004,2,2,0,,137.99,0.0,barreiro,Barreiro de Baixo,12/08/18,None,None
3239904,379000.0,,-19.876052800000004,-43.9207892,3,1,1,,119.0,350.0,nordeste,São Paulo,12/08/18,None,None
37914,380000.0,,-19.8810079,-43.98205759999996,2,2,1,,120.0,200.0,pampulha,Ouro Preto,12/08/18,None,None
48731,380000.0,,-19.9413987,-43.9569004,3,1,0,,0.0,550.0,oeste,Gutierrez,12/08/18,None,None
54902,380000.0,,-19.942874,-43.947823200000016,1,1,1,,43.13,496.0,centro-sul,Santo Antônio,12/08/18,None,None
145868,380000.0,,-19.946533,-43.94611499999996,2,1,0,,100.0,595.0,centro-sul,Santo Antônio,12/08/18,None,None
336268,380000.0,,-19.9475048,-43.943236100000036,3,3,1,,124.0,350.0,centro-sul,Santo Antônio,12/08/18,None,None
349027,380000.0,,-19.92622,-44.003633000000036,3,2,1,,108.53,285.0,noroeste,João Pinheiro,12/08/18,None,None
358577,380000.0,,-19.863393,-43.885919,3,1,0,,192.63,0.0,nordeste,Vitória,12/08/18,None,None
362872,380000.0,,-19.929321551035198,-43.96667437724603,3,1,1,,0.0,300.0,oeste,Prado,12/08/18,None,None
1632689,380000.0,,-19.9339872,-43.9301701,1,1,0,,197.13,480.0,centro-sul,Savassi,12/08/18,None,None
3236202,380000.0,,-19.8840268,-43.90953990000003,3,2,1,,85.1,320.0,leste,Santa Inês,12/08/18,None,None
3236302,380000.0,,-19.902841100000003,-43.98079760000002,3,2,1,,0.0,250.0,noroeste,Caiçaras,12/08/18,None,None
3240774,380000.0,,-19.948029199999997,-43.94158070000003,3,2,0,,0.0,400.0,centro-sul,Santo Antônio,12/08/18,None,None
3247050,380000.0,,-19.8908476,-43.902156900000016,3,1,1,,137.94,0.0,leste,Nova Vista,12/08/18,None,None
3248894,380000.0,,-19.9203232,-43.91102539999997,3,2,1,,113.86,360.0,centro-sul,Santa Efigênia,12/08/18,None,None
366960,385000.0,,-19.900508,-43.933563899999974,2,3,1,,0.0,350.0,nordeste,Nova Floresta,12/08/18,None,None
1672426,385000.0,,-19.8969726,-43.92096549999997,3,2,1,,139.27,300.0,leste,Sagrada Família,12/08/18,None,None
3254303,385000.0,,-19.8882678,-43.89630750000003,3,2,1,,50.0,250.0,leste,Nova Vista,12/08/18,None,None
342782,387000.0,,-19.951062,-43.98002439999999,2,3,1,,0.0,110.0,oeste,Salgado Filho,12/08/18,None,None
165253,389000.0,,-19.934113,-43.95636500000001,2,2,0,,110.0,100.0,oeste,Gutierrez,12/08/18,None,None
340205,389000.0,,-19.897495499999998,-43.99724220000002,3,2,1,,0.01,0.0,pampulha,Manacás,12/08/18,None,None
340206,389000.0,,-19.897495499999998,-43.99724220000002,3,2,1,,0.01,0.0,pampulha,Manacás,12/08/18,None,None
340207,389000.0,,-19.897495499999998,-43.99724220000002,3,2,1,,0.01,0.0,pampulha,Manacás,12/08/18,None,None
340213,389000.0,,-19.897495499999998,-43.99724220000002,3,2,1,,0.01,0.0,pampulha,Manacás,12/08/18,None,None
56241,390000.0,,-19.943973,-43.93978400000003,3,2,1,,90.0,450.0,centro-sul,Santo Antônio,12/08/18,None,None
127926,390000.0,,-19.8262552,-43.95290469999998,3,2,1,,0.0,429.0,norte,Planalto,12/08/18,None,None
160181,390000.0,,-19.922578,-43.93941000000001,2,1,0,,110.0,550.0,centro-sul,Centro,12/08/18,None,None
161729,390000.0,,-19.8686457,-43.9174817,3,2,1,,140.07,0.0,nordeste,Fernão Dias,12/08/18,None,None
161834,390000.0,,-19.9151892,-43.91994969999996,3,2,0,,0.0,500.0,leste,Santa Tereza,12/08/18,None,None
347604,390000.0,,-19.952114,-43.92747969999999,3,2,0,,90.0,350.0,centro-sul,Anchieta,12/08/18,None,None
365300,390000.0,,-19.9554052,-43.93840520000003,3,2,1,,101.0,350.0,centro-sul,Sion,12/08/18,None,None
1298492,390000.0,,-19.924252,-43.9606536,2,2,0,,88.0,220.0,oeste,Prado,12/08/18,None,None
1624722,390000.0,,-19.8752674,-43.9840888,2,2,0,,102.11,250.0,pampulha,Ouro Preto,12/08/18,None,None
3215088,390000.0,,-19.882437,-43.92722830000002,3,1,1,,99.14,0.0,nordeste,União,12/08/18,None,None
3215124,390000.0,,-19.9004841,-44.00682660000001,2,1,1,,0.0,250.0,noroeste,Primavera,12/08/18,None,None
3253256,390000.0,,-19.975494100000002,-43.963950700000005,2,3,1,,164.14,350.0,oeste,Buritis,12/08/18,None,None
3256579,390000.0,,-19.908010100000002,-43.932144100000016,3,1,0,,900.0,0.0,nordeste,Concórdia,12/08/18,None,None
3255130,392000.0,,-19.9203296,-43.938973100000005,2,2,0,,146.0,478.0,centro-sul,Centro,12/08/18,None,None
17132,395000.0,,-19.9861389,-44.0291196,3,1,1,,1037.29,0.0,barreiro,Diamante,12/08/18,None,None
252310,395000.0,,-19.9681012,-43.96665289999999,2,2,1,,133.0,600.0,oeste,Buritis,12/08/18,None,None
336617,395000.0,,-19.9752965,-43.97057039999999,4,2,1,,107.0,0.0,oeste,Buritis,12/08/18,None,None
337036,395000.0,,-19.871548899999997,-43.9313363,3,1,1,,0.0,350.0,nordeste,Palmares,12/08/18,None,None
355917,395000.0,,-19.923489899999996,-43.9160283,3,2,0,,109.65,460.0,centro-sul,Santa Efigênia,12/08/18,None,None
3242287,395000.0,,-19.8752002,-43.98288170000001,3,1,1,,107.97,0.0,pampulha,Ouro Preto,12/08/18,None,None
12266,398000.0,,-19.990895499999997,-44.042004299999974,3,1,1,,0.0,150.0,barreiro,Tirol,12/08/18,None,None
359656,398000.0,,-19.9503092,-43.9564512,3,2,1,,190.0,280.0,centro-sul,Luxemburgo,12/08/18,None,None
6478,399000.0,,-19.8978877,-43.9768646,3,1,1,,0.0,200.0,noroeste,Caiçaras,12/08/18,None,None
171509,399000.0,,-19.917573,-43.9264933,3,1,0,,126.07,350.0,centro-sul,Santa Efigênia,12/08/18,None,None
53648,400000.0,,-19.927465899999998,-43.989314199999974,3,2,0,,100.0,450.0,noroeste,Coração Eucarístico,12/08/18,None,None
127056,400000.0,,-19.9273447,-43.94781269999999,1,1,0,,110.0,541.0,centro-sul,Lourdes,12/08/18,None,None
139368,400000.0,,-19.945382199999997,-43.921153499999996,2,2,1,,130.0,300.0,centro-sul,Cruzeiro,12/08/18,None,None
152689,400000.0,,-19.8577806,-43.95476150000002,3,2,1,,0.0,250.0,pampulha,Jaraguá,12/08/18,None,None
174797,400000.0,,-19.832168799999998,-43.937902099999974,3,2,1,,113.09,0.0,norte,Heliópolis,12/08/18,None,None
336455,400000.0,,-19.857014000000003,-43.95971090000001,3,1,1,,80.0,350.0,pampulha,São José (pampulha),12/08/18,None,None
340730,400000.0,,-19.9734151,-43.96604869999999,3,2,1,,83.76,230.0,oeste,Buritis,12/08/18,None,None
357044,400000.0,,-19.9518525,-43.931555900000035,3,2,0,,60.0,200.0,centro-sul,Sion,12/08/18,None,None
362166,400000.0,,-19.9367261,-43.9318136,2,1,0,,147.01,200.0,centro-sul,Savassi,12/08/18,None,None
3243568,400000.0,,-19.981265,-44.02554800000002,3,1,0,,1922.12,0.0,barreiro,Barreiro,12/08/18,None,None
3244774,400000.0,,-19.935173100000004,-43.93497179999997,1,0,1,,0.0,620.0,centro-sul,Funcionários,12/08/18,None,None
3257915,400000.0,,-19.894545,-43.99702400000001,3,2,1,,124.0,381.0,pampulha,Manacás,12/08/18,None,None
1949754,403000.0,,-19.928973000000003,-43.96945900000003,3,3,1,,100.58,486.93,oeste,Prado,12/08/18,None,None
1660511,405000.0,,-19.8832487,-43.9161871,2,3,1,,176.39,380.0,nordeste,União,12/08/18,None,None
169506,410000.0,,-19.9375186,-43.95982509999999,3,2,0,,185.0,900.0,oeste,Gutierrez,12/08/18,None,None
346876,410000.0,,-19.940957,-43.982501000000006,3,2,1,,200.0,0.0,oeste,Salgado Filho,12/08/18,None,None
356417,410000.0,,-19.9331285,-43.9655234,3,2,1,,105.0,400.0,oeste,Barroca,12/08/18,None,None
3240576,410000.0,,-19.942507,-43.91539899999998,3,2,1,,188.0,430.0,centro-sul,Serra,12/08/18,None,None
3251702,410000.0,,-19.932520999999998,-43.95808099999999,1,1,0,,0.0,600.0,oeste,Gutierrez,12/08/18,None,None
136725,412500.0,,-19.9869706,-44.015462100000036,3,2,1,,0.0,325.0,barreiro,Santa Helena (barreiro),12/08/18,None,None
331639,415000.0,,-19.8621345,-43.95576169999998,3,2,1,,92.0,450.0,pampulha,Liberdade,12/08/18,None,None
3257781,415000.0,,-19.9338068,-43.98140409999996,3,2,1,,0.0,200.0,oeste,Nova Suíssa,12/08/18,None,None
136721,417500.0,,-19.9866548,-44.015197,3,2,1,,0.0,325.0,barreiro,Santa Helena (barreiro),12/08/18,None,None
136741,419500.0,,-19.9866548,-44.015197,3,2,1,,0.0,325.0,barreiro,Santa Helena (barreiro),12/08/18,None,None
7733,420000.0,,-19.889491800000002,-43.99683649999997,3,2,1,,0.0,350.0,pampulha,Castelo,12/08/18,None,None
10826,420000.0,,-19.925176399999998,-43.904083600000035,2,2,1,,0.0,270.0,leste,Paraíso,12/08/18,None,None
20769,420000.0,,-19.949040300000004,-43.94631219999997,3,2,1,,98.0,300.0,centro-sul,Santo Antônio,12/08/18,None,None
26651,420000.0,,-19.950518399999996,-43.94414340000003,2,2,1,,124.34,0.0,centro-sul,Santo Antônio,12/08/18,None,None
54929,420000.0,,-19.9461143,-43.92946540000002,2,1,0,,77.02,230.0,centro-sul,Carmo,12/08/18,None,None
136049,420000.0,,-19.9815227,-44.00156100000004,3,2,1,,0.0,80.0,barreiro,Milionários,12/08/18,None,None
246044,420000.0,,-19.8812572,-43.93918389999999,3,2,1,,164.48,0.0,nordeste,Palmares,12/08/18,None,None
252674,420000.0,,-19.9520241,-43.94813820000002,3,1,0,,126.16,400.0,centro-sul,Vila Paris,12/08/18,None,None
337129,420000.0,,-19.8729965,-43.92861900000002,3,1,0,,113.79,350.0,nordeste,Palmares,12/08/18,None,None
346875,420000.0,,-19.9432418,-43.980482,3,2,1,,200.0,0.0,oeste,Salgado Filho,12/08/18,None,None
355976,420000.0,,-19.929191,-43.91445290000002,3,3,1,,117.0,350.0,leste,São Lucas,12/08/18,None,None
361319,420000.0,,-19.8274496,-43.9649766,3,2,1,,74.0,175.0,venda-nova,São João Batista,12/08/18,None,None
840230,420000.0,,-19.9482776,-43.93727990000002,3,2,1,,128.76,400.0,centro-sul,São Pedro,12/08/18,None,None
1578493,420000.0,,-19.8989699,-43.92740549999996,3,1,1,,123.0,376.0,leste,Sagrada Família,12/08/18,None,None
1682940,420000.0,,-19.9360279,-43.93093640000001,1,1,0,,0.0,450.0,centro-sul,Savassi,12/08/18,None,None
3239787,420000.0,,-19.9436165,-43.97592610000004,3,4,1,,1438.0,0.0,oeste,Jardim América,12/08/18,None,None
136760,420700.0,,-19.9866548,-44.015197,3,2,1,,0.0,325.0,barreiro,Santa Helena (barreiro),12/08/18,None,None
136755,420750.0,,-19.9866548,-44.015197,3,2,1,,0.0,325.0,barreiro,Santa Helena (barreiro),12/08/18,None,None
163720,425000.0,,-19.8723345,-43.99295219999999,3,2,1,,110.0,200.0,pampulha,Paquetá,12/08/18,None,None
339632,425000.0,,-19.889132,-44.006384499999974,3,1,1,,0.0,300.0,pampulha,Castelo,12/08/18,None,None
1683117,425000.0,,-19.9360279,-43.93093640000001,1,1,0,,0.0,450.0,centro-sul,Savassi,12/08/18,None,None
3250731,425000.0,,-19.9107671,-43.9132687,2,1,0,,117.34,250.0,leste,Santa Tereza,12/08/18,None,None
136756,425700.0,,-19.9866548,-44.015197,3,2,1,,0.0,325.0,barreiro,Santa Helena (barreiro),12/08/18,None,None
139541,428000.0,,-19.9443323,-43.97449929999999,3,2,1,,119.88,0.0,oeste,Jardim América,12/08/18,None,None
136772,428800.0,,-19.9866548,-44.015197,3,2,1,,0.0,325.0,barreiro,Santa Helena (barreiro),12/08/18,None,None
6554,430000.0,,-19.957488100000003,-43.9401421,2,3,1,,0.0,590.0,centro-sul,Sion,12/08/18,None,None
38520,430000.0,,-19.9576487,-43.941259899999984,3,1,1,,120.0,0.0,centro-sul,Sion,12/08/18,None,None
144342,430000.0,,-19.915511399999996,-43.95972449999999,3,3,1,,0.0,278.0,noroeste,Carlos Prates,12/08/18,None,None
160371,430000.0,,-19.9422802,-43.94684380000001,2,2,0,,111.23,407.0,centro-sul,Santo Antônio,12/08/18,None,None
164980,430000.0,,-19.9115094,-43.977604499999984,3,2,1,,73.0,250.0,noroeste,Monsenhor Messias,12/08/18,None,None
167890,430000.0,,-19.940604999999998,-44.016493200000006,3,2,1,,0.0,250.0,noroeste,Camargos,12/08/18,None,None
193735,430000.0,,-19.881672000000002,-43.93652829999997,3,2,1,,113.77,0.0,noroeste,Senhor Bom Jesus,12/08/18,None,None
325622,430000.0,,-19.932091,-43.97571700000003,2,2,1,,0.0,437.0,oeste,Barroca,12/08/18,None,None
357398,430000.0,,-19.915142499999998,-43.9199011,3,2,1,,0.0,500.0,leste,Santa Tereza,12/08/18,None,None
358930,430000.0,,-19.8718339,-43.99306009999998,3,1,1,,1206.0,180.0,pampulha,Paquetá,12/08/18,None,None
495360,430000.0,,-19.8862542,-43.90371479999999,3,1,0,,0.0,170.0,leste,Santa Inês,12/08/18,None,None
1134391,430000.0,,-19.8851397,-43.99546299999997,3,1,1,,182.77,351.43,pampulha,Castelo,12/08/18,None,None
1613698,430000.0,,-19.9402648,-43.957820999999974,2,2,1,,179.6,385.0,oeste,Gutierrez,12/08/18,None,None
3252225,430000.0,,-19.9419673,-43.950429199999974,2,2,1,,0.0,790.0,centro-sul,Cidade Jardim,12/08/18,None,None
136775,430600.0,,-19.9866548,-44.015197,3,2,1,,0.0,325.0,barreiro,Santa Helena (barreiro),12/08/18,None,None
136780,430600.0,,-19.9866548,-44.015197,3,2,1,,0.0,325.0,barreiro,Santa Helena (barreiro),12/08/18,None,None
139539,431000.0,,-19.9443323,-43.97449929999999,3,2,1,,80.0,0.0,oeste,Jardim América,12/08/18,None,None
146771,432500.0,,-19.933362699999996,-43.98116189999996,3,2,1,,0.0,270.0,oeste,Nova Suíssa,12/08/18,None,None
136774,432800.0,,-19.9866548,-44.015197,3,2,1,,0.0,325.0,barreiro,Santa Helena (barreiro),12/08/18,None,None
136783,433800.0,,-19.9866548,-44.015197,3,2,1,,0.0,325.0,barreiro,Santa Helena (barreiro),12/08/18,None,None
39180,434402.35,,-19.9547291,-43.97652849999997,3,2,1,,0.0,150.0,oeste,Havaí,12/08/18,None,None
56790,435000.0,,-19.9089115,-43.96830669999997,3,2,1,,0.0,350.0,noroeste,Caiçaras,12/08/18,None,None
1831560,435000.0,,-19.92973435607307,-43.952350945507824,2,1,0,,128.8,300.0,centro-sul,Santo Agostinho,12/08/18,None,None
146755,435400.0,,-19.933362699999996,-43.98116189999996,3,2,1,,0.0,270.0,oeste,Nova Suíssa,12/08/18,None,None
146773,435400.0,,-19.933362699999996,-43.98116189999996,3,2,1,,0.0,270.0,oeste,Nova Suíssa,12/08/18,None,None
17774,440000.0,,-19.9499724,-43.95489750000002,4,2,1,,225.66,400.0,centro-sul,Luxemburgo,12/08/18,None,None
53303,440000.0,,-19.9205945,-43.95727390000002,4,2,0,,0.0,300.0,oeste,Prado,12/08/18,None,None
128175,440000.0,,-19.9449596,-43.9516233,3,2,1,,163.21,550.0,centro-sul,Luxemburgo,12/08/18,None,None
155314,440000.0,,-19.8757492,-43.91543279999996,2,2,1,,129.63,0.0,nordeste,Fernão Dias,12/08/18,None,None
173083,440000.0,,-19.9047919,-43.93008259999999,3,3,1,,163.0,240.0,leste,Sagrada Família,12/08/18,None,None
2694966,440000.0,,-19.929026399999998,-43.96630540000001,3,3,1,,115.0,130.0,centro-sul,Barro Preto,12/08/18,None,None
2737823,440000.0,,-19.9228459,-43.95171470000002,3,3,1,,115.0,130.0,centro-sul,Lourdes,12/08/18,None,None
3251869,440000.0,,-19.858255,-43.94524300000001,3,2,1,,0.0,400.0,pampulha,Dona Clara,12/08/18,None,None
348264,442000.0,,-19.8770128,-44.00277879999999,2,2,1,,0.0,0.0,pampulha,Castelo,12/08/18,None,None
363998,445000.0,,-19.948313,-43.95727060000002,3,2,1,,191.0,400.0,centro-sul,Luxemburgo,12/08/18,None,None
3227092,445000.0,,-19.937043,-43.977668,3,2,1,,0.0,0.0,oeste,Nova Suíssa,12/08/18,None,None
3227888,445000.0,,-19.937034,-43.97760319999998,3,2,1,,0.0,0.0,oeste,Nova Suíssa,12/08/18,None,None
3228053,445000.0,,-19.9370004,-43.9774716,3,2,1,,0.0,0.0,oeste,Nova Suíssa,12/08/18,None,None
1683293,447000.0,,-19.9360279,-43.93093640000001,1,1,0,,0.0,450.0,centro-sul,Savassi,12/08/18,None,None
1685243,448000.0,,-19.9360279,-43.93093640000001,1,1,0,,0.0,450.0,centro-sul,Savassi,12/08/18,None,None
1617237,449000.0,,-19.9916251,-44.00687640000001,3,2,1,,0.0,325.0,barreiro,Santa Helena (barreiro),12/08/18,None,None
6885,450000.0,,-19.833242499999997,-43.93896360000002,3,2,1,,77.27,220.0,norte,Floramar,12/08/18,None,None
37527,450000.0,,-19.824090100000003,-43.971140200000036,3,2,1,,0.01,0.0,pampulha,Santa Mônica,12/08/18,None,None
43265,450000.0,,-19.9418409,-43.97606050000002,3,2,1,,0.0,190.0,oeste,Jardim América,12/08/18,None,None
49601,450000.0,,-19.879418700000002,-43.99479059999999,3,2,1,,0.0,250.0,pampulha,Pampulha,12/08/18,None,None
59203,450000.0,,-19.9507524,-43.9482688,2,1,0,,142.27,0.0,centro-sul,Vila Paris,12/08/18,None,None
60703,450000.0,,-19.866714,-43.950292699999984,3,2,1,,71.3,0.0,pampulha,Jaraguá,12/08/18,None,None
139605,450000.0,,-19.9387147,-43.91625169999998,3,2,1,,0.0,750.0,centro-sul,Serra,12/08/18,None,None
159605,450000.0,,-19.9305261,-43.95575559999998,3,1,1,,181.67,250.0,centro-sul,Santo Agostinho,12/08/18,None,None
170747,450000.0,,-19.9058724,-43.96077430000002,3,2,1,,267.19,0.0,noroeste,Pedro II,12/08/18,None,None
179179,450000.0,,-19.945503600000002,-43.95293559999999,3,2,1,,150.0,300.0,centro-sul,Luxemburgo,12/08/18,None,None
342611,450000.0,,-19.9480844,-43.94464570000002,2,2,1,,109.71,350.0,centro-sul,Santo Antônio,12/08/18,None,None
348250,450000.0,,-19.892751899999997,-43.92608569999999,3,2,1,,114.55,350.0,leste,Cidade Nova,12/08/18,None,None
356406,450000.0,,-19.9290944,-43.970089400000006,3,2,1,,150.0,190.0,oeste,Prado,12/08/18,None,None
358631,450000.0,,-19.92213,-43.9586438,4,2,1,,0.0,365.0,oeste,Prado,12/08/18,None,None
359664,450000.0,,-19.9464857,-43.94847709999999,2,2,1,,121.33,450.0,centro-sul,Santo Antônio,12/08/18,None,None
473408,450000.0,,-19.9488612,-43.92998320000004,3,1,0,,145.0,200.0,centro-sul,Anchieta,12/08/18,None,None
1528805,450000.0,,-19.911335100000002,-43.91440560000001,3,2,1,,126.7,400.0,leste,Santa Tereza,12/08/18,None,None
1674509,450000.0,,-19.904138699999997,-43.92382759999998,4,2,0,,150.0,350.0,leste,Sagrada Família,12/08/18,None,None
3216408,450000.0,,-19.933147,-43.97589299999999,3,2,1,,0.0,0.0,oeste,Nova Suíssa,12/08/18,None,None
3234474,450000.0,,-19.9076158,-43.90655989999999,3,2,1,,117.61,400.0,leste,Esplanada,12/08/18,None,None
3239911,450000.0,,-19.972087,-43.96682570000002,3,2,1,,213.8,650.98,oeste,Buritis,12/08/18,None,None
3245850,450000.0,,-19.9315662,-43.96303399999999,3,2,1,,109.52,0.0,oeste,Gutierrez,12/08/18,None,None
3251700,450000.0,,-19.9447195,-43.9276855,3,2,1,,0.0,286.0,centro-sul,Cruzeiro,12/08/18,None,None
1683296,451000.0,,-19.9360279,-43.93093640000001,1,1,0,,0.0,450.0,centro-sul,Savassi,12/08/18,None,None
1685562,453000.0,,-19.9360279,-43.93093640000001,1,1,0,,0.0,450.0,centro-sul,Savassi,12/08/18,None,None
1683458,456000.0,,-19.9360279,-43.93093640000001,1,1,0,,0.0,450.0,centro-sul,Savassi,12/08/18,None,None
5754,460000.0,,-19.9025733,-43.925346200000035,3,2,1,,0.0,635.0,leste,Sagrada Família,12/08/18,None,None
32189,460000.0,,-19.9473967,-43.9453804,2,2,1,,106.52,0.0,centro-sul,Santo Antônio,12/08/18,None,None
147946,460000.0,,-19.933600100000003,-43.92925229999997,3,2,1,,119.0,530.0,centro-sul,Funcionários,12/08/18,None,None
172056,460000.0,,-19.9043861,-43.97449280000001,2,1,1,,137.0,280.0,noroeste,Caiçaras,12/08/18,None,None
208013,460000.0,,-19.8903486,-43.91971380000001,3,1,1,,89.0,300.0,nordeste,Silveira,12/08/18,None,None
341054,460000.0,,-19.883643399999997,-43.91930279999997,3,3,1,,147.93,400.0,nordeste,União,12/08/18,None,None
352318,460000.0,,-19.950446499999998,-43.95662449999998,3,2,1,,188.0,300.0,centro-sul,Luxemburgo,12/08/18,None,None
355608,460000.0,,-19.931211899999997,-43.96204160000002,3,2,1,,102.0,380.0,oeste,Gutierrez,12/08/18,None,None
356373,460000.0,,-19.9338539,-43.96482559999998,3,3,2,,64.17,250.0,oeste,Prado,12/08/18,None,None
1672892,460000.0,,-19.9392341,-43.963680700000005,3,3,1,,117.59,450.0,oeste,Grajaú,12/08/18,None,None
3248498,460000.0,,-19.907625,-43.9194966,3,1,1,,0.0,200.0,leste,Sagrada Família,12/08/18,None,None
3249020,460000.0,,-19.907625,-43.9194966,3,1,1,,0.0,200.0,leste,Horto,12/08/18,None,None
54914,463000.0,,-19.9071854,-43.90835379999999,3,2,1,,0.0,300.0,leste,Pompéia,12/08/18,None,None
1299680,465000.0,,-19.936397,-43.97667300000001,3,3,1,,148.0,0.0,oeste,Nova Suíssa,12/08/18,None,None
337270,467000.0,,-19.9032036,-43.92403739999998,3,2,1,,0.0,250.0,leste,Sagrada Família,12/08/18,None,None
59836,469000.0,,-19.879728399999998,-43.945371000000016,3,3,2,,145.0,0.0,nordeste,Parque São João Batista,12/08/18,None,None
6001,470000.0,,-19.884211800000003,-43.93578830000001,3,1,1,,111.0,290.0,nordeste,Ipiranga,12/08/18,None,None
11912,470000.0,,-19.902535500000003,-43.92238580000003,3,2,1,,90.0,0.0,leste,Sagrada Família,12/08/18,None,None
56060,470000.0,,-19.971427399999996,-43.97358510000004,3,2,1,,158.5,635.0,oeste,Buritis,12/08/18,None,None
356142,470000.0,,-19.9327857,-43.921784499999994,3,2,1,,95.0,350.0,leste,São Lucas,12/08/18,None,None
3236816,470000.0,,-19.945803,-43.92173100000002,3,1,0,,0.0,350.0,centro-sul,Cruzeiro,12/08/18,None,None
343090,471000.0,,-19.9473206,-43.97253790000002,3,2,1,,142.25,250.0,oeste,Jardim América,12/08/18,None,None
130571,475000.0,,-19.9499867,-43.9451613,3,2,1,,134.1,570.0,centro-sul,Santo Antônio,12/08/18,None,None
1696377,475000.0,,-19.869104,-43.91908699999999,3,2,1,,150.0,0.0,nordeste,Fernão Dias,12/08/18,None,None
1949270,475000.0,,-19.8709134,-43.91936609999999,3,2,1,,175.22,250.0,nordeste,Fernão Dias,12/08/18,None,None
137820,476000.0,,-19.951763,-43.9583513,2,2,1,,0.0,565.0,centro-sul,Luxemburgo,12/08/18,None,None
187729,476000.0,,-19.933673499999998,-43.97148110000001,3,3,1,,750.0,0.0,oeste,Barroca,12/08/18,None,None
46256,480000.0,,-19.9488646,-43.95646529999999,2,2,1,,0.0,420.0,centro-sul,Luxemburgo,12/08/18,None,None
50494,480000.0,,-19.9145532,-43.92068310000002,3,2,1,,0.0,280.0,leste,Santa Tereza,12/08/18,None,None
51428,480000.0,,-19.940793399999997,-43.95099349999998,3,2,1,,146.98,385.0,centro-sul,Cidade Jardim,12/08/18,None,None
59876,480000.0,,-19.917951600000002,-43.937252,3,2,1,,0.0,475.0,centro-sul,Centro,12/08/18,None,None
127519,480000.0,,-19.8915267,-43.9203551,3,2,1,,125.0,490.0,leste,Sagrada Família,12/08/18,None,None
142191,480000.0,,-19.820828,-43.972242,4,2,1,,0.0,300.0,pampulha,Santa Mônica,12/08/18,None,None
153596,480000.0,,-19.877484399999997,-44.00974710000003,3,1,1,,125.39,0.0,pampulha,Serrano,12/08/18,None,None
307698,480000.0,,-19.9474231,-43.94314980000002,3,2,1,,128.64,580.0,centro-sul,Santo Antônio,12/08/18,None,None
336385,480000.0,,-19.879970899999996,-43.98269879999998,3,2,1,,193.0,385.0,pampulha,Pampulha,12/08/18,None,None
344673,480000.0,,-19.9403471,-43.961578900000006,3,2,1,,154.95,500.0,oeste,Gutierrez,12/08/18,None,None
346663,480000.0,,-19.8848014,-43.936024100000004,3,2,1,,0.0,250.0,nordeste,Nova Floresta,12/08/18,None,None
367510,480000.0,,-19.8328573,-43.97904690000002,3,1,1,,118.9,180.0,pampulha,Santa Amélia,12/08/18,None,None
1687083,480000.0,,-19.884145,-43.90380649999997,3,2,0,,92.35,0.0,leste,Nova Vista,12/08/18,None,None
2453089,480000.0,,-19.9607686,-43.965259499999995,3,2,1,,160.71,350.0,oeste,Estoril,12/08/18,None,None
3236586,480000.0,,-19.8896429,-43.99748109999996,3,2,1,,0.0,250.0,pampulha,Castelo,12/08/18,None,None
3247080,480000.0,,-19.8908476,-43.902156900000016,3,1,1,,137.94,0.0,leste,Nova Vista,12/08/18,None,None
3257523,480000.0,,-19.937989,-43.95942969999999,3,2,0,,121.0,667.0,oeste,Gutierrez,12/08/18,None,None
126631,485000.0,,-19.8795426,-44.01010789999998,3,2,1,,137.26,0.0,pampulha,Serrano,12/08/18,None,None
7779,490000.0,,-19.927695,-43.916404,4,2,1,,0.0,330.0,centro-sul,Santa Efigênia,12/08/18,None,None
42146,490000.0,,-19.9430917,-43.9401879,2,3,2,,0.0,445.0,centro-sul,Santo Antônio,12/08/18,None,None
59585,490000.0,,-19.975185999999997,-43.96854999999999,3,2,1,,214.0,500.0,oeste,Buritis,12/08/18,None,None
60595,490000.0,,-19.9847409,-44.02778910000001,3,1,1,,0.0,200.0,barreiro,Diamante,12/08/18,None,None
147486,490000.0,,-19.8875563,-43.8904,3,2,1,,0.0,100.0,leste,Nova Vista,12/08/18,None,None
161877,490000.0,,-19.9453972,-43.92137120000001,3,1,0,,1393.7,0.0,centro-sul,Serra,12/08/18,None,None
332478,490000.0,,-19.929317899999997,-43.916404,4,3,1,,111.29,280.0,leste,São Lucas,12/08/18,None,None
334985,490000.0,,-19.9520626,-43.9349082,3,1,1,,176.76,400.0,centro-sul,Sion,12/08/18,None,None
345986,490000.0,,-19.919446,-43.9300859,2,1,0,,2079.0,803.0,leste,Floresta,12/08/18,None,None
346895,490000.0,,-19.9412473,-43.91453949999999,3,2,1,,138.78,0.0,centro-sul,Serra,12/08/18,None,None
349364,490000.0,,-19.8891551,-43.94775679999998,3,3,1,,232.9,0.0,nordeste,Cachoeirinha,12/08/18,None,None
391061,490000.0,,-19.9489616,-43.9253018,3,1,1,,210.0,1322.8,centro-sul,Cruzeiro,12/08/18,None,None
1850004,490000.0,,-19.9093129,-43.9220186,3,2,1,,198.61,300.0,leste,Sagrada Família,12/08/18,None,None
25079,490800.0,,-19.8806087,-44.00490400000001,2,2,1,,80.0,0.0,pampulha,Castelo,12/08/18,None,None
137317,495000.0,,-19.9425232,-43.977669900000016,3,2,1,,0.0,280.0,oeste,Jardim América,12/08/18,None,None
165498,495000.0,,-19.8969939,-43.93231979999996,3,2,1,,0.0,170.0,nordeste,Concórdia,12/08/18,None,None
186925,495000.0,,-19.934948300000002,-43.95962589999999,3,3,1,,137.0,250.0,oeste,Gutierrez,12/08/18,None,None
340930,495000.0,,-19.9191029,-43.97990879999998,3,2,0,,105.65,0.0,noroeste,Padre Eustáquio,12/08/18,None,None
365218,495000.0,,-19.890151,-43.994056,3,1,1,,177.0,0.0,pampulha,Castelo,12/08/18,None,None
365349,495000.0,,-19.9480577,-43.94438159999999,3,2,1,,162.71,350.0,centro-sul,Santo Antônio,12/08/18,None,None
1823304,495000.0,,-19.9267845,-43.97086189999999,3,3,1,,1550.0,0.0,oeste,Prado,12/08/18,None,None
1994492,495000.0,,-19.969246300000002,-43.96988740000001,4,2,1,,244.83,700.0,oeste,Buritis,12/08/18,None,None
144641,499000.0,,-19.932117899999998,-43.93272880000001,3,2,0,,163.0,240.0,centro-sul,Savassi,12/08/18,None,None
2494555,499000.0,,-19.920431,-43.96015399999999,3,2,1,,0.0,250.0,oeste,Prado,12/08/18,None,None
5736,500000.0,,-19.947381399999998,-43.95498759999998,3,2,1,,228.47,0.0,centro-sul,Luxemburgo,12/08/18,None,None
60872,500000.0,,-19.8953185,-43.94566639999999,2,2,1,,54.0,0.0,nordeste,Renascença,12/08/18,None,None
67202,500000.0,,-19.9318206,-43.95729940000001,3,1,0,,146.0,700.0,oeste,Gutierrez,12/08/18,None,None
179156,500000.0,,-19.9385903,-43.94524380000002,3,1,0,,146.47,260.0,centro-sul,Santo Antônio,12/08/18,None,None
333574,500000.0,,-19.9407496,-43.94973820000001,3,2,1,,90.0,400.0,centro-sul,Cidade Jardim,12/08/18,None,None
346421,500000.0,,-19.974307999999997,-43.977644,3,4,1,,0.0,400.0,oeste,Buritis,12/08/18,None,None
349197,500000.0,,-19.8780301,-43.94767060000004,3,1,1,,120.0,150.0,nordeste,Santa Cruz,12/08/18,None,None
350039,500000.0,,-19.9314289,-43.962496699999974,4,1,1,,110.0,500.0,oeste,Gutierrez,12/08/18,None,None
350998,500000.0,,-19.882316,-43.98261000000002,3,1,1,,195.83,0.0,pampulha,Ouro Preto,12/08/18,None,None
3251257,500000.0,,-19.949489,-43.926536,4,2,1,,65.0,0.0,centro-sul,Cruzeiro,12/08/18,None,None
44525,509000.0,,-19.918535300000002,-43.9232035,3,2,1,,0.0,300.0,leste,Santa Tereza,12/08/18,None,None
138131,510000.0,,-19.944542600000002,-43.919185399999996,3,1,0,,154.0,400.0,centro-sul,Cruzeiro,12/08/18,None,None
174776,510000.0,,-19.832168799999998,-43.937902099999974,3,2,1,,133.45,0.0,norte,Heliópolis,12/08/18,None,None
353728,510000.0,,-19.919573800000002,-43.93969349999998,3,2,0,,82.0,456.0,centro-sul,Centro,12/08/18,None,None
39193,514702.06,,-19.9547291,-43.97652849999997,3,3,1,,0.0,150.0,oeste,Havaí,12/08/18,None,None
43489,515000.0,,-19.9358267,-43.97492090000003,3,2,1,,0.0,296.0,oeste,Nova Suíssa,12/08/18,None,None
336362,515000.0,,-19.877358100000002,-43.98209170000001,3,2,1,,184.0,385.0,pampulha,Ouro Preto,12/08/18,None,None
64190,516000.0,,-19.9301229,-43.970827499999984,3,3,1,,109.73,700.0,oeste,Grajaú,12/08/18,None,None
1682774,519000.0,,-19.9360279,-43.93093640000001,1,1,0,,0.0,450.0,centro-sul,Savassi,12/08/18,None,None
13356,520000.0,,-19.8475718,-43.90056709999999,3,2,1,,0.0,250.0,noroeste,Padre Eustáquio,12/08/18,None,None
49677,520000.0,,-19.943793600000003,-43.947824800000035,2,1,1,,0.0,396.0,centro-sul,Santo Antônio,12/08/18,None,None
49688,520000.0,,-19.943793600000003,-43.947824800000035,2,2,1,,0.0,396.0,centro-sul,Santo Antônio,12/08/18,None,None
161968,520000.0,,-19.857946899999998,-43.954410199999984,3,1,1,,150.0,230.0,pampulha,Jaraguá,12/08/18,None,None
358784,520000.0,,-19.943741,-43.94599399999999,2,2,1,,167.0,300.0,centro-sul,Santo Antônio,12/08/18,None,None
1603176,520000.0,,-19.947271100000002,-43.94589889999998,3,3,1,,110.0,400.0,centro-sul,Santo Antônio,12/08/18,None,None
3248816,520000.0,,-19.9616959,-43.9461068,3,1,1,,199.0,591.0,centro-sul,Santa Lúcia,12/08/18,None,None
3252654,520000.0,,-19.9487745,-43.92296640000001,3,1,1,,202.0,350.0,centro-sul,Cruzeiro,12/08/18,None,None
1683026,524000.0,,-19.9360279,-43.93093640000001,1,1,0,,0.0,450.0,centro-sul,Savassi,12/08/18,None,None
3246862,524000.0,,-19.9596056,-43.98167169999999,3,2,1,,390.0,0.0,oeste,Palmeiras,12/08/18,None,None
3257342,525000.0,,-19.939938100000003,-43.9597369,3,3,1,,0.0,872.03,oeste,Gutierrez,12/08/18,None,None
127040,530000.0,,-19.971916600000004,-43.96669470000001,3,2,1,,240.13,300.0,oeste,Buritis,12/08/18,None,None
150917,530000.0,,-19.9480844,-43.94464570000002,3,2,1,,186.0,800.0,centro-sul,Santo Antônio,12/08/18,None,None
163847,530000.0,,-19.8831706,-44.00298829999997,3,2,1,,0.01,0.0,pampulha,Castelo,12/08/18,None,None
356409,530000.0,,-19.9270462,-43.96588209999999,3,2,1,,118.6,1000.0,oeste,Prado,12/08/18,None,None
1683121,530000.0,,-19.9360279,-43.93093640000001,1,1,0,,0.0,450.0,centro-sul,Savassi,12/08/18,None,None
1795222,530000.0,,-19.968950600000003,-43.9708109,3,2,1,,218.49,800.0,oeste,Buritis,12/08/18,None,None
3234666,530000.0,,-19.926723000000003,-43.96583199999998,3,1,1,,0.0,500.0,oeste,Prado,12/08/18,None,None
3237080,530000.0,,-19.9334807,-43.96571590000002,3,1,1,,140.0,400.0,oeste,Prado,12/08/18,None,None
156639,535000.0,,-19.880816699999997,-43.93086490000002,3,3,1,,151.87,0.0,nordeste,União,12/08/18,None,None
331515,535000.0,,-19.9218384,-43.94340769999997,3,2,0,,150.0,500.0,centro-sul,Centro,12/08/18,None,None
3248293,535000.0,,-19.931781100000002,-43.97736350000002,3,2,1,,160.0,485.0,oeste,Nova Suíssa,12/08/18,None,None
162910,540000.0,,-19.883969399999998,-43.9073252,2,2,1,,111.16,380.0,leste,Santa Inês,12/08/18,None,None
205362,540000.0,,-19.9198907,-43.99039119999998,3,3,1,,0.0,0.0,noroeste,Minas Brasil,12/08/18,None,None
352760,540000.0,,-19.922555199999998,-43.94708749999995,3,3,1,,95.0,650.0,centro-sul,Centro,12/08/18,None,None
354921,540000.0,,-19.919970000000003,-43.990152299999984,3,2,1,,0.0,0.0,noroeste,Minas Brasil,12/08/18,None,None
3226782,540000.0,,-19.937043,-43.977668,3,2,1,,0.0,0.0,oeste,Nova Suíssa,12/08/18,None,None
1794131,545000.0,,-19.8579656,-43.95422880000001,3,2,1,,0.0,220.0,pampulha,Liberdade,12/08/18,None,None
3251263,545000.0,,-19.9513367,-43.93192370000003,4,2,1,,0.0,550.0,centro-sul,Sion,12/08/18,None,None
349582,548000.0,,-19.968646300000003,-43.97071570000003,3,2,1,,205.72,650.0,oeste,Buritis,12/08/18,None,None
359565,549000.0,,-19.9380013,-43.980795100000016,4,4,1,,181.68,0.0,oeste,Salgado Filho,12/08/18,None,None
30257,550000.0,,-19.957977300000003,-43.94731250000001,3,2,1,,133.39,0.0,centro-sul,Santa Lúcia,12/08/18,None,None
49628,550000.0,,-19.9122333,-43.95475829999998,3,1,0,,87.5,0.0,noroeste,Carlos Prates,12/08/18,None,None
52550,550000.0,,-19.8881037,-43.93569589999999,3,1,1,,0.0,180.0,nordeste,Nova Floresta,12/08/18,None,None
53311,550000.0,,-19.8669728,-43.98251529999999,3,3,1,,0.0,180.0,pampulha,Ouro Preto,12/08/18,None,None
131845,550000.0,,-19.946299300000003,-43.926333500000005,4,3,1,,234.0,380.0,centro-sul,Anchieta,12/08/18,None,None
135308,550000.0,,-19.9562329,-43.95440680000002,3,2,1,,166.55,550.0,centro-sul,Santa Lúcia,12/08/18,None,None
152645,550000.0,,-19.8577806,-43.95476150000002,3,2,1,,0.0,250.0,pampulha,Jaraguá,12/08/18,None,None
155702,550000.0,,-19.9742961,-43.96353579999999,4,1,1,,206.54,400.0,oeste,Estoril,12/08/18,None,None
165487,550000.0,,-19.941644,-43.9491936,3,3,1,,0.0,1012.0,centro-sul,Cidade Jardim,12/08/18,None,None
207789,550000.0,,-19.929786800000002,-43.91433000000001,4,1,2,,0.0,300.0,centro-sul,Serra,12/08/18,None,None
335644,550000.0,,-19.9439426,-43.91987890000002,3,2,1,,154.62,360.0,centro-sul,Serra,12/08/18,None,None
348847,550000.0,,-19.9077388,-43.90103679999999,3,2,1,,0.0,250.0,leste,Esplanada,12/08/18,None,None
349358,550000.0,,-19.850927399999996,-43.91011689999999,4,2,1,,163.04,0.0,nordeste,São Gabriel,12/08/18,None,None
1530037,550000.0,,-19.9473485,-43.9435034,4,3,1,,131.51,360.0,centro-sul,Santo Antônio,12/08/18,None,None
1819632,550000.0,,-19.914126,-43.92396700000001,3,1,1,,104.0,0.0,leste,Santa Tereza,12/08/18,None,None
1836476,550000.0,,-19.9571101,-43.9669098,3,3,1,,145.0,0.0,oeste,Estoril,12/08/18,None,None
1848927,550000.0,,-19.93372,-43.97591899999998,3,3,1,,418.6,0.0,oeste,Nova Suíssa,12/08/18,None,None
3234737,550000.0,,-19.947642899999998,-43.946807499999984,4,2,1,,259.35,850.0,centro-sul,Santo Antônio,12/08/18,None,None
3237601,550000.0,,-19.9369111,-43.970690399999974,3,3,1,,0.0,460.0,oeste,Nova Granada,12/08/18,None,None
3239524,550000.0,,-19.900453,-43.97837950000002,3,2,1,,0.0,160.0,noroeste,Caiçaras,12/08/18,None,None
3240689,550000.0,,-19.9405689,-43.95990760000001,3,2,1,,193.87,0.0,oeste,Gutierrez,12/08/18,None,None
3250826,550000.0,,-19.9747936,-43.96855729999999,3,2,1,,0.0,350.0,oeste,Estoril,12/08/18,None,None
3251106,550000.0,,-19.928429,-43.954394999999984,3,1,0,,0.0,270.0,centro-sul,Santo Agostinho,12/08/18,None,None
3250381,555000.0,,-19.939277800000003,-43.975437400000025,3,2,1,,170.0,325.0,oeste,Jardim América,12/08/18,None,None
3239613,559000.0,,-19.951265799999998,-43.93069809999997,3,3,1,,0.0,350.0,centro-sul,Sion,12/08/18,None,None
25614,560000.0,,-19.9234658,-43.99082670000002,3,2,1,,0.0,460.0,noroeste,Coração Eucarístico,12/08/18,None,None
30563,560000.0,,-19.935636300000002,-43.97681260000002,3,3,1,,178.16,300.0,oeste,Nova Suíssa,12/08/18,None,None
355004,560000.0,,-19.9489616,-43.9253018,3,2,1,,120.0,1500.0,centro-sul,Cruzeiro,12/08/18,None,None
1786351,560000.0,,-19.8578578,-43.954318100000016,3,2,1,,0.0,220.0,pampulha,Jaraguá,12/08/18,None,None
352740,562000.0,,-19.9404288,-43.946283,2,2,1,,1.0,0.0,centro-sul,Santo Antônio,12/08/18,None,None
3250093,565000.0,,-19.9443296,-43.92436800000002,4,2,1,,179.09,600.0,centro-sul,Cruzeiro,12/08/18,None,None
64826,570000.0,,-19.9510354,-43.95553109999997,3,2,1,,234.21,750.0,centro-sul,Luxemburgo,12/08/18,None,None
66583,570000.0,,-19.9196595,-43.97879899999998,4,2,1,,0.0,430.0,noroeste,Padre Eustáquio,12/08/18,None,None
3247503,570000.0,,-19.9369111,-43.970690399999974,3,3,1,,0.0,460.0,oeste,Nova Granada,12/08/18,None,None
3247504,570000.0,,-19.9369111,-43.970690399999974,3,3,1,,0.0,460.0,oeste,Nova Granada,12/08/18,None,None
23996,575000.0,,-19.917442899999998,-43.93423740000003,4,2,2,,134.0,0.0,nordeste,Renascença,12/08/18,None,None
340214,575000.0,,-19.897495499999998,-43.99724220000002,3,2,1,,0.01,0.0,pampulha,Manacás,12/08/18,None,None
61875,575413.86,,-19.9062867,-43.92575299999999,2,3,1,,0.0,0.01,leste,Sagrada Família,12/08/18,None,None
24141,578947.36,,-19.9044283,-43.92034039999999,3,1,1,,210.2,0.0,leste,Sagrada Família,12/08/18,None,None
146367,579000.0,,-19.8649977,-43.9459908,3,3,1,,150.0,0.0,pampulha,Santa Rosa,12/08/18,None,None
19807,580000.0,,-19.9217343,-43.91515099999998,2,1,1,,150.55,396.0,centro-sul,Santa Efigênia,12/08/18,None,None
31780,580000.0,,-19.902268600000003,-43.97032109999998,3,3,1,,76.66,0.0,noroeste,Caiçaras,12/08/18,None,None
49686,580000.0,,-19.943793600000003,-43.947824800000035,2,1,1,,0.0,396.0,centro-sul,Santo Antônio,12/08/18,None,None
59193,580000.0,,-19.8959229,-43.92987299999999,3,2,1,,0.0,880.0,nordeste,Silveira,12/08/18,None,None
140162,580000.0,,-19.906066,-43.96828499999998,3,1,1,,0.01,0.0,noroeste,Pedro II,12/08/18,None,None
309075,580000.0,,-19.888759399999998,-43.93099160000003,3,2,1,,0.0,600.0,nordeste,Silveira,12/08/18,None,None
355510,580000.0,,-19.8999827,-43.923558800000016,3,1,1,,247.0,350.0,leste,Sagrada Família,12/08/18,None,None
1508607,580000.0,,-19.8868878,-43.99851049999995,3,1,1,,120.0,0.0,pampulha,Castelo,12/08/18,None,None
3243783,580000.0,,-19.876269,-43.99795399999999,3,2,1,,0.0,350.0,pampulha,Castelo,12/08/18,None,None
3250027,580000.0,,-19.9639357,-43.965428900000006,3,2,1,,249.25,600.0,oeste,Estoril,12/08/18,None,None
3251531,580000.0,,-19.907625,-43.9194966,3,2,1,,0.0,200.0,leste,Sagrada Família,12/08/18,None,None
357075,581000.0,,-19.936550699999998,-43.970416,3,3,1,,100.0,0.0,oeste,Nova Granada,12/08/18,None,None
67276,585000.0,,-19.886412,-43.98569780000002,3,2,1,,0.0,849.69,pampulha,Ouro Preto,12/08/18,None,None
1848196,585000.0,,-19.9733171,-43.97084970000003,3,3,1,,185.0,0.0,oeste,Buritis,12/08/18,None,None
65371,590000.0,,-19.9386689,-43.95978179999997,4,2,1,,147.0,500.0,oeste,Gutierrez,12/08/18,None,None
174561,590000.0,,-19.9098658,-43.97075469999999,3,3,1,,258.0,200.0,noroeste,Caiçaras,12/08/18,None,None
356352,590000.0,,-19.9256754,-43.97084960000001,3,2,1,,0.0,600.0,oeste,Prado,12/08/18,None,None
361520,590000.0,,-19.9582965,-43.9342517,3,2,1,,0.0,660.0,centro-sul,Sion,12/08/18,None,None
424763,590000.0,,-19.93009,-43.94611889999999,3,1,0,,217.95,0.0,centro-sul,Lourdes,12/08/18,None,None
617439,590000.0,,-19.9269619,-43.9644611,0,3,1,,125.0,450.0,oeste,Prado,12/08/18,None,None
2536249,590000.0,,-19.939031,-43.958196999999984,3,1,1,,331.0,630.0,oeste,Gutierrez,12/08/18,None,None
3239600,590000.0,,-19.944628,-43.972644,3,2,1,,0.0,350.0,oeste,Nova Granada,12/08/18,None,None
132047,595000.0,,-19.9434689,-43.91786939999997,4,2,0,,160.0,200.0,centro-sul,Serra,12/08/18,None,None
148905,595000.0,,-19.8987765,-43.9774827,3,4,1,,0.0,300.0,noroeste,Caiçaras,12/08/18,None,None
341912,595000.0,,-19.950482,-43.95286479999999,2,1,1,,0.01,320.0,centro-sul,Coração de Jesus,12/08/18,None,None
137826,598000.0,,-19.937436399999996,-43.95984440000001,4,2,1,,250.0,360.0,oeste,Gutierrez,12/08/18,None,None
355517,598000.0,,-19.8999827,-43.923558800000016,3,1,1,,247.0,350.0,leste,Sagrada Família,12/08/18,None,None
1661285,598000.0,,-19.929316,-43.938987,2,2,0,,258.91,700.0,centro-sul,Lourdes,12/08/18,None,None
140149,598400.0,,-19.906066,-43.96828499999998,3,1,1,,0.01,0.0,noroeste,Pedro II,12/08/18,None,None
156266,599000.0,,-19.971662,-43.971114699999994,3,2,1,,210.42,300.0,oeste,Estoril,12/08/18,None,None
8549,600000.0,,-19.954792,-43.93813799999998,4,2,1,,198.0,1150.0,centro-sul,Sion,12/08/18,None,None
49923,600000.0,,-19.9240103,-43.944498700000004,2,1,0,,295.1,415.0,centro-sul,Centro,12/08/18,None,None
128185,600000.0,,-19.935586999999998,-43.95667879999996,4,2,1,,194.46,600.0,oeste,Gutierrez,12/08/18,None,None
180193,600000.0,,-19.9712801,-43.9695969,3,2,2,,183.17,330.0,oeste,Buritis,12/08/18,None,None
1891839,600000.0,,-19.9372736,-43.96597170000001,3,3,1,,110.0,370.0,oeste,Grajaú,12/08/18,None,None
45800,605000.0,,-19.9117659,-43.93104740000001,3,2,1,,0.0,290.0,leste,Floresta,12/08/18,None,None
246138,620000.0,,-19.8811763,-43.93936580000002,3,2,1,,202.66,0.0,nordeste,Palmares,12/08/18,None,None
334341,620000.0,,-19.929613699999997,-43.94730370000002,3,1,0,,75.83,680.0,centro-sul,Lourdes,12/08/18,None,None
340031,620000.0,,-19.913843399999998,-43.97741480000002,3,2,1,,110.0,0.0,noroeste,Padre Eustáquio,12/08/18,None,None
340086,620000.0,,-19.913843399999998,-43.97741480000002,3,2,1,,110.0,0.0,noroeste,Padre Eustáquio,12/08/18,None,None
340102,620000.0,,-19.913843399999998,-43.97741480000002,3,2,1,,110.0,0.0,noroeste,Padre Eustáquio,12/08/18,None,None
362383,620000.0,,-19.8898105,-43.92592939999997,3,2,1,,332.54,538.0,leste,Cidade Nova,12/08/18,None,None
3246462,620000.0,,-19.8837516,-43.99711279999997,3,1,1,,0.0,700.0,pampulha,Castelo,12/08/18,None,None
3247505,620000.0,,-19.9369384,-43.97080219999998,3,3,1,,0.0,460.0,oeste,Nova Granada,12/08/18,None,None
3250001,620000.0,,-19.94868,-43.944012999999984,3,1,1,,153.0,645.0,centro-sul,Santo Antônio,12/08/18,None,None
39928,630000.0,,-19.9443324,-43.92205619999999,4,1,1,,135.0,300.0,centro-sul,Serra,12/08/18,None,None
43006,630000.0,,-19.946441699999998,-43.936881,2,2,1,,0.0,350.0,centro-sul,São Pedro,12/08/18,None,None
45927,630000.0,,-19.8706757,-43.91716180000003,3,3,1,,134.83,0.0,nordeste,São Marcos,12/08/18,None,None
62090,630000.0,,-19.938047100000002,-43.97034350000001,3,3,1,,0.0,460.0,oeste,Nova Granada,12/08/18,None,None
62095,630000.0,,-19.938047100000002,-43.97034350000001,3,3,1,,0.0,460.0,oeste,Nova Granada,12/08/18,None,None
140932,630000.0,,-19.8857453,-43.99476800000002,4,3,1,,0.0,350.0,pampulha,Castelo,12/08/18,None,None
356843,630000.0,,-19.9270067,-43.98126890000003,3,4,1,,176.22,190.0,oeste,Nova Suíssa,12/08/18,None,None
581092,633500.0,,-19.956302899999997,-43.939006000000006,2,3,2,,0.01,0.0,centro-sul,Sion,12/08/18,None,None
3236048,638462.0,,-19.936071899999998,-43.967713,3,2,1,,0.0,0.0,oeste,Barroca,12/08/18,None,None
572544,642500.0,,-19.9562961,-43.93915900000002,2,3,2,,0.01,0.0,centro-sul,Sion,12/08/18,None,None
364647,649000.0,,-19.8882095,-43.931799599999984,3,2,1,,275.0,0.0,nordeste,Renascença,12/08/18,None,None
10489,650000.0,,-19.856815,-43.950266,3,2,1,,171.9,0.0,pampulha,Liberdade,12/08/18,None,None
42689,650000.0,,-19.9237486,-43.94029610000001,4,2,1,,158.0,450.0,centro-sul,Centro,12/08/18,None,None
42872,650000.0,,-19.976810999999998,-43.96367399999997,3,2,1,,151.0,1100.0,oeste,Buritis,12/08/18,None,None
50259,650000.0,,-19.925798,-43.96397919999998,3,2,1,,0.0,300.0,oeste,Gutierrez,12/08/18,None,None
50516,650000.0,,-19.9262488,-43.9206097,3,2,1,,0.0,650.0,centro-sul,Santa Efigênia,12/08/18,None,None
51074,650000.0,,-19.9345258,-43.96060929999999,3,3,1,,0.0,250.0,oeste,Gutierrez,12/08/18,None,None
126746,650000.0,,-19.9271375,-43.9369466,4,2,1,,155.8,850.0,centro-sul,Lourdes,12/08/18,None,None
134223,650000.0,,-19.879573,-43.99866900000001,3,2,1,,0.0,0.0,pampulha,Ouro Preto,12/08/18,None,None
144555,650000.0,,-19.938602,-43.96194059999999,4,2,1,,0.0,490.0,oeste,Gutierrez,12/08/18,None,None
170732,650000.0,,-19.9386419,-43.95993290000001,4,3,1,,130.0,600.0,oeste,Gutierrez,12/08/18,None,None
217174,650000.0,,-19.9538117,-43.95143559999997,4,2,1,,230.0,700.0,centro-sul,São Bento,12/08/18,None,None
337931,650000.0,,-19.9481987,-43.93140289999997,4,2,1,,212.09,450.0,centro-sul,Cruzeiro,12/08/18,None,None
349017,650000.0,,-19.941516800000002,-43.968073,3,2,1,,120.0,0.0,oeste,Nova Granada,12/08/18,None,None
366506,650000.0,,-19.937851300000002,-43.936195399999974,4,2,1,,233.0,600.0,centro-sul,Savassi,12/08/18,None,None
3253745,650000.0,,-19.9194967,-43.9810276,4,3,1,,110.0,580.0,noroeste,Padre Eustáquio,12/08/18,None,None
581093,651500.0,,-19.956302899999997,-43.939006000000006,2,3,2,,0.01,0.0,centro-sul,Sion,12/08/18,None,None
3235255,659000.0,,-19.926865,-43.961906,3,4,2,,0.0,300.0,oeste,Prado,12/08/18,None,None
148766,660000.0,,-19.9214974,-43.92017040000002,3,3,1,,209.37,600.0,centro-sul,Santa Efigênia,12/08/18,None,None
1948840,660000.0,,-19.8738855,-43.98949679999998,3,0,0,,188.88,850.0,pampulha,Ouro Preto,12/08/18,None,None
3247506,660000.0,,-19.9369384,-43.97080219999998,3,3,1,,0.0,460.0,oeste,Nova Granada,12/08/18,None,None
582025,664100.0,,-19.956302899999997,-43.939006000000006,2,3,2,,0.01,0.0,centro-sul,Sion,12/08/18,None,None
205578,670000.0,,-19.8818328,-43.99205010000003,4,1,1,,0.0,780.0,pampulha,Castelo,12/08/18,None,None
335340,670000.0,,-19.875138399999997,-43.99878769999998,3,1,1,,226.46,0.0,pampulha,Castelo,12/08/18,None,None
352698,670000.0,,-19.9404288,-43.946283,2,2,1,,1.0,0.0,centro-sul,Santo Antônio,12/08/18,None,None
354932,670000.0,,-19.910419,-43.97041569999999,3,3,1,,258.0,200.0,noroeste,Caiçaras,12/08/18,None,None
581558,674000.0,,-19.956302899999997,-43.939006000000006,2,3,2,,0.01,0.0,centro-sul,Sion,12/08/18,None,None
582492,674000.0,,-19.956302899999997,-43.939006000000006,2,3,2,,0.01,0.0,centro-sul,Sion,12/08/18,None,None
136791,675000.0,,-19.9866548,-44.015197,4,2,1,,0.0,325.0,barreiro,Santa Helena (barreiro),12/08/18,None,None
24140,680000.0,,-19.9031056,-43.91883330000002,3,3,1,,210.2,0.0,leste,Sagrada Família,12/08/18,None,None
143013,680000.0,,-19.881988,-43.920262999999984,4,3,1,,216.0,300.0,nordeste,União,12/08/18,None,None
362592,680000.0,,-19.8782389,-43.9955349,3,3,2,,1405.0,0.0,pampulha,Castelo,12/08/18,None,None
996411,680000.0,,-19.9770582,-43.977169200000006,3,1,1,,0.0,600.0,oeste,Buritis,12/08/18,None,None
1575193,680000.0,,-19.883638,-43.92464699999999,3,3,1,,250.0,460.0,nordeste,União,12/08/18,None,None
3212244,680000.0,,-19.943037,-43.941096000000016,3,2,1,,146.0,895.0,centro-sul,Santo Antônio,12/08/18,None,None
582026,683000.0,,-19.956302899999997,-43.939006000000006,2,3,2,,0.01,0.0,centro-sul,Sion,12/08/18,None,None
154786,690000.0,,-19.9273447,-43.94781269999999,2,1,0,,145.0,689.0,centro-sul,Lourdes,12/08/18,None,None
3209579,690000.0,,-19.927689800000003,-43.96470420000003,3,2,1,,149.67,300.0,oeste,Prado,12/08/18,None,None
3240315,690000.0,,-19.8949381,-43.95383879999997,0,2,0,,223.33,0.0,noroeste,Senhor Bom Jesus,12/08/18,None,None
3241695,690000.0,,-22.9070828,-43.18191480000002,3,2,0,,0.0,575.0,centro-sul,Centro,12/08/18,None,None
3254324,690000.0,,-19.9760014,-44.01735819999999,3,2,1,,254.2,0.0,barreiro,Barreiro,12/08/18,None,None
583429,691100.0,,-19.956302899999997,-43.939006000000006,2,3,2,,0.01,0.0,centro-sul,Sion,12/08/18,None,None
139367,695000.0,,-19.943801999999998,-43.95126160000001,3,2,1,,336.84,1000.0,centro-sul,Cidade Jardim,12/08/18,None,None
147038,695000.0,,-19.9510819,-43.955669,4,2,1,,3700.0,1132.0,centro-sul,Luxemburgo,12/08/18,None,None
1697940,695000.0,,-19.9269732,-43.96593919999998,3,3,1,,147.93,300.0,oeste,Prado,12/08/18,None,None
1913252,695000.0,,-19.930826100000004,-43.96852590000003,4,3,2,,178.0,600.0,oeste,Prado,12/08/18,None,None
582959,699200.0,,-19.956302899999997,-43.939006000000006,2,3,2,,0.01,0.0,centro-sul,Sion,12/08/18,None,None
124095,700000.0,,-19.9375766,-43.94512810000003,3,2,1,,182.77,350.0,centro-sul,Lourdes,12/08/18,None,None
169080,700000.0,,-19.9370865,-43.91923559999998,3,2,1,,116.98,475.0,centro-sul,Serra,12/08/18,None,None
177955,700000.0,,-19.9208333,-43.94211889999997,3,1,1,,140.0,930.0,centro-sul,Centro,12/08/18,None,None
169786,710000.0,,-19.979419399999998,-43.9731458,3,3,1,,233.94,800.0,oeste,Buritis,12/08/18,None,None
127992,719000.0,,-19.9420902,-43.93747559999997,2,2,1,,0.0,450000.0,centro-sul,São Pedro,12/08/18,None,None
137543,720000.0,,-19.915629100000004,-43.926734399999994,4,2,1,,110.0,0.0,leste,Santa Tereza,12/08/18,None,None
157754,720000.0,,-19.9643562,-43.9501009,3,2,1,,0.0,700.0,centro-sul,Santa Lúcia,12/08/18,None,None
364642,720000.0,,-19.8882095,-43.931799599999984,3,2,1,,275.0,0.0,nordeste,Renascença,12/08/18,None,None
996412,720000.0,,-19.9770582,-43.977169200000006,3,1,1,,0.0,600.0,oeste,Buritis,12/08/18,None,None
3248781,720000.0,,-19.895190200000002,-43.92254130000003,3,2,1,,0.0,400.0,leste,Sagrada Família,12/08/18,None,None
3240167,730000.0,,-19.943117,-43.93021399999998,3,3,1,,180.0,590.0,centro-sul,Carmo,12/08/18,None,None
3251757,730000.0,,-19.93498,-43.97489189999999,3,2,1,,187.0,780.0,oeste,Nova Suíssa,12/08/18,None,None
146774,731250.0,,-19.933362699999996,-43.98116189999996,3,3,2,,0.0,270.0,oeste,Nova Suíssa,12/08/18,None,None
3240889,740000.0,,-19.9288473,-43.96561159999999,3,3,1,,256.0,450.0,oeste,Prado,12/08/18,None,None
172820,742000.0,,-19.9450887,-43.93740830000002,2,3,1,,170.65,350.0,centro-sul,Santo Antônio,12/08/18,None,None
335634,749000.0,,-19.946642899999997,-43.94079149999999,4,3,1,,0.0,836.0,centro-sul,São Pedro,12/08/18,None,None
58486,750000.0,,-19.93808,-43.91884730000004,4,1,1,,166.0,300.0,centro-sul,Serra,12/08/18,None,None
60581,750000.0,,-19.841586399999997,-43.97012139999998,4,3,1,,128.0,0.0,pampulha,Santa Amélia,12/08/18,None,None
65872,750000.0,,-19.929454,-43.93049200000002,4,3,1,,0.0,650.0,centro-sul,Funcionários,12/08/18,None,None
143743,750000.0,,-19.9436826,-43.9526138,4,2,1,,240.0,750.0,centro-sul,Luxemburgo,12/08/18,None,None
173044,750000.0,,-19.949415,-43.95567379999999,2,2,1,,226.22,0.0,centro-sul,Luxemburgo,12/08/18,None,None
208007,750000.0,,-19.936826800000002,-43.93620010000001,3,2,1,,116.11,670.0,centro-sul,Savassi,12/08/18,None,None
356154,750000.0,,-19.9302083,-43.96244519999999,4,2,1,,160.0,350.0,oeste,Prado,12/08/18,None,None
1616346,750000.0,,-19.927222699999998,-43.9621161,3,2,1,,184.0,510.0,oeste,Prado,12/08/18,None,None
1784216,750000.0,,-19.9242454,-43.96330069999999,3,3,1,,199.0,350.0,oeste,Prado,12/08/18,None,None
2422105,750000.0,,-19.9491783,-43.96158750000001,4,2,1,,0.0,1500.0,oeste,Gutierrez,12/08/18,None,None
3234699,750000.0,,-19.889627700000002,-43.924395900000036,3,2,1,,0.0,500.0,leste,Cidade Nova,12/08/18,None,None
3236987,750000.0,,-19.9571016,-43.93864919999999,3,2,1,,150.0,400.0,centro-sul,Sion,12/08/18,None,None
141583,756000.0,,-19.882090899999998,-43.99821550000002,3,1,1,,0.0,300.0,pampulha,Castelo,12/08/18,None,None
55379,760000.0,,-19.9627018,-43.94792559999996,3,2,2,,240.0,530.0,centro-sul,Santa Lúcia,12/08/18,None,None
166920,760000.0,,-19.9296142,-43.959070800000006,4,3,1,,0.0,1100.0,oeste,Prado,12/08/18,None,None
169544,770000.0,,-19.9658437,-43.94962720000001,2,2,1,,1.0,0.01,centro-sul,São Bento,12/08/18,None,None
467508,770000.0,,-19.9469608,-43.92421009999998,3,2,1,,217.18,770.0,centro-sul,Cruzeiro,12/08/18,None,None
140163,774400.0,,-19.906066,-43.96828499999998,4,1,1,,0.01,0.0,noroeste,Pedro II,12/08/18,None,None
124060,780000.0,,-19.8890185,-43.91090259999999,3,2,1,,69.9,0.0,leste,Santa Inês,12/08/18,None,None
348112,780000.0,,-19.888939999999998,-43.92463399999997,4,1,1,,228.28,0.0,leste,Cidade Nova,12/08/18,None,None
3237963,780000.0,,-19.884676000000002,-43.92100370000003,4,2,1,,220.0,350.0,nordeste,União,12/08/18,None,None
3241776,780000.0,,-19.9068284,-43.97048469999999,4,3,1,,284.0,640.0,noroeste,Caiçaras,12/08/18,None,None
56184,790000.0,,-19.951064300000002,-43.955668300000006,3,3,1,,342.0,900.0,centro-sul,Luxemburgo,12/08/18,None,None
804210,790000.0,,-19.9268313,-43.966093900000025,4,3,1,,215.0,500.0,oeste,Prado,12/08/18,None,None
3244589,790000.0,,-19.931311899999997,-43.95322099999999,2,1,1,,1.0,1.0,centro-sul,Santo Agostinho,12/08/18,None,None
3244590,790000.0,,-19.931311899999997,-43.95322099999999,2,2,1,,1.0,1.0,centro-sul,Santo Agostinho,12/08/18,None,None
160660,795000.0,,-19.977940399999998,-44.02505389999999,3,4,1,,4446.44,0.0,barreiro,Barreiro,12/08/18,None,None
187630,795000.0,,-19.954202,-43.93721549999998,4,3,1,,350.62,900.0,centro-sul,Sion,12/08/18,None,None
189344,795000.0,,-19.882779100000004,-44.00545310000001,3,1,1,,0.0,450.0,pampulha,Castelo,12/08/18,None,None
782513,798800.0,,-19.981707999999998,-43.974082200000005,4,1,1,,185.0,297.0,oeste,Buritis,12/08/18,None,None
342290,799000.0,,-19.920002,-43.98850400000003,3,4,2,,130.0,0.0,noroeste,Minas Brasil,12/08/18,None,None
3244588,799000.0,,-19.931531600000003,-43.95332919999999,2,2,1,,1.0,1.0,centro-sul,Santo Agostinho,12/08/18,None,None
131866,800000.0,,-19.9461388,-43.92375390000001,3,2,1,,256.5,300.0,centro-sul,Cruzeiro,12/08/18,None,None
143063,800000.0,,-19.9373954,-43.95745920000002,3,3,1,,0.0,225.0,oeste,Gutierrez,12/08/18,None,None
144253,800000.0,,-19.936226,-43.95846410000002,3,3,1,,0.0,225.0,oeste,Gutierrez,12/08/18,None,None
363913,800000.0,,-19.933547100000002,-43.93310250000002,2,2,1,,346.64,790.0,centro-sul,Savassi,12/08/18,None,None
3245806,800000.0,,-19.9396637,-43.96676489999999,4,3,1,,241.97,650.0,oeste,Grajaú,12/08/18,None,None
3256661,800000.0,,-19.963848000000002,-43.94866400000001,5,3,0,,214.65,650.0,centro-sul,Santa Lúcia,12/08/18,None,None
57966,810000.0,,-19.9368187,-43.95456050000002,3,3,1,,0.0,170.0,oeste,Gutierrez,12/08/18,None,None
352753,810000.0,,-19.9404288,-43.946283,2,3,1,,1.0,0.0,centro-sul,Santo Antônio,12/08/18,None,None
169542,820000.0,,-19.9662471,-43.94955759999999,2,2,1,,1.0,0.01,centro-sul,São Bento,12/08/18,None,None
2226259,820000.0,,-19.888676,-43.92471899999998,3,2,1,,250.0,0.0,leste,Cidade Nova,12/08/18,None,None
3235392,820000.0,,-19.947328600000002,-43.92061289999998,3,3,1,,200.0,350.0,centro-sul,Serra,12/08/18,None,None
3235391,825000.0,,-19.9475079,-43.92052619999998,3,3,1,,200.0,400.0,centro-sul,Serra,12/08/18,None,None
3244596,830000.0,,-19.931311899999997,-43.95322099999999,2,1,1,,1.0,1.0,centro-sul,Santo Agostinho,12/08/18,None,None
3244598,830000.0,,-19.931311899999997,-43.95322099999999,2,2,1,,1.0,1.0,centro-sul,Santo Agostinho,12/08/18,None,None
140161,831600.0,,-19.906066,-43.96828499999998,4,1,1,,0.01,0.0,noroeste,Pedro II,12/08/18,None,None
140164,831600.0,,-19.906066,-43.96828499999998,4,1,1,,0.01,0.0,noroeste,Pedro II,12/08/18,None,None
140165,831600.0,,-19.906066,-43.96828499999998,4,1,1,,0.01,0.0,noroeste,Pedro II,12/08/18,None,None
3244607,835000.0,,-19.931531600000003,-43.95332919999999,2,2,1,,1.0,1.0,centro-sul,Santo Agostinho,12/08/18,None,None
3244608,835000.0,,-19.931311899999997,-43.95322099999999,2,2,1,,1.0,1.0,centro-sul,Santo Agostinho,12/08/18,None,None
2238909,840000.0,,-19.9431401,-43.94121749999999,4,3,1,,0.0,850.0,centro-sul,Santo Antônio,12/08/18,None,None
40731,850000.0,,-19.885733300000002,-43.921550799999984,3,3,1,,0.0,300.0,nordeste,União,12/08/18,None,None
124733,850000.0,,-19.9442219,-43.9511771,4,3,1,,330.0,450.0,centro-sul,Luxemburgo,12/08/18,None,None
136496,850000.0,,-19.9418926,-43.91576409999999,3,2,1,,338.21,650.0,centro-sul,Serra,12/08/18,None,None
137750,850000.0,,-19.944958,-43.93409029999998,4,3,2,,417.35,1100.0,centro-sul,Carmo,12/08/18,None,None
151351,850000.0,,-19.9272228,-43.96801290000002,3,3,1,,215.0,400.0,oeste,Calafate,12/08/18,None,None
364088,850000.0,,-19.8350422,-43.97166720000001,3,2,3,,0.0,440.0,pampulha,Santa Amélia,12/08/18,None,None
1517741,850000.0,,-19.9527905,-43.92882739999999,3,2,1,,272.36,0.0,centro-sul,Sion,12/08/18,None,None
1574684,850000.0,,-19.949724,-43.94871890000002,4,2,1,,375.0,926.0,centro-sul,Vila Paris,12/08/18,None,None
1625495,850000.0,,-19.872605800000002,-43.92008179999999,4,1,2,,253.68,0.0,nordeste,Fernão Dias,12/08/18,None,None
1817782,850000.0,,-19.8641722,-43.94737169999996,3,2,1,,186.0,0.0,pampulha,Santa Rosa,12/08/18,None,None
1896785,850000.0,,-19.976234299999998,-43.977563799999984,3,2,1,,0.0,480.0,oeste,Buritis,12/08/18,None,None
1897145,850000.0,,-19.976234299999998,-43.977563799999984,3,2,1,,0.0,480.0,oeste,Buritis,12/08/18,None,None
3237702,850000.0,,-19.883013199999997,-43.92114400000003,4,1,3,,225.0,300.0,nordeste,União,12/08/18,None,None
3244609,865000.0,,-19.931311899999997,-43.95322099999999,2,2,1,,1.0,1.0,centro-sul,Santo Agostinho,12/08/18,None,None
3244610,865000.0,,-19.931311899999997,-43.95322099999999,2,2,1,,1.0,1.0,centro-sul,Santo Agostinho,12/08/18,None,None
344104,870000.0,,-19.977294600000004,-44.0163058,3,1,1,,2579.41,0.0,barreiro,Barreiro,12/08/18,None,None
1527412,870000.0,,-19.859507999999998,-43.95580200000001,4,3,2,,207.72,0.0,pampulha,Liberdade,12/08/18,None,None
1914856,870000.0,,-19.951310999999997,-43.93434600000001,4,1,2,,400.0,800.0,centro-sul,Sion,12/08/18,None,None
3238749,870000.0,,-19.952154999999998,-43.93339300000002,3,2,1,,0.0,900.0,centro-sul,Sion,12/08/18,None,None
87834,880000.0,,-19.905807199999998,-43.926702500000026,4,4,2,,0.0,250.0,leste,Sagrada Família,12/08/18,None,None
356324,880000.0,,-19.9416702,-43.94596030000002,4,1,1,,229.81,600.0,centro-sul,Santo Antônio,12/08/18,None,None
941800,890000.0,,-19.8888919,-43.9271268,4,4,2,,53.18,0.0,leste,Cidade Nova,12/08/18,None,None
3213606,890000.0,,-19.8890843,-43.99920150000003,3,3,1,,0.0,450.0,pampulha,Castelo,12/08/18,None,None
3253676,890000.0,,-19.873189,-43.93092400000001,4,1,3,,247.08,0.0,nordeste,Palmares,12/08/18,None,None
43560,898000.0,,-19.93391,-43.939504899999974,2,2,1,,0.0,640.0,centro-sul,Lourdes,12/08/18,None,None
64287,899000.0,,-19.8879674,-43.99974050000003,3,3,3,,0.0,450.0,pampulha,Castelo,12/08/18,None,None
57718,900000.0,,-19.9257633,-43.9236937,4,2,1,,0.0,950.0,centro-sul,Funcionários,12/08/18,None,None
139489,900000.0,,-19.9350293,-43.95672550000001,4,3,1,,238.52,900.0,oeste,Gutierrez,12/08/18,None,None
783202,900000.0,,-19.955701,-43.9396777,4,2,1,,0.01,0.0,centro-sul,Sion,12/08/18,None,None
850138,900000.0,,-19.940987,-43.94251500000002,4,2,1,,363.64,1500.0,centro-sul,Santo Antônio,12/08/18,None,None
3256578,900000.0,,-19.930270800000002,-43.93537420000001,3,3,1,,0.0,950.0,centro-sul,Funcionários,12/08/18,None,None
361588,910000.0,,-19.874557,-43.91541389999998,4,3,1,,0.0,0.0,nordeste,Fernão Dias,12/08/18,None,None
183635,920000.0,,-19.9360279,-43.93093640000001,2,2,1,,293.73,539.0,centro-sul,Savassi,12/08/18,None,None
3244606,936000.0,,-19.931311899999997,-43.95322099999999,3,2,1,,1.0,1.0,centro-sul,Santo Agostinho,12/08/18,None,None
14236,950000.0,,-19.933636,-43.925883,4,3,1,,152.63,450.0,centro-sul,Funcionários,12/08/18,None,None
130458,950000.0,,-19.946044600000004,-43.91943889999999,4,1,1,,0.0,700.0,centro-sul,Serra,12/08/18,None,None
343041,950000.0,,-19.956668,-43.931177700000035,4,2,1,,0.0,385.0,centro-sul,Sion,12/08/18,None,None
347821,950000.0,,-19.925878100000002,-43.92138339999997,4,1,2,,0.0,600.0,leste,São Lucas,12/08/18,None,None
141720,970000.0,,-19.870787,-43.93469879999998,4,1,1,,311.42,0.0,nordeste,Palmares,12/08/18,None,None
63197,975000.0,,-19.926880399999998,-43.95902430000001,4,2,1,,273.0,0.0,oeste,Prado,12/08/18,None,None
126333,975000.0,,-19.9496692,-43.94273020000003,2,3,1,,0.0,300.0,centro-sul,Vila Paris,12/08/18,None,None
36542,980000.0,,-19.948773499999998,-43.958934,4,2,1,,423.07,1200.0,centro-sul,Luxemburgo,12/08/18,None,None
132875,980000.0,,-19.892484699999997,-43.925436399999974,4,4,3,,250.0,0.0,leste,Cidade Nova,12/08/18,None,None
143079,980000.0,,-19.9375565,-43.95785190000004,3,3,1,,0.0,225.0,oeste,Gutierrez,12/08/18,None,None
1581604,980000.0,,-19.92773,-43.94381090000002,3,2,1,,392.0,1450.0,centro-sul,Santo Agostinho,12/08/18,None,None
1848929,980000.0,,-19.93372,-43.97591899999998,3,3,1,,624.69,0.0,oeste,Nova Suíssa,12/08/18,None,None
58776,990000.0,,-19.9566579,-43.93930219999999,4,0,3,,0.0,1200.0,centro-sul,Sion,12/08/18,None,None
144255,990000.0,,-19.9360234,-43.95834389999999,3,3,1,,0.0,225.0,oeste,Gutierrez,12/08/18,None,None
354902,990000.0,,-19.9494285,-43.93328380000003,4,1,1,,0.0,600.0,centro-sul,Carmo,12/08/18,None,None
363839,990000.0,,-19.950781399999997,-43.92434449999996,4,3,2,,434.14,820.0,centro-sul,Anchieta,12/08/18,None,None
1687661,997000.0,,-19.9485613,-43.93134929999997,4,3,1,,480.0,0.0,centro-sul,Sion,12/08/18,None,None
241215,999000.0,,-19.923108600000003,-43.942495099999974,3,2,1,,422.0,0.0,centro-sul,Lourdes,12/08/18,None,None
356353,1050000.0,,-19.9272001,-43.964982299999974,4,3,1,,242.0,450.0,oeste,Prado,12/08/18,None,None
3258415,1050000.0,,-19.886522,-43.922888,4,2,1,,0.0,450.0,leste,Cidade Nova,12/08/18,None,None
12416,1060000.0,,-19.944402,-43.94292250000001,4,1,1,,394.96,1132.0,centro-sul,Santo Antônio,12/08/18,None,None
169554,1060000.0,,-19.967998,-43.94999669999999,2,2,2,,1.0,0.01,centro-sul,Santa Lúcia,12/08/18,None,None
37139,1100000.0,,-19.9486665,-43.92015040000001,4,3,1,,171.97,343.0,centro-sul,Cruzeiro,12/08/18,None,None
37950,1100000.0,,-19.9531705,-43.95148160000002,3,2,1,,364.46,1400.0,centro-sul,Vila Paris,12/08/18,None,None
177973,1100000.0,,-19.947995000000002,-43.94471599999997,4,4,2,,396.25,1960.25,centro-sul,Santo Antônio,12/08/18,None,None
333575,1100000.0,,-19.952313,-43.95193860000001,4,3,1,,386.04,970.0,centro-sul,Vila Paris,12/08/18,None,None
167820,1120000.0,,-19.936739399999997,-43.95696989999999,4,1,1,,0.0,1320.0,oeste,Gutierrez,12/08/18,None,None
169564,1120000.0,,-19.967998,-43.94999669999999,2,2,2,,1.0,0.01,centro-sul,Santa Lúcia,12/08/18,None,None
179174,1120000.0,,-19.956286399999996,-43.936130799999994,3,2,1,,476.0,1080.0,centro-sul,Sion,12/08/18,None,None
573867,1130000.0,,-19.974932,-43.963997000000006,4,4,3,,484.62,1400.0,oeste,Estoril,12/08/18,None,None
127100,1150000.0,,-19.8723557,-43.93011969999998,3,4,1,,0.0,450.0,nordeste,Palmares,12/08/18,None,None
1624720,1150000.0,,-19.887814399999996,-43.9235956,5,5,3,,488.3,0.0,leste,Cidade Nova,12/08/18,None,None
163262,1170000.0,,-19.946991600000004,-43.940056899999995,4,3,1,,0.0,1500.0,centro-sul,Santo Antônio,12/08/18,None,None
223476,1194670.0,,-19.9357813,-43.92859240000002,3,2,1,,400.0,0.0,centro-sul,Funcionários,12/08/18,None,None
130100,1200000.0,,-19.947317,-43.94117900000003,3,2,1,,201.0,500.0,centro-sul,Santo Antônio,12/08/18,None,None
2519063,1200000.0,,-19.928065,-43.95081490000001,4,3,1,,373.0,1300.0,centro-sul,Santo Agostinho,12/08/18,None,None
3243948,1200000.0,,-19.9333499,-43.94418930000001,4,2,1,,646.73,1268.09,centro-sul,Lourdes,12/08/18,None,None
42821,1250000.0,,-19.9377547,-43.92254409999998,4,4,2,,0.0,1300.0,centro-sul,Serra,12/08/18,None,None
124933,1250000.0,,-19.9422551,-43.945354899999984,4,3,2,,0.0,500.0,centro-sul,Santo Antônio,12/08/18,None,None
570270,1250000.0,,-19.9300955,-43.95184710000001,3,2,1,,334.38,950.0,centro-sul,Santo Agostinho,12/08/18,None,None
997310,1250000.0,,-19.9770582,-43.977169200000006,3,2,1,,0.0,900.0,oeste,Buritis,12/08/18,None,None
3236033,1275000.0,,-19.966493600000003,-43.96652879999999,4,2,1,,0.0,936.0,oeste,Buritis,12/08/18,None,None
14221,1280000.0,,-19.7630159,-43.94448490000002,3,2,1,,0.0,900.0,centro-sul,Santa Efigênia,12/08/18,None,None
356332,1280000.0,,-19.9390677,-43.96328189999997,4,4,1,,420.0,800.0,oeste,Gutierrez,12/08/18,None,None
3242393,1280000.0,,-19.955904399999998,-43.936217400000025,4,3,1,,0.0,942.0,centro-sul,Sion,12/08/18,None,None
174583,1285000.0,,-19.9523702,-43.93137439999998,4,2,1,,0.0,1300.0,centro-sul,Sion,12/08/18,None,None
1035022,1300000.0,,-19.9480577,-43.95700060000002,4,3,2,,0.0,1200.0,centro-sul,Luxemburgo,12/08/18,None,None
3236095,1300000.0,,-19.9687658,-43.951819399999984,4,2,2,,4234.0,0.0,centro-sul,Santa Lúcia,12/08/18,None,None
1672451,1330000.0,,-19.954618399999998,-43.93488530000002,3,1,3,,0.0,650.0,centro-sul,Sion,12/08/18,None,None
144161,1350000.0,,-19.9364392,-43.9578818,4,4,1,,0.0,225.0,oeste,Gutierrez,12/08/18,None,None
163641,1350000.0,,-19.967995000000002,-43.949104600000005,4,3,2,,0.0,1500.0,centro-sul,Santa Lúcia,12/08/18,None,None
353842,1350000.0,,-19.9059661,-43.9389908,3,4,2,,0.0,500.0,leste,Floresta,12/08/18,None,None
2090428,1350000.0,,-19.964477300000002,-43.93740579999997,4,3,2,,0.0,0.0,centro-sul,Belvedere,12/08/18,None,None
3244235,1350000.0,,-19.960255899999996,-43.92897979999998,4,3,2,,0.0,1115.0,centro-sul,Sion,12/08/18,None,None
3254756,1350000.0,,-19.8874456,-43.924103899999984,4,1,1,,299.95,0.0,leste,Cidade Nova,12/08/18,None,None
46687,1390000.0,,-19.9480352,-43.9413343,3,4,2,,0.0,519.0,centro-sul,São Pedro,12/08/18,None,None
308276,1400000.0,,-19.9298015,-43.94287009999999,4,2,1,,9699.49,1912.0,centro-sul,Santo Agostinho,12/08/18,None,None
353766,1400000.0,,-19.9377452,-43.93797439999997,3,3,1,,437.52,2204.34,centro-sul,Savassi,12/08/18,None,None
365563,1400000.0,,-19.9566016,-43.93106899999998,4,3,2,,675.0,2200.0,centro-sul,Sion,12/08/18,None,None
37718,1430000.0,,-19.958690899999997,-43.937598500000036,4,3,2,,390.44,550.0,centro-sul,Sion,12/08/18,None,None
182103,1450000.0,,-19.9422525,-43.94523179999999,4,2,2,,0.0,450.0,centro-sul,Santo Antônio,12/08/18,None,None
3244599,1465000.0,,-19.931311899999997,-43.95322099999999,3,3,1,,1.0,1.0,centro-sul,Santo Agostinho,12/08/18,None,None
3244600,1465000.0,,-19.931311899999997,-43.95322099999999,3,3,1,,1.0,1.0,centro-sul,Santo Agostinho,12/08/18,None,None
61076,1490000.0,,-19.938637,-43.9562143,4,3,2,,0.0,1000.0,oeste,Gutierrez,12/08/18,None,None
160372,1490000.0,,-19.929975,-43.94580400000001,3,3,1,,0.0,850.0,centro-sul,Lourdes,12/08/18,None,None
3234117,1490000.0,,-19.954038,-43.92837299999997,4,3,1,,839.0,1180.0,centro-sul,Sion,12/08/18,None,None
364544,1500000.0,,-19.94046,-43.92701499999998,4,4,2,,0.01,0.0,centro-sul,Cruzeiro,12/08/18,None,None
3213006,1500000.0,,-19.945918300000002,-43.94046980000002,4,1,1,,424.0,1866.33,centro-sul,Santo Antônio,12/08/18,None,None
3242443,1500000.0,,-19.9308105,-43.95967159999998,4,4,1,,0.0,700.0,oeste,Gutierrez,12/08/18,None,None
14790,1550000.0,,-19.944392699999998,-43.91889850000001,4,1,2,,848.77,1990.0,centro-sul,Serra,12/08/18,None,None
347642,1580000.0,,-19.909806600000003,-43.933039399999984,4,5,2,,0.0,680.0,leste,Floresta,12/08/18,None,None
12095,1600000.0,,-19.973711399999996,-43.96910550000001,4,6,4,,0.0,550.0,oeste,Buritis,12/08/18,None,None
339392,1600000.0,,-19.9428326,-43.92711429999997,4,4,2,,0.01,0.0,centro-sul,Cruzeiro,12/08/18,None,None
339401,1600000.0,,-19.9428326,-43.92711429999997,4,4,2,,0.01,0.0,centro-sul,Cruzeiro,12/08/18,None,None
339404,1600000.0,,-19.9428326,-43.92711429999997,4,4,2,,0.01,0.0,centro-sul,Cruzeiro,12/08/18,None,None
339409,1600000.0,,-19.9428326,-43.92711429999997,4,4,2,,0.01,0.0,centro-sul,Cruzeiro,12/08/18,None,None
339410,1600000.0,,-19.9428326,-43.92711429999997,4,1,2,,0.01,0.0,centro-sul,Cruzeiro,12/08/18,None,None
339413,1600000.0,,-19.9428326,-43.92711429999997,4,4,2,,0.01,0.0,centro-sul,Cruzeiro,12/08/18,None,None
339427,1600000.0,,-19.94284,-43.92737199999999,4,4,2,,0.01,0.0,centro-sul,Cruzeiro,12/08/18,None,None
339428,1600000.0,,-19.9428326,-43.92711429999997,4,4,2,,0.01,0.0,centro-sul,Cruzeiro,12/08/18,None,None
339491,1600000.0,,-19.9428326,-43.92711429999997,4,4,2,,0.01,0.0,centro-sul,Cruzeiro,12/08/18,None,None
339493,1600000.0,,-19.9428326,-43.92711429999997,4,4,2,,0.01,0.0,centro-sul,Cruzeiro,12/08/18,None,None
339495,1600000.0,,-19.9428326,-43.92711429999997,4,4,2,,0.01,0.0,centro-sul,Cruzeiro,12/08/18,None,None
339501,1600000.0,,-19.9428326,-43.92711429999997,4,4,2,,0.01,0.0,centro-sul,Cruzeiro,12/08/18,None,None
339502,1600000.0,,-19.9428326,-43.92711429999997,4,4,2,,0.01,0.0,centro-sul,Cruzeiro,12/08/18,None,None
33298,1640000.0,,-19.943478600000002,-43.95454999999998,4,3,2,,0.0,2014.0,centro-sul,Luxemburgo,12/08/18,None,None
209140,1680000.0,,-19.9418759,-43.91843970000002,4,5,2,,681.72,1500.0,centro-sul,Serra,12/08/18,None,None
10386,1700000.0,,-19.930526,-43.95725749999997,4,2,1,,300.0,550.0,oeste,Gutierrez,12/08/18,None,None
33297,1700000.0,,-19.943478600000002,-43.95454999999998,4,3,2,,0.0,2014.0,centro-sul,Luxemburgo,12/08/18,None,None
147090,1750000.0,,-19.927014,-43.95189800000003,4,4,2,,0.0,820.0,centro-sul,Santo Agostinho,12/08/18,None,None
1836912,1790000.0,,-19.938934699999997,-43.920831799999974,4,3,3,,628.0,1350.0,centro-sul,Serra,12/08/18,None,None
339082,1800000.0,,-19.94284,-43.92737199999999,4,4,2,,0.01,0.0,centro-sul,Cruzeiro,12/08/18,None,None
512815,1800000.0,,-19.9263401,-44.001873199999984,3,2,1,,120.0,0.0,noroeste,João Pinheiro,12/08/18,None,None
364553,1830000.0,,-19.9294327,-43.9542222,4,4,2,,1000.0,2200.0,centro-sul,Santo Agostinho,12/08/18,None,None
201334,1900000.0,,-19.932132199999998,-43.95458359999998,4,3,2,,0.0,2000.0,centro-sul,Santo Agostinho,12/08/18,None,None
3255158,2000000.0,,-19.9530443,-43.95145179999997,4,3,2,,0.0,800.0,centro-sul,Vila Paris,12/08/18,None,None
356339,2270000.0,,-19.9430896,-43.930192100000006,4,5,2,,599.0,0.0,centro-sul,Sion,12/08/18,None,None
6930,2500000.0,,-19.956360699999998,-43.93959189999998,4,3,1,,0.0,1500.0,centro-sul,Sion,12/08/18,None,None
166267,2600000.0,,-19.9584242,-43.95450599999998,4,4,2,,0.0,2170.0,centro-sul,Santa Lúcia,12/08/18,None,None
349200,2650000.0,,-19.926949800000003,-43.95108670000002,4,3,2,,1134.16,1600.0,centro-sul,Santo Agostinho,12/08/18,None,None
3252738,3000000.0,,-19.93976,-43.923339,4,3,2,,1118.0,0.0,centro-sul,Serra,12/08/18,None,None
56356,3200000.0,,-19.9418043,-43.9277262,4,3,2,,570.0,1400.0,centro-sul,Cruzeiro,12/08/18,None,None
3245085,3500000.0,,-19.934158399999998,-43.93032789999995,4,4,3,,0.0,3000.0,centro-sul,Savassi,12/08/18,None,None
3257917,265000.0,,-19.998858600000002,-44.02187249999997,2,1,1,,212.0,0.0,barreiro,Diamante,12/08/18,None,None
3252623,249000.0,,-19.829134200000002,-43.9380491,2,2,1,,98.23,349.0,norte,Jardim Guanabara,12/08/18,None,None
3238699,545000.0,,-19.947777,-43.935989000000006,3,3,1,,150.0,530.0,centro-sul,São Pedro,12/08/18,None,None
67075,320000.0,,-19.9106624,-43.92139170000002,3,2,1,,70.22,180.0,leste,Sagrada Família,12/08/18,None,None
137976,510000.0,,-19.9454185,-43.95044849999999,3,3,1,,208.11,480.0,centro-sul,Cidade Jardim,12/08/18,None,None
31061,420000.0,,-19.911461499999998,-43.9373081,3,2,1,,64.0,360.0,leste,Floresta,12/08/18,None,None
3257618,460000.0,,-19.914618,-43.99059590000002,3,3,1,,320.0,380.0,noroeste,Padre Eustáquio,12/08/18,None,None
9394,479000.0,,-19.927057100000003,-43.9899125,3,3,1,,108.44,370.0,noroeste,Coração Eucarístico,12/08/18,None,None
18692,480000.0,,-19.970204199999998,-44.01835429999999,3,3,1,,168.0,280.0,barreiro,Barreiro,12/08/18,None,None
355708,1260000.0,,-19.937593600000003,-43.92237929999999,4,2,1,,0.0,1080.0,centro-sul,Serra,12/08/18,None,None
355729,1260000.0,,-19.9419896,-43.92204419999996,4,2,1,,0.0,1080.0,centro-sul,Serra,12/08/18,None,None
42284,440000.0,,-20.7121232,-46.62024020000001,3,2,1,,0.0,370.0,centro-sul,Santa Lúcia,12/08/18,None,None
175710,310000.0,,-20.01747,-44.0202329,2,2,0,,110.0,120.0,barreiro,Diamante,12/08/18,None,None
25166,230000.0,,-19.924606100000002,-43.935655,2,1,0,,47.53,252.0,pampulha,Paquetá,12/08/18,None,None
32952,279000.0,,-19.8973234,-43.9662905,2,1,0,,130.0,200.0,noroeste,Caiçaras,12/08/18,None,None
55066,570000.0,,-19.8905475,-43.995298700000035,3,2,1,,150.0,450.0,pampulha,Manacás,12/08/18,None,None
29342,630000.0,,-19.928184100000003,-43.932870999999984,4,2,1,,127.0,740.0,centro-sul,Funcionários,12/08/18,None,None
350006,189000.0,,-19.89164,-43.98443629999997,2,1,0,,0.0,270.0,pampulha,Ouro Preto,12/08/18,None,None
41753,220000.0,,-19.807595000000003,-43.968836200000005,3,1,0,,67.24,215.0,venda-nova,Venda Nova,12/08/18,None,None
345855,550000.0,,-19.8415536,-43.97207879999996,3,1,1,,70.0,170.0,pampulha,Santa Amélia,12/08/18,None,None
27726,640000.0,,-19.8692983,-43.98852929999998,4,2,1,,0.0,300.0,pampulha,Ouro Preto,12/08/18,None,None
356296,730000.0,,-19.9208757,-43.94444470000002,3,2,1,,214.01,350.0,centro-sul,Lourdes,12/08/18,None,None
169063,1998000.0,,-19.948407,-43.95803000000001,4,7,4,,854.39,0.0,oeste,Gutierrez,12/08/18,None,None
3246802,4346255.0,,-19.932945,-43.931140200000016,4,5,4,,0.0,3200.0,centro-sul,Savassi,12/08/18,None,None
6473,350000.0,,-19.9210085,-43.98598570000002,3,3,1,,81.0,170.0,noroeste,Padre Eustáquio,12/08/18,None,None
24909,380000.0,,-19.844213,-43.95402609999997,2,3,1,,67.46,250.0,pampulha,Itapoã,12/08/18,None,None
1279081,470000.0,,-19.9447921,-43.95161329999996,3,2,1,,0.0,600.0,centro-sul,Coração de Jesus,12/08/18,None,None
1528235,450000.0,,-19.9277454,-43.9915906,4,2,1,,0.0,200.0,noroeste,Coração Eucarístico,12/08/18,None,None
335236,560000.0,,-19.9713686,-43.97103579999998,4,3,1,,244.24,700.0,oeste,Buritis,12/08/18,None,None
246310,620000.0,,-19.9520512,-43.93401040000003,3,2,1,,145.45,950.0,oeste,Grajaú,12/08/18,None,None
143213,950000.0,,-19.973954,-43.97080800000003,4,2,1,,318.0,0.0,oeste,Buritis,12/08/18,None,None
354089,415000.0,,-19.9048273,-43.93416320000001,3,3,2,,0.0,280.0,leste,Floresta,12/08/18,None,None
359973,295000.0,,-19.875358,-44.005114700000036,2,1,1,,50.0,230.0,pampulha,Serrano,12/08/18,None,None
30408,599000.0,,-19.872138699999997,-43.91921279999997,4,3,1,,140.0,330.0,nordeste,Fernão Dias,12/08/18,None,None
3242592,380000.0,,-19.9464857,-43.94847709999999,2,3,1,,125.37,382.0,centro-sul,Santo Antônio,12/08/18,None,None
140767,311250.0,,-19.959126,-43.9831203,3,1,1,,72.0,314.4,oeste,Betânia,12/08/18,None,None
140799,311250.0,,-19.959126,-43.9831203,3,1,1,,72.0,314.4,oeste,Betânia,12/08/18,None,None
140804,311250.0,,-19.959126,-43.9831203,3,1,1,,72.0,314.4,oeste,Betânia,12/08/18,None,None
140833,311250.0,,-19.959126,-43.9831203,3,1,1,,72.0,314.4,oeste,Betânia,12/08/18,None,None
34610,850000.0,,-19.9568102,-43.93384129999998,4,3,1,,45.07,1056.0,centro-sul,Sion,12/08/18,None,None
3256556,248000.0,,-19.9694997,-43.97174769999998,2,1,0,,81.25,215.0,oeste,Buritis,12/08/18,None,None
160808,895000.0,,-19.8819889,-43.92946919999997,4,2,1,,339.12,490.0,nordeste,União,12/08/18,None,None
361504,995000.0,,-19.9499589,-43.949311299999984,4,1,2,,0.0,700.0,centro-sul,Vila Paris,12/08/18,None,None
66317,240000.0,,-19.9827462,-44.01077269999996,3,1,0,,27.47,240.0,barreiro,Santa Helena (barreiro),12/08/18,None,None
43643,390000.0,,-19.9821973,-44.0034435,3,2,1,,110.0,420.0,barreiro,Milionários,12/08/18,None,None
352203,380000.0,,-19.821236300000002,-43.9502268,2,2,1,,0.0,250.0,pampulha,Manacás,12/08/18,None,None
154439,780000.0,,-19.9634668,-43.95386669999999,4,2,1,,253.57,700.0,centro-sul,Santa Lúcia,12/08/18,None,None
40184,257000.0,,-19.8689259,-43.99518979999999,3,1,1,,46.58,230.0,pampulha,Paquetá,12/08/18,None,None
145640,270000.0,,-19.9208062,-43.90441559999999,3,1,0,,73.0,250.0,leste,Paraíso,12/08/18,None,None
366649,280000.0,,-19.9324102,-43.99683379999999,2,1,0,,74.59,220.0,noroeste,João Pinheiro,12/08/18,None,None
271265,285000.0,,-19.8946002,-43.93980910000005,3,1,0,,67.0,180.0,nordeste,Renascença,12/08/18,None,None
3245825,315000.0,,-19.964555999999998,-43.98042800000002,2,2,0,,79.72,0.0,oeste,Palmeiras,12/08/18,None,None
3256408,350000.0,,-19.9380579,-43.96771860000001,3,2,1,,100.0,318.0,oeste,Grajaú,12/08/18,None,None
2343060,495000.0,,-19.942359758027123,-43.94719477619629,2,3,1,,166.24,600.0,centro-sul,Santo Antônio,12/08/18,None,None
361059,2000000.0,,-19.9763925,-43.9439324,4,3,2,,0.0,2200.0,centro-sul,Belvedere,12/08/18,None,None
406134,210000.0,,-19.869885699999998,-43.99339680000003,2,1,0,,61.0,320.0,pampulha,Paquetá,12/08/18,None,None
361060,1500000.0,,-19.9384723,-43.922740299999994,4,4,2,,688.0,2800.0,centro-sul,Serra,12/08/18,None,None
32564,360000.0,,-19.9374204,-44.05052810000001,3,2,1,,97.63,300.0,centro-sul,Sion,12/08/18,None,None
3247084,380000.0,,-19.915661899999996,-43.97855479999998,2,2,0,,145.41,330.0,noroeste,Padre Eustáquio,12/08/18,None,None
54717,470000.0,,-19.925821,-43.91916200000003,1,1,0,,104.69,220.0,centro-sul,Santa Efigênia,12/08/18,None,None
5645,885000.0,,-19.943195000000003,-43.94741590000001,3,2,1,,175.0,670.0,centro-sul,Santo Antônio,12/08/18,None,None
338666,290000.0,,-19.9314405,-44.01596410000002,3,1,0,,72.64,230.0,noroeste,Santa Maria,12/08/18,None,None
3236283,399000.0,,-19.947080399999997,-43.95092420000003,3,1,1,,153.0,500.0,centro-sul,Vila Paris,12/08/18,None,None
15928,410000.0,,-19.9956188,-44.02024289999997,4,1,1,,113.25,0.0,barreiro,Diamante(barreiro),12/08/18,None,None
55519,800000.0,,-19.926991,-43.92950400000001,2,2,1,,0.0,600.0,centro-sul,Santa Efigênia,12/08/18,None,None
174780,237000.0,,-19.9975653,-44.02009269999997,2,1,0,,97.0,120.0,barreiro,Diamante(barreiro),12/08/18,None,None
47348,400000.0,,-19.9287032,-43.9115152,3,2,1,,97.69,240.0,leste,São Lucas,12/08/18,None,None
7971,650000.0,,-19.9299209,-43.91357199999999,4,3,1,,218.72,290.0,leste,São Lucas,12/08/18,None,None
53108,310000.0,,-19.9637699,-43.96736820000001,3,2,1,,49.33,160.0,oeste,Estrela Dalva,12/08/18,None,None
153441,385000.0,,-19.932243600000003,-43.97672239999997,3,2,0,,67.0,200.0,oeste,Nova Suíssa,12/08/18,None,None
365185,230000.0,,-19.894184399999997,-43.998279200000006,2,1,0,,23.0,130.0,pampulha,Manacás,12/08/18,None,None
65450,450000.0,,-19.917208399999996,-43.9256292,3,1,0,,110.0,450.0,leste,Santa Tereza,12/08/18,None,None
172777,550000.0,,-19.949434,-43.92250809999996,3,1,1,,157.35,350.0,centro-sul,Anchieta,12/08/18,None,None
57920,356000.0,,-19.911803,-44.00027499999999,3,1,1,,110.0,280.0,noroeste,Ipanema,12/08/18,None,None
37698,360000.0,,-19.9010064,-43.92951340000002,3,1,1,,105.94,320.0,nordeste,Concórdia,12/08/18,None,None
355551,370000.0,,-19.8705916,-43.92032019999999,2,2,0,,115.0,260.0,nordeste,Fernão Dias,12/08/18,None,None
32128,400000.0,,-19.9200192,-43.91134249999999,3,1,1,,87.0,240.0,centro-sul,Santa Efigênia,12/08/18,None,None
12437,440000.0,,-19.9047397,-43.9082062,3,1,1,,0.0,250.0,leste,Esplanada,12/08/18,None,None
1451550,500000.0,,-19.9360128,-43.93532690000001,3,1,0,,165.0,984.07,centro-sul,Savassi,12/08/18,None,None
11698,650000.0,,-19.8987893,-43.92122080000002,4,1,1,,140.0,500.0,leste,Sagrada Família,12/08/18,None,None
139069,730000.0,,-19.9071505,-43.96973650000001,4,3,1,,0.0,450.0,noroeste,Caiçaras,12/08/18,None,None
127538,1100000.0,,-19.934254,-43.954883,2,3,1,,0.0,600.0,oeste,Gutierrez,12/08/18,None,None
64359,470000.0,,-19.844371,-43.97470269999997,3,1,1,,0.0,120.0,pampulha,Santa Amélia,12/08/18,None,None
146040,615000.0,,-19.912150600000004,-43.93015450000002,3,2,1,,0.0,290.0,leste,Floresta,12/08/18,None,None
365080,110000.0,,-20.0147036,-44.00579329999999,2,1,0,,0.0,100.0,barreiro,Urucuia,12/08/18,None,None
336032,450000.0,,-19.942265399999997,-43.946889,1,2,1,,1030.0,312.18,centro-sul,Santo Antônio,12/08/18,None,None
424282,1650000.0,,-19.947591,-43.92384400000003,4,3,2,,953.0,1300.0,centro-sul,Cruzeiro,12/08/18,None,None
31598,1080000.0,,-19.944451,-43.9313239,3,1,1,,0.01,443.0,centro-sul,Carmo,12/08/18,None,None
31764,1080000.0,,-19.944451,-43.9313239,3,1,1,,0.01,443.0,centro-sul,Carmo,12/08/18,None,None
142209,215000.0,,-19.8262552,-43.95290469999998,2,1,0,,56.0,0.0,norte,Planalto,12/08/18,None,None
139361,320000.0,,-19.8971353,-43.93228520000002,2,2,0,,89.2,250.0,nordeste,Renascença,12/08/18,None,None
117525,2150000.0,,-19.9452433,-43.92536080000002,5,3,1,,1100.0,1400.0,centro-sul,Cruzeiro,12/08/18,None,None
356278,350000.0,,-19.905639,-43.92285090000002,3,2,1,,80.0,230.0,leste,Sagrada Família,12/08/18,None,None
2682014,390000.0,,-19.916902,-43.98587529999998,2,1,1,,110.0,343.39,noroeste,Padre Eustáquio,12/08/18,None,None
173161,620000.0,,-19.9466453,-43.940773000000036,3,2,1,,1290.0,520.0,centro-sul,Santo Antônio,12/08/18,None,None
25545,300000.0,,-19.9245663,-43.9896503,3,1,0,,61.9,350.0,noroeste,Minas Brasil,12/08/18,None,None
3236015,670000.0,,-19.9780957,-43.97340600000001,4,1,1,,245.0,480.0,oeste,Buritis,12/08/18,None,None
341062,365000.0,,-19.9531551,-43.979319499999974,2,1,1,,0.0,0.0,oeste,Havaí,12/08/18,None,None
55258,1240000.0,,-19.9583306,-43.938295600000004,4,3,1,,0.0,800.0,centro-sul,Sion,12/08/18,None,None
55253,1250000.0,,-19.9583306,-43.938295600000004,4,3,1,,0.0,800.0,centro-sul,Sion,12/08/18,None,None
7963,230000.0,,-19.8734402,-43.8986018,2,1,0,,68.1,230.0,nordeste,Goiânia,12/08/18,None,None
343545,280000.0,,-19.918179000000002,-43.97559699999999,2,2,0,,73.92,230.0,noroeste,Padre Eustáquio,12/08/18,None,None
180990,385000.0,,-19.9438794,-43.91895439999996,1,1,1,,225.0,450.0,centro-sul,Serra,12/08/18,None,None
472723,420000.0,,-19.887219,-43.90572639999999,3,2,1,,352.38,0.0,leste,Santa Inês,12/08/18,None,None
472717,550000.0,,-19.887219,-43.90572639999999,3,2,1,,352.38,0.0,leste,Santa Inês,12/08/18,None,None
2473556,650000.0,,-19.929648999999998,-43.95125400000001,4,2,1,,226.0,250.0,centro-sul,Santo Agostinho,12/08/18,None,None
40439,120000.0,,-19.8960254,-43.9473347,1,1,0,,119.19,0.0,noroeste,São Cristóvão,12/08/18,None,None
3251346,130000.0,,-19.835556399999998,-43.99093379999999,2,1,0,,0.0,100.0,pampulha,Copacabana,12/08/18,None,None
24319,230000.0,,-19.929994699999998,-44.00199129999999,3,1,0,,0.0,180.0,noroeste,Alto dos Pinheiros,12/08/18,None,None
6922,275000.0,,-19.896977800000002,-43.92659079999999,3,1,0,,100.0,200.0,leste,Sagrada Família,12/08/18,None,None
46726,400000.0,,-19.966804999999997,-43.971460999999984,3,1,1,,120.45,400.0,oeste,Buritis,12/08/18,None,None
39454,2180000.0,,-19.930623999999998,-43.957472,4,4,2,,0.0,967.0,oeste,Gutierrez,12/08/18,None,None
22003,315000.0,,-19.911723499999997,-43.96317479999999,3,1,0,,74.94,239.0,noroeste,Carlos Prates,12/08/18,None,None
347650,320000.0,,-19.950518399999996,-43.94414340000003,3,2,1,,121.37,385.44,centro-sul,Santo Antônio,12/08/18,None,None
174825,345000.0,,-19.9983715,-44.01938000000001,2,1,1,,97.0,120.0,barreiro,Diamante(barreiro),12/08/18,None,None
354538,695000.0,,-19.976884100000003,-43.9681779,4,3,1,,358.84,700.0,oeste,Buritis,12/08/18,None,None
151520,176500.0,,-19.819038600000003,-43.9454902,2,1,0,,0.0,15.0,norte,Juliana,12/08/18,None,None
3247354,85000.0,,-19.928697600000003,-44.01623949999998,2,1,0,,0.0,90.0,noroeste,Califórnia,12/08/18,None,None
365164,115000.0,,-20.0131057,-44.0147715,2,1,0,,0.0,170.0,barreiro,Solar do Barreiro (Barreiro),12/08/18,None,None
158236,130000.0,,-19.8632128,-43.95525309999999,1,0,1,,92.55,1300.0,pampulha,Liberdade,12/08/18,None,None
41474,140000.0,,-19.9265229,-44.01735359999998,2,1,0,,0.0,120.0,noroeste,Califórnia,12/08/18,None,None
358009,140000.0,,-19.82541,-43.96066289999999,2,1,0,,0.0,170.0,venda-nova,São João Batista,12/08/18,None,None
3258473,140000.0,,-19.816873,-43.94390010000001,2,1,0,,35.0,120.0,norte,Juliana,12/08/18,None,None
336339,155000.0,,-19.9227247,-43.95012939999998,1,1,1,,55.0,341.0,centro-sul,Barro Preto,12/08/18,None,None
1839971,158000.0,,-19.960568,-43.99295269999999,2,1,0,,0.0,140.0,oeste,Betânia,12/08/18,None,None
3253318,160000.0,,-19.8271373,-43.940396099999994,2,1,0,,23.0,0.0,norte,Jardim Guanabara,12/08/18,None,None
3253356,160000.0,,-19.9136266,-43.97965390000002,1,1,1,,0.0,190.0,noroeste,Padre Eustáquio,12/08/18,None,None
3235921,169000.0,,-19.9194068,-43.98104890000002,3,1,0,,60.0,180.0,noroeste,Padre Eustáquio,12/08/18,None,None
191776,185000.0,,-19.801114300000002,-43.99904170000002,2,1,0,,33.0,200.0,venda-nova,Venda Nova,12/08/18,None,None
628459,192000.0,,-19.9387978,-43.97386180000001,2,1,0,,70.0,180.0,oeste,Jardim América,12/08/18,None,None
165771,200000.0,,-19.8433134,-43.92903790000002,2,1,0,,0.0,0.0,norte,Guarani,12/08/18,None,None
50835,210000.0,,-19.881425699999998,-43.95435320000002,3,1,0,,260.0,230.0,noroeste,Nova Cachoeirinha,12/08/18,None,None
49496,215000.0,,-19.9044219,-43.9800123,3,1,0,,0.0,150.0,noroeste,Caiçaras,12/08/18,None,None
359767,224900.0,,-19.9112217,-44.01692960000002,2,1,0,,133.12,0.0,noroeste,Pindorama,12/08/18,None,None
156725,225000.0,,-19.842071,-43.96458899999999,2,1,1,,401.0,209.0,pampulha,Itapoã,12/08/18,None,None
365325,225000.0,,-19.8427574,-43.9835592,2,1,0,,800.0,160.0,pampulha,Jardim Atlântico,12/08/18,None,None
344377,229000.0,,-19.910253,-43.97206349999999,2,1,0,,69.0,140.0,noroeste,Pedro II,12/08/18,None,None
357962,230000.0,,-19.8801079,-43.9300791,2,1,0,,90.0,460.0,nordeste,Ipiranga,12/08/18,None,None
46920,232000.0,,-19.9500186,-43.94022180000002,2,2,1,,0.01,0.0,pampulha,Copacabana,12/08/18,None,None
46932,238000.0,,-19.9500186,-43.94022180000002,2,2,1,,0.01,0.0,pampulha,Copacabana,12/08/18,None,None
334337,240000.0,,-19.937964,-43.978411,2,1,0,,0.01,595.0,oeste,Nova Suíssa,12/08/18,None,None
359380,245000.0,,-19.950519,-43.9442201,3,1,0,,120.0,320.0,centro-sul,Santo Antônio,12/08/18,None,None
130636,250000.0,,-19.919516,-43.91174469999999,2,1,0,,69.67,160.0,centro-sul,Santa Efigênia,12/08/18,None,None
152692,250000.0,,-19.901553500000002,-43.91844029999999,2,1,0,,77.0,140.0,leste,Sagrada Família,12/08/18,None,None
354222,250000.0,,-19.9085483,-43.93977459999997,3,2,0,,0.0,0.0,leste,Colégio Batista,12/08/18,None,None
132518,255000.0,,-19.840430899999998,-43.93809169999997,3,1,0,,56.94,250.0,norte,Heliópolis,12/08/18,None,None
126755,260000.0,,-19.919549,-43.93968200000001,2,1,0,,0.0,560.0,centro-sul,Centro,12/08/18,None,None
1745337,260000.0,,-19.894444,-44.00005120000003,2,1,0,,0.0,180.0,pampulha,Manacás,12/08/18,None,None
360935,270000.0,,-19.9426217,-43.91757180000002,3,2,1,,105.76,381.95,centro-sul,Serra,12/08/18,None,None
1519167,270000.0,,-19.8800009,-43.99188140000001,3,1,1,,1343.0,374.0,pampulha,Paquetá,12/08/18,None,None
348035,280000.0,,-19.8929173,-43.93108330000001,4,1,1,,81.43,280.0,nordeste,Silveira,12/08/18,None,None
3245455,280000.0,,-19.904053,-43.92776090000001,2,1,0,,64.51,173.0,leste,Sagrada Família,12/08/18,None,None
3234877,290000.0,,-19.920950199999996,-43.951680700000004,2,1,0,,75.0,350.0,centro-sul,Barro Preto,12/08/18,None,None
37901,320000.0,,-19.879970899999996,-43.98269879999998,2,1,1,,140.0,250.0,pampulha,Ouro Preto,12/08/18,None,None
62125,320000.0,,-19.949685000000002,-43.94386500000002,3,2,1,,119.81,450.0,centro-sul,Santo Antônio,12/08/18,None,None
3238704,320000.0,,-19.9140626,-43.98123499999997,3,2,1,,28.0,300.0,noroeste,Padre Eustáquio,12/08/18,None,None
3240772,320000.0,,-19.938796,-43.97387809999998,2,2,1,,110.0,400.0,oeste,Jardim América,12/08/18,None,None
38199,350000.0,,-19.8812176,-43.98204129999999,2,2,1,,120.0,250.0,pampulha,Ouro Preto,12/08/18,None,None
349938,350000.0,,-19.947668,-43.92637300000001,2,1,0,,106.0,0.0,centro-sul,Anchieta,12/08/18,None,None
3257856,360888.91,,-19.932060999999997,-43.92041900000004,2,1,2,,180.0,350.0,leste,São Lucas,12/08/18,None,None
365452,374218.09,,-19.946340600000003,-43.93932369999999,1,1,0,,1.0,1.0,centro-sul,São Pedro,12/08/18,None,None
38676,380000.0,,-19.8810079,-43.98205759999996,2,1,1,,120.0,250.0,pampulha,Ouro Preto,12/08/18,None,None
142929,380000.0,,-19.8747553,-44.00029869999997,3,1,1,,87.0,470.0,pampulha,Bandeirantes (pampulha),12/08/18,None,None
350500,380000.0,,-19.9496692,-43.94273020000003,3,3,1,,0.01,0.0,centro-sul,Santo Antônio,12/08/18,None,None
3241292,380000.0,,-19.944776899999997,-43.93066099999999,3,2,0,,150.0,300.0,centro-sul,Cruzeiro,12/08/18,None,None
3257857,387480.73,,-19.932060999999997,-43.92041900000004,2,1,2,,180.0,350.0,leste,São Lucas,12/08/18,None,None
12048,390000.0,,-19.9271488,-43.94066750000002,3,1,0,,1048.0,490.0,centro-sul,Centro,12/08/18,None,None
3257858,391279.56,,-19.932060999999997,-43.92041900000004,2,1,2,,180.0,350.0,leste,São Lucas,12/08/18,None,None
14567,399000.0,,-19.8346955,-43.97629010000003,3,2,1,,0.0,250.0,pampulha,Santa Mônica,12/08/18,None,None
367325,399000.0,,-19.9331913,-43.982429499999974,3,2,0,,91.32,0.0,oeste,Nova Suíssa,12/08/18,None,None
365392,402690.05,,-19.946340600000003,-43.93932369999999,1,1,0,,1.0,1.0,centro-sul,São Pedro,12/08/18,None,None
148787,425000.0,,-19.9883438,-44.01461510000002,3,2,1,,0.0,350.0,barreiro,Santa Helena (barreiro),12/08/18,None,None
132894,430000.0,,-19.9408539,-43.9694604,3,4,1,,1234.0,350.0,oeste,Nova Granada,12/08/18,None,None
359212,430000.0,,-19.885212600000003,-43.92662559999997,3,1,1,,166.11,200.0,leste,Cidade Nova,12/08/18,None,None
3256507,430000.0,,-19.8628891,-43.95535330000001,3,2,1,,158.74,500.0,pampulha,Liberdade,12/08/18,None,None
3257852,436865.52,,-19.932060999999997,-43.92041900000004,2,1,2,,180.0,350.0,leste,São Lucas,12/08/18,None,None
3257855,436865.52,,-19.932060999999997,-43.92041900000004,2,1,2,,180.0,350.0,leste,São Lucas,12/08/18,None,None
2562656,440000.0,,-19.889501199999998,-43.9943384,3,1,1,,109.0,350.0,pampulha,Castelo,12/08/18,None,None
3252641,445000.0,,-19.875894,-43.98593899999997,3,2,1,,120.31,0.0,pampulha,Ouro Preto,12/08/18,None,None
54885,446500.0,,-19.9883438,-44.01461510000002,3,2,1,,0.0,350.0,barreiro,Santa Helena (barreiro),12/08/18,None,None
759537,450000.0,,-19.872038800000002,-43.91388069999999,3,2,1,,0.0,250.0,nordeste,Fernão Dias,12/08/18,None,None
54867,451000.0,,-19.993303899999997,-44.014706400000016,3,2,1,,0.0,325.0,barreiro,Santa Helena (barreiro),12/08/18,None,None
54883,458800.0,,-19.9910155,-44.01389990000001,3,2,1,,0.0,325.0,barreiro,Santa Helena (barreiro),12/08/18,None,None
54884,462300.0,,-19.9922227,-44.01322060000001,3,2,1,,0.0,325.0,barreiro,Santa Helena (barreiro),12/08/18,None,None
2156965,483000.0,,-19.8898286,-43.98075110000002,3,1,1,,1.0,1.0,pampulha,Engenho Nogueira,12/08/18,None,None
3243778,485000.0,,-19.981148,-43.97650010000001,3,2,1,,197.92,540.0,oeste,Buritis,12/08/18,None,None
23834,500000.0,,-19.9757817,-43.96918210000001,4,2,1,,209.08,1000.0,oeste,Buritis,12/08/18,None,None
28461,500000.0,,-19.953539399999997,-43.9307101,2,2,1,,0.0,350.0,centro-sul,Sion,12/08/18,None,None
138183,500000.0,,-19.9612871,-43.94800409999999,3,3,1,,183.0,400.0,centro-sul,Santa Lúcia,12/08/18,None,None
1657115,500000.0,,-19.9357836,-43.95939770000001,3,2,1,,236.37,400.0,oeste,Gutierrez,12/08/18,None,None
49873,520000.0,,-19.973372199999996,-43.96595409999998,3,2,1,,196.36,400.0,oeste,Buritis,12/08/18,None,None
1815687,523000.0,,-19.9449475,-43.93727680000001,2,2,1,,170.76,350.0,centro-sul,Santo Antônio,12/08/18,None,None
49519,535000.0,,-19.930562899999998,-43.93125169999996,3,2,1,,100.0,516.0,centro-sul,Funcionários,12/08/18,None,None
163848,560000.0,,-19.883226,-44.00298599999997,3,2,1,,0.01,0.01,pampulha,Castelo,12/08/18,None,None
54887,653500.0,,-19.9883438,-44.01461510000002,4,2,1,,0.0,350.0,barreiro,Santa Helena (barreiro),12/08/18,None,None
3240211,670000.0,,-19.934404,-43.96177890000001,3,4,1,,0.0,0.0,oeste,Gutierrez,12/08/18,None,None
54886,698000.0,,-19.992133,-44.012961099999984,4,2,1,,0.0,325.0,barreiro,Santa Helena (barreiro),12/08/18,None,None
9587,699000.0,,-19.967129999999997,-43.96985369999999,4,4,2,,200.0,400.0,oeste,Buritis,12/08/18,None,None
177643,700000.0,,-19.869562,-43.919242,4,2,2,,169.96,371.0,nordeste,Fernão Dias,12/08/18,None,None
3241698,700000.0,,-19.9464284,-43.93295009999997,2,1,2,,200.0,450.0,centro-sul,Carmo,12/08/18,None,None
23688,720000.0,,-19.9456924,-43.93789770000001,4,4,2,,138.0,400.0,centro-sul,São Pedro,12/08/18,None,None
356377,753200.0,,-19.9308376,-43.96632360000001,3,2,1,,0.0,500.0,oeste,Prado,12/08/18,None,None
356379,768500.0,,-19.9308376,-43.96632360000001,3,2,1,,0.0,500.0,oeste,Prado,12/08/18,None,None
44803,780000.0,,-19.9638034,-43.945145300000036,3,2,1,,153.9,400.0,centro-sul,Santa Lúcia,12/08/18,None,None
356380,785600.0,,-19.9308376,-43.96632360000001,3,2,1,,0.0,500.0,oeste,Prado,12/08/18,None,None
356387,799200.0,,-19.9308376,-43.96632360000001,3,2,1,,0.0,500.0,oeste,Prado,12/08/18,None,None
356388,799200.0,,-19.9308376,-43.96632360000001,3,2,1,,0.0,500.0,oeste,Prado,12/08/18,None,None
356378,810800.0,,-19.9308376,-43.96632360000001,3,2,1,,0.0,500.0,oeste,Prado,12/08/18,None,None
163840,850000.0,,-19.883226,-44.00298599999997,3,2,1,,0.01,0.01,pampulha,Castelo,12/08/18,None,None
3241553,900000.0,,-19.8752514,-43.98288100000002,4,2,1,,0.01,0.0,pampulha,Ouro Preto,12/08/18,None,None
3215066,1350000.0,,-19.945998,-43.932241999999974,4,3,3,,560.1,1800.0,centro-sul,Sion,12/08/18,None,None
162644,2051430.0,,-19.948521,-43.93199300000003,4,1,2,,0.0,0.0,centro-sul,Carmo,12/08/18,None,None
760850,2090000.0,,-19.948521,-43.93199300000003,4,1,2,,0.0,0.0,centro-sul,Carmo,12/08/18,None,None
760851,2090000.0,,-19.948521,-43.93199300000003,4,1,2,,0.0,0.0,centro-sul,Carmo,12/08/18,None,None
3244278,2100000.0,,-19.9759142,-43.94386509999998,4,3,2,,990.0,1950.0,centro-sul,Belvedere,12/08/18,None,None
55088,4350000.0,,-19.9351583,-43.92280949999997,3,4,3,,500.0,3000.0,centro-sul,Serra,12/08/18,None,None
24134,505263.15,,-19.9044283,-43.92034039999999,3,1,1,,174.07,0.0,leste,Sagrada Família,12/08/18,None,None
21373,185000.0,,-19.919857999999998,-44.00994100000002,2,1,0,,0.01,150.0,noroeste,Califórnia II,12/08/18,None,None
145984,262000.0,,-19.8696543,-43.9964104,3,1,1,,0.0,270.0,pampulha,Paquetá,12/08/18,None,None
3243719,285000.0,,-19.917944,-43.97477900000001,2,1,0,,0.0,280.0,noroeste,Padre Eustáquio,12/08/18,None,None
338071,300000.0,,-19.927377,-43.91736200000002,3,1,0,,94.09,200.0,centro-sul,Santa Efigênia,12/08/18,None,None
9151,345000.0,,-19.8985669,-43.9772607,3,1,1,,62.0,150.0,noroeste,Caiçaras,12/08/18,None,None
6653,395000.0,,-19.930779100000002,-43.913719600000036,3,2,1,,115.0,400.0,leste,São Lucas,12/08/18,None,None
142915,450000.0,,-19.9385305,-43.95945340000003,3,3,1,,118.0,270.0,oeste,Gutierrez,12/08/18,None,None
55716,1150000.0,,-19.9584147,-43.9392711,4,3,1,,0.0,980.0,centro-sul,Sion,12/08/18,None,None
133198,235000.0,,-19.8389815,-43.9379265,2,1,1,,83.17,180.0,norte,Heliópolis,12/08/18,None,None
145518,215000.0,,-19.8717391,-44.01232590000001,2,1,0,,0.0,210.0,pampulha,Serrano,12/08/18,None,None
35239,230000.0,,-20.0058246,-44.00781189999998,3,1,0,,73.9,0.0,barreiro,Cardoso,12/08/18,None,None
55731,1140000.0,,-19.9583306,-43.938295600000004,3,3,1,,0.0,800.0,centro-sul,Sion,12/08/18,None,None
25678,290000.0,,-19.897246600000003,-43.9975261,2,1,1,,150.0,200.0,pampulha,Manacás,12/08/18,None,None
174757,320000.0,,-19.997179100000004,-44.01898779999999,2,1,0,,97.0,120.0,barreiro,Diamante(barreiro),12/08/18,None,None
87893,364090.4,,-19.8491331,-43.91655479999997,3,1,0,,92.0,257.0,norte,Guarani,12/08/18,None,None
87784,379832.1,,-19.8491331,-43.91655479999997,4,1,0,,92.0,257.0,norte,Guarani,12/08/18,None,None
13579,798000.0,,-19.878798800000002,-43.9959969,4,2,4,,400.0,500.0,pampulha,Castelo,12/08/18,None,None
3242189,1000000.0,,-19.959177800000003,-43.9376216,3,2,1,,244.0,0.0,centro-sul,Sion,12/08/18,None,None
55717,1200000.0,,-19.9583306,-43.938295600000004,4,1,1,,0.0,800.0,centro-sul,Sion,12/08/18,None,None
3256662,195000.0,,-19.987465399999998,-44.02925700000003,3,1,0,,648.0,260.0,barreiro,Diamante,12/08/18,None,None
45359,1490000.0,,-19.9570582,-43.949209,4,6,4,,709.0,1350.0,centro-sul,São Bento,12/08/18,None,None
3255079,180000.0,,-19.9338452,-43.97616470000003,2,1,0,,0.0,180.0,oeste,Nova Suíssa,12/08/18,None,None
13345,330000.0,,-19.9319315,-43.9638153,3,1,0,,39.36,182.0,oeste,Prado,12/08/18,None,None
22591,649000.0,,-19.919192000000002,-43.98076500000002,3,2,1,,2359.91,300.0,noroeste,Padre Eustáquio,12/08/18,None,None
55744,1160000.0,,-19.9583306,-43.938295600000004,4,3,1,,0.0,800.0,centro-sul,Sion,12/08/18,None,None
358163,210000.0,,-19.9570583,-43.98361420000003,1,1,0,,247.0,300.0,oeste,Betânia,12/08/18,None,None
218812,260000.0,,-19.8799519,-43.93312879999996,3,1,0,,86.0,440.0,nordeste,Ipiranga,12/08/18,None,None
361724,650000.0,,-19.982692899999996,-44.02386739999997,3,1,1,,143.25,250.0,barreiro,Barreiro de Baixo,12/08/18,None,None
460450,800000.0,,-19.928097,-43.94089059999999,4,2,1,,150.0,1000.0,centro-sul,Lourdes,12/08/18,None,None
395621,860000.0,,-19.934773999999997,-43.92762870000002,4,3,1,,233.0,990.0,centro-sul,Savassi,12/08/18,None,None
10980,380000.0,,-19.9806669,-44.014534399999995,3,1,1,,98.98,210.0,barreiro,Barreiro,12/08/18,None,None
8471,1800000.0,,-19.9492,-43.921945,4,4,2,,560.52,1600.0,centro-sul,Anchieta,12/08/18,None,None
837172,340000.0,,-19.88345,-44.002524,2,2,0,,861.33,370.0,pampulha,Castelo,12/08/18,None,None
987401,255000.0,,-19.8753139,-43.916586,2,1,0,,95.18,338.0,nordeste,Fernão Dias,12/08/18,None,None
18696,1400000.0,,-19.944596,-43.92127399999998,4,5,3,,0.01,1200.0,centro-sul,Serra,12/08/18,None,None
52618,240000.0,,-19.845164800000003,-43.93977200000001,3,2,0,,69.98,300.0,norte,Heliópolis,12/08/18,None,None
26762,445000.0,,-19.9124111,-44.00083480000001,3,1,1,,130.0,280.0,noroeste,Ipanema,12/08/18,None,None
26763,445000.0,,-19.9124111,-44.00083480000001,3,2,1,,130.0,280.0,noroeste,Ipanema,12/08/18,None,None
3212503,550000.0,,-19.9234585,-43.948375199999994,3,2,1,,175.0,1100.0,centro-sul,Santo Agostinho,12/08/18,None,None
30417,3800000.0,,-19.9324841,-43.943125200000004,5,5,3,,1245.61,2200.0,centro-sul,Santo Agostinho,12/08/18,None,None
172523,350000.0,,-19.9368008,-43.97914120000002,3,2,1,,88.99,300.0,oeste,Nova Suíssa,12/08/18,None,None
24987,370000.0,,-19.937139300000002,-43.958718299999994,3,2,0,,72.64,150.0,oeste,Gutierrez,12/08/18,None,None
38801,450000.0,,-19.9348869,-43.963169799999996,3,1,1,,98.15,250.0,oeste,Barroca,12/08/18,None,None
1609415,250000.0,,-19.902746399999998,-43.92750150000001,2,2,0,,108.47,550.0,leste,Sagrada Família,12/08/18,None,None
138001,487000.0,,-19.9376854,-43.96151039999995,3,3,1,,203.02,550.0,oeste,Gutierrez,12/08/18,None,None
147591,590000.0,,-19.879146399999996,-43.99726799999996,3,2,1,,198.0,600.0,pampulha,Ouro Preto,12/08/18,None,None
166445,172000.0,,-19.8575475,-43.8890174,2,1,0,,0.0,180.0,nordeste,Jardim Vitória,12/08/18,None,None
10741,905000.0,,-19.922591,-43.98837600000002,3,2,1,,0.0,250.0,noroeste,Coração Eucarístico,12/08/18,None,None
159026,180000.0,,-19.9609191,-43.97396750000002,2,1,0,,50.0,135.0,oeste,Havaí,12/08/18,None,None
3245214,270000.0,,-19.964306699999998,-43.97398069999997,3,2,1,,98.0,200.0,oeste,Havaí,12/08/18,None,None
30215,305000.0,,-19.8317132,-43.9637242,3,1,1,,80.0,360.0,pampulha,Santa Branca,12/08/18,None,None
3240250,285000.0,,-19.960331,-43.982711,3,2,0,,81.37,200.0,oeste,Cinquentenário,12/08/18,None,None
12325,300000.0,,-19.9381478,-43.95774059999997,2,1,0,,83.57,140.0,oeste,Gutierrez,12/08/18,None,None
364118,450000.0,,-19.9592838,-43.93092200000001,3,2,1,,150.0,310.0,centro-sul,Sion,12/08/18,None,None
20005,600000.0,,-19.9490146,-43.9440626,4,2,1,,160.0,560.0,centro-sul,Santo Antônio,12/08/18,None,None
3234713,298000.0,,-19.959764800000002,-43.98159420000002,3,1,1,,86.51,312.4,oeste,Betânia,12/08/18,None,None
170024,350000.0,,-19.941303899999998,-43.91255319999999,3,2,1,,103.69,252.0,centro-sul,Serra,12/08/18,None,None
64070,415000.0,,-19.937989,-43.96386699999999,3,3,1,,145.2,400.0,oeste,Grajaú,12/08/18,None,None
167208,795000.0,,-19.9789869,-44.01591659999997,3,3,1,,233.0,650.0,barreiro,Barreiro,12/08/18,None,None
175111,220000.0,,-20.0012264,-44.01900590000002,2,1,0,,110.0,120.0,barreiro,Diamante,12/08/18,None,None
175656,220000.0,,-19.9984146,-44.01972979999999,2,1,0,,110.0,120.0,barreiro,Diamante,12/08/18,None,None
26021,273000.0,,-19.9697727,-43.96007880000002,1,1,0,,135.39,200.0,oeste,Estoril,12/08/18,None,None
130740,395000.0,,-19.8743343,-43.91489139999999,3,1,1,,98.87,273.32,nordeste,Fernão Dias,12/08/18,None,None
66263,270000.0,,-19.894157999999997,-43.97278800000004,2,1,0,,0.0,68.3,noroeste,Caiçaras,12/08/18,None,None
40724,200000.0,,-19.814780300000002,-43.95262860000002,3,1,0,,0.0,300.0,venda-nova,Parque São Pedro (venda Nova),12/08/18,None,None
3255939,480000.0,,-19.932254800000003,-43.97274900000002,2,2,1,,175.36,565.0,oeste,Nova Suíssa,12/08/18,None,None
60328,890000.0,,-19.956443,-43.9368771,3,2,1,,229.0,650.0,centro-sul,Sion,12/08/18,None,None
154919,1300000.0,,-19.965200600000003,-43.951143,4,4,3,,255.74,700.0,centro-sul,São Bento,12/08/18,None,None
3252961,390000.0,,-19.94947,-43.94270800000004,3,2,1,,55.0,320.0,centro-sul,Santo Antônio,12/08/18,None,None
30618,1295000.0,,-19.9480901,-43.93241620000003,4,3,1,,337.83,1100.0,centro-sul,Sion,12/08/18,None,None
27019,135000.0,,-19.818832999999998,-43.94287299999996,2,1,0,,20.0,110.0,norte,Juliana,12/08/18,None,None
33005,650000.0,,-19.979918100000003,-44.0180474,3,2,1,,194.04,0.0,barreiro,Barreiro,12/08/18,None,None
573416,349000.0,,-19.8770764,-43.994347499999996,2,2,1,,97.0,400.0,pampulha,Castelo,12/08/18,None,None
34641,600000.0,,-19.9264021,-43.97476849999998,4,4,2,,227.02,460.0,oeste,Calafate,12/08/18,None,None
164043,270000.0,,-19.878854999999998,-43.99608169999999,3,1,0,,50.0,196.0,pampulha,Castelo,12/08/18,None,None
3256309,270000.0,,-19.9075085,-43.936693200000036,2,1,0,,92.2,240.0,leste,Floresta,12/08/18,None,None
166142,369000.0,,-19.935457999999997,-43.97379799999999,3,3,1,,0.0,220.0,oeste,Nova Suíssa,12/08/18,None,None
1582111,430000.0,,-19.941859899999997,-43.9637027,3,2,1,,1839.49,475.0,oeste,Grajaú,12/08/18,None,None
7539,630000.0,,-19.9486234,-43.9427718,3,3,1,,199.87,520.0,centro-sul,Santo Antônio,12/08/18,None,None
7298,650000.0,,-19.9465565,-43.94897850000001,4,2,1,,152.0,300.0,centro-sul,Santo Antônio,12/08/18,None,None
9866,650000.0,,-19.955938,-43.96786839999999,3,3,1,,146.0,170.0,oeste,Estoril,12/08/18,None,None
3254250,280000.0,,-19.981553899999998,-44.0049148,2,2,0,,102.0,120.0,barreiro,Milionários,12/08/18,None,None
53446,320000.0,,-19.9362927,-43.93471840000001,1,1,1,,250.0,1245.0,centro-sul,Savassi,12/08/18,None,None
3212091,139000.0,,-19.799058,-43.96977300000003,2,1,0,,0.0,123.0,venda-nova,Europa,12/08/18,None,None
978466,359000.0,,-19.917530399999997,-43.966826899999994,3,2,1,,120.68,250.0,noroeste,Padre Eustáquio,12/08/18,None,None
160803,380000.0,,-19.9335357,-43.93124920000002,1,1,0,,1277.52,581.15,centro-sul,Funcionários,12/08/18,None,None
3213611,920000.0,,-19.907882,-43.924724999999974,4,1,1,,0.0,0.0,leste,Sagrada Família,12/08/18,None,None
358714,130000.0,,-19.8073968,-43.93753679999998,2,1,0,,0.0,0.0,norte,Juliana,12/08/18,None,None
179570,170000.0,,-19.987970800000003,-44.0330295,3,1,0,,0.0,200.0,barreiro,João Paulo II (Barreiro,12/08/18,None,None
36598,190000.0,,-19.886210300000002,-43.96150019999999,2,1,0,,66.83,0.0,noroeste,Aparecida,12/08/18,None,None
36599,190000.0,,-19.8862104,-43.961500099999974,2,1,0,,66.64,0.0,noroeste,Aparecida,12/08/18,None,None
61817,220000.0,,-19.899716100000003,-43.949004899999984,2,1,0,,0.0,0.0,noroeste,São Cristóvão,12/08/18,None,None
358502,225000.0,,-19.896906,-44.01391000000001,2,1,0,,0.0,0.0,noroeste,Glória,12/08/18,None,None
358519,225000.0,,-19.896906,-44.01391000000001,2,1,0,,0.0,0.0,noroeste,Glória,12/08/18,None,None
3252836,233000.0,,-19.908142,-43.93829549999998,2,1,0,,0.0,150.0,leste,Floresta,12/08/18,None,None
269952,235000.0,,-19.838612,-43.96768299999997,2,1,0,,0.0,250.0,pampulha,Santa Branca,12/08/18,None,None
40397,240000.0,,-19.8881823,-43.94337200000001,2,1,0,,0.0,212.0,nordeste,Renascença,12/08/18,None,None
61816,240000.0,,-19.9001624,-43.94879140000001,2,1,0,,0.0,0.0,noroeste,São Cristóvão,12/08/18,None,None
336064,240000.0,,-20.0107182,-44.00633270000003,2,1,0,,66.0,331.35,barreiro,Cardoso,12/08/18,None,None
1074108,245000.0,,-19.969060600000002,-43.98049750000001,2,2,1,,247.12,0.0,oeste,Palmeiras,12/08/18,None,None
357702,260000.0,,-19.896906,-44.01391000000001,2,1,0,,0.0,0.0,noroeste,Glória,12/08/18,None,None
267749,265000.0,,-19.8386377,-43.96712819999999,2,1,0,,0.0,220.0,pampulha,Santa Branca,12/08/18,None,None
345550,265000.0,,-20.0096949,-44.0056338,2,1,0,,67.0,320.0,barreiro,Cardoso,12/08/18,None,None
156293,270000.0,,-19.8870954,-43.998281599999984,3,1,0,,0.0,250.0,pampulha,Castelo,12/08/18,None,None
337329,270000.0,,-19.826524399999997,-43.94559379999998,2,2,1,,0.0,0.0,norte,Vila Cloris,12/08/18,None,None
337333,270000.0,,-19.826524399999997,-43.94559379999998,2,2,1,,0.0,0.0,norte,Vila Cloris,12/08/18,None,None
358505,270000.0,,-19.8815643,-44.0044628,2,1,1,,0.0,0.0,pampulha,Castelo,12/08/18,None,None
51469,285000.0,,-19.8650004,-43.909244799999996,2,2,1,,0.0,0.0,nordeste,Maria Goretti,12/08/18,None,None
46425,286200.0,,-19.893971399999998,-44.003714899999984,3,2,0,,0.0,0.0,noroeste,Alípio de Melo,12/08/18,None,None
41797,290000.0,,-19.8985068,-44.03138669999999,2,2,0,,0.0,0.0,noroeste,Glória,12/08/18,None,None
147569,290000.0,,-19.8985215,-44.01346130000002,2,0,0,,0.0,0.0,noroeste,Glória,12/08/18,None,None
405735,290000.0,,-19.8867512,-44.0021496,3,1,1,,0.0,0.0,pampulha,Castelo,12/08/18,None,None
39192,299000.0,,-19.8835357,-43.92896359999998,2,1,0,,61.0,220.0,nordeste,União,12/08/18,None,None
167153,299000.0,,-19.8225415,-43.98166730000002,3,1,1,,0.0,0.0,venda-nova,Rio Branco,12/08/18,None,None
167179,299000.0,,-19.8225415,-43.98166730000002,3,1,1,,0.0,0.0,venda-nova,Rio Branco,12/08/18,None,None
167188,299000.0,,-19.8225415,-43.98166730000002,3,1,1,,0.0,0.0,venda-nova,Rio Branco,12/08/18,None,None
32661,300000.0,,-19.897755,-43.95801219999999,3,1,1,,0.0,0.0,noroeste,Senhor Bom Jesus,12/08/18,None,None
56659,300000.0,,-19.8651315,-43.90389540000001,3,1,1,,0.0,0.0,nordeste,Goiânia,12/08/18,None,None
61821,300000.0,,-19.899716100000003,-43.949004899999984,2,1,0,,0.0,0.0,noroeste,São Cristóvão,12/08/18,None,None
337321,300000.0,,-19.826524399999997,-43.94559379999998,3,2,1,,0.0,0.0,norte,Vila Cloris,12/08/18,None,None
337331,300000.0,,-19.8265163,-43.94558949999998,3,2,1,,0.0,0.0,norte,Vila Cloris,12/08/18,None,None
1382366,305000.0,,-19.8939835,-43.90853600000002,3,2,0,,79.35,0.0,leste,Boa Vista,12/08/18,None,None
337330,310000.0,,-19.826524399999997,-43.94559379999998,3,2,1,,0.0,0.0,norte,Vila Cloris,12/08/18,None,None
357754,310000.0,,-19.896906,-44.01391000000001,2,1,0,,0.0,0.0,noroeste,Glória,12/08/18,None,None
32660,315000.0,,-19.897755,-43.95801219999999,3,1,1,,0.0,0.0,noroeste,Senhor Bom Jesus,12/08/18,None,None
352176,320000.0,,-19.865886899999996,-44.00456029999998,3,1,0,,0.0,0.0,pampulha,Itatiaia,12/08/18,None,None
623876,324000.0,,-19.8312941,-43.94374570000002,3,2,1,,0.0,0.0,norte,Planalto,12/08/18,None,None
13038,330000.0,,-19.876170499999997,-44.00675660000002,3,2,1,,0.0,0.0,pampulha,Santa Terezinha,12/08/18,None,None
26595,330000.0,,-19.9316359,-43.93098350000002,1,1,0,,96.0,480.0,centro-sul,Funcionários,12/08/18,None,None
337332,330000.0,,-19.826524399999997,-43.94559379999998,3,2,1,,0.0,0.0,norte,Vila Cloris,12/08/18,None,None
337334,330000.0,,-19.826524399999997,-43.94559379999998,3,2,1,,0.0,0.0,norte,Vila Cloris,12/08/18,None,None
3236431,330000.0,,-19.821019,-43.979773000000016,3,2,1,,0.0,0.0,venda-nova,Sinimbu,12/08/18,None,None
623332,334000.0,,-19.8312941,-43.94374570000002,3,2,1,,0.0,0.0,norte,Planalto,12/08/18,None,None
59816,337000.0,,-19.879689399999997,-43.945336399999974,2,2,1,,0.0,0.0,nordeste,Parque São João Batista,12/08/18,None,None
141070,350000.0,,-19.9973085,-44.02028780000001,3,1,1,,457.0,0.0,barreiro,Diamante(barreiro),12/08/18,None,None
124867,355000.0,,-19.941875699999997,-43.96371099999999,2,2,1,,0.0,0.0,oeste,Grajaú,12/08/18,None,None
192151,370000.0,,-19.9763798,-43.9690526,3,3,1,,138.24,340.0,oeste,Buritis,12/08/18,None,None
253017,370000.0,,-19.9803787,-44.021700200000005,3,2,1,,98.0,270.0,barreiro,Barreiro,12/08/18,None,None
48849,375000.0,,-19.8209244,-43.98555529999999,3,2,1,,0.0,0.0,venda-nova,Sinimbu,12/08/18,None,None
62962,399800.0,,-19.863398,-43.95412640000001,3,2,1,,0.0,150.0,pampulha,Liberdade,12/08/18,None,None
66465,399800.0,,-19.8633655,-43.95408739999999,3,2,1,,0.0,150.0,pampulha,Liberdade,12/08/18,None,None
1673103,410000.0,,-19.883183199999998,-43.915819,2,3,1,,0.0,380.0,nordeste,União,12/08/18,None,None
345133,420000.0,,-19.8722182,-43.989354799999994,2,2,0,,0.0,0.0,pampulha,Paquetá,12/08/18,None,None
3235107,425000.0,,-19.937436399999996,-43.95984440000001,3,2,0,,0.0,0.0,oeste,Gutierrez,12/08/18,None,None
61504,430000.0,,-19.846023000000002,-43.93848500000002,2,2,1,,0.0,0.0,norte,Heliópolis,12/08/18,None,None
361571,449900.0,,-19.874083600000002,-43.99527239999998,3,1,1,,0.0,0.0,pampulha,Castelo,12/08/18,None,None
37546,460000.0,,-19.82464373071417,-43.97432703173831,4,2,1,,0.0,0.0,pampulha,Santa Mônica,12/08/18,None,None
623331,468000.0,,-19.8312941,-43.94374570000002,3,2,1,,0.0,0.0,norte,Planalto,12/08/18,None,None
623878,478000.0,,-19.831303899999998,-43.94376260000002,3,2,1,,0.0,0.0,norte,Planalto,12/08/18,None,None
37552,480000.0,,-19.8241172600612,-43.97408133914792,4,2,1,,0.0,0.0,pampulha,Santa Mônica,12/08/18,None,None
48854,480000.0,,-19.820913100000002,-43.985540799999974,3,2,1,,0.0,0.0,venda-nova,Sinimbu,12/08/18,None,None
48855,480000.0,,-19.8209244,-43.98555529999999,3,2,1,,0.0,0.0,venda-nova,Sinimbu,12/08/18,None,None
50958,480000.0,,-19.921969,-43.98103100000003,3,2,1,,0.0,0.0,noroeste,Padre Eustáquio,12/08/18,None,None
346269,480000.0,,-19.9876597,-44.0307024,3,1,1,,0.0,0.0,barreiro,Diamante,12/08/18,None,None
623877,488000.0,,-19.831303899999998,-43.94376260000002,3,2,1,,0.0,0.0,norte,Planalto,12/08/18,None,None
145909,490000.0,,-19.8872928,-43.90682219999997,3,2,1,,0.0,0.0,leste,Santa Inês,12/08/18,None,None
38549,500000.0,,-19.883770600000002,-43.91810520000002,3,2,1,,0.0,0.0,nordeste,União,12/08/18,None,None
30349,513500.0,,-19.921101999999998,-43.97436500000003,3,2,1,,0.0,0.0,noroeste,Padre Eustáquio,12/08/18,None,None
38035,515000.0,,-19.888361899999996,-43.94153970000002,3,2,1,,0.0,200.0,nordeste,Renascença,12/08/18,None,None
513650,515000.0,,-19.8986671,-43.9169326,3,1,1,,0.0,0.0,leste,Sagrada Família,12/08/18,None,None
3239445,520000.0,,-19.907104999999998,-44.00064600000002,2,1,1,,0.0,0.0,noroeste,Jardim Inconfidência,12/08/18,None,None
136360,535000.0,,-19.978729,-43.97848799999997,4,3,1,,0.0,0.0,oeste,Buritis,12/08/18,None,None
40842,580000.0,,-19.8883738,-43.93242980000002,3,3,1,,0.0,0.0,nordeste,Silveira,12/08/18,None,None
958230,589900.0,,-19.8756924,-43.9974631,3,1,1,,0.0,0.0,pampulha,Castelo,12/08/18,None,None
958231,589900.0,,-19.8756924,-43.9974631,3,1,1,,0.0,0.0,pampulha,Castelo,12/08/18,None,None
1047074,594900.0,,-19.8757641,-43.99762150000004,3,1,1,,0.0,0.0,pampulha,Castelo,12/08/18,None,None
958232,599900.0,,-19.8756924,-43.9974631,3,1,1,,0.0,0.0,pampulha,Castelo,12/08/18,None,None
1027563,599900.0,,-19.8757641,-43.99762150000004,3,1,1,,0.0,0.0,pampulha,Castelo,12/08/18,None,None
1027569,604900.0,,-19.8757641,-43.99762150000004,3,1,1,,0.0,0.0,pampulha,Castelo,12/08/18,None,None
957346,609900.0,,-19.8756924,-43.9974631,3,1,1,,0.0,0.0,pampulha,Castelo,12/08/18,None,None
1026623,609900.0,,-19.8757641,-43.99762150000004,3,1,1,,0.0,0.0,pampulha,Castelo,12/08/18,None,None
977589,614900.0,,-19.8756924,-43.9974631,3,1,1,,0.0,0.0,pampulha,Castelo,12/08/18,None,None
209080,630000.0,,-19.981633600000002,-44.02062160000003,3,1,1,,0.0,0.0,barreiro,Barreiro de Baixo,12/08/18,None,None
33887,650000.0,,-19.9263244,-43.9937597,3,3,1,,133.58,390.0,noroeste,Dom Cabral,12/08/18,None,None
136110,654455.0,,-19.978729,-43.97848799999997,4,3,1,,0.0,0.0,oeste,Buritis,12/08/18,None,None
30367,678800.0,,-19.921101999999998,-43.97436500000003,4,3,1,,0.0,0.0,noroeste,Padre Eustáquio,12/08/18,None,None
13362,680000.0,,-19.9174422,-43.93913939999999,4,1,1,,0.0,0.0,centro-sul,Sion,12/08/18,None,None
354701,695000.0,,-19.976789399999998,-44.01972920000003,4,1,1,,0.0,0.0,barreiro,Barreiro,12/08/18,None,None
55902,700000.0,,-19.890145999999998,-43.902881999999984,3,3,1,,0.0,0.0,leste,Santa Inês,12/08/18,None,None
136359,714088.0,,-19.978729,-43.97848799999997,4,3,1,,0.0,0.0,oeste,Buritis,12/08/18,None,None
24717,720000.0,,-19.8703391,-43.93394519999998,4,3,1,,0.0,0.0,nordeste,Palmares,12/08/18,None,None
957341,729900.0,,-19.8756953,-43.99742839999999,3,1,1,,0.0,0.0,pampulha,Castelo,12/08/18,None,None
55901,730000.0,,-19.8905489,-43.90362600000003,3,3,1,,0.0,0.0,leste,Santa Inês,12/08/18,None,None
957344,739000.0,,-19.8756953,-43.99742839999999,3,1,1,,0.0,0.0,pampulha,Castelo,12/08/18,None,None
17421,760000.0,,-19.932498100000004,-43.92237060000002,2,2,1,,0.0,0.0,centro-sul,Serra,12/08/18,None,None
136348,797714.0,,-19.978729,-43.97848799999997,4,4,1,,0.0,0.0,oeste,Buritis,12/08/18,None,None
143085,800000.0,,-19.885709600000002,-43.922788800000035,4,3,2,,0.0,0.0,nordeste,União,12/08/18,None,None
42408,830000.0,,-19.859649899999997,-43.95035410000003,4,3,2,,0.0,0.0,pampulha,Jaraguá,12/08/18,None,None
136443,833886.0,,-19.978729,-43.97848799999997,4,3,1,,0.0,0.0,oeste,Buritis,12/08/18,None,None
957343,869000.0,,-19.8756953,-43.99742839999999,3,1,1,,0.0,0.0,pampulha,Castelo,12/08/18,None,None
24716,880000.0,,-19.8710807,-43.9350078,4,4,2,,0.0,0.0,nordeste,Palmares,12/08/18,None,None
357053,890000.0,,-19.933629,-43.97798399999999,3,3,1,,0.0,0.0,oeste,Nova Suíssa,12/08/18,None,None
1028500,899900.0,,-19.875688500000003,-43.99766979999998,3,1,1,,0.0,0.0,pampulha,Castelo,12/08/18,None,None
1047075,989900.0,,-19.875688500000003,-43.99766979999998,3,1,1,,0.0,0.0,pampulha,Castelo,12/08/18,None,None
38886,1100000.0,,-19.883339399999997,-44.00307989999999,3,3,1,,0.0,0.0,pampulha,Castelo,12/08/18,None,None
143094,1350000.0,,-19.885709600000002,-43.922788800000035,4,2,2,,0.0,0.0,nordeste,União,12/08/18,None,None
2764359,1900000.0,,-19.9310906,-43.95687929999997,4,5,2,,0.0,750.0,oeste,Gutierrez,12/08/18,None,None
348966,88000.0,,-19.9056302,-43.94984199999999,2,1,0,,0.0,100.0,noroeste,Bonfim,12/08/18,None,None
339078,120000.0,,-19.9933995,-44.01847670000001,2,1,0,,0.0,0.0,barreiro,Santa Cruz (barreiro),12/08/18,None,None
3252362,120000.0,,-19.807246499999998,-43.935292,2,1,0,,27.37,190.0,norte,Juliana,12/08/18,None,None
52031,130000.0,,-19.988217499999998,-43.99051150000002,2,1,0,,0.0,0.0,barreiro,Bonsucesso,12/08/18,None,None
49608,135000.0,,-19.9166813,-43.934493100000005,2,1,0,,0.0,0.0,barreiro,Solar do Barreiro (Barreiro),12/08/18,None,None
340227,145000.0,,-19.9419212,-44.01178219999997,2,1,0,,54.0,180.0,noroeste,Camargos,12/08/18,None,None
352867,149500.0,,-20.000494,-44.001054399999994,2,1,0,,0.0,0.0,barreiro,Urucuia,12/08/18,None,None
3238223,155000.0,,-19.8764069,-44.01458119999995,3,1,0,,0.0,100.0,pampulha,Serrano,12/08/18,None,None
3242142,155000.0,,-19.9580759,-43.97554100000002,2,1,0,,0.0,130.0,oeste,Havaí,12/08/18,None,None
364454,160000.0,,-20.0027555,-44.00588729999998,2,1,0,,0.0,280.0,barreiro,Urucuia,12/08/18,None,None
2499082,160000.0,,-19.831210100000003,-43.93384609999998,2,1,0,,0.0,150.0,norte,Jardim Guanabara,12/08/18,None,None
15600,170000.0,,-19.983425699999998,-44.034802000000006,2,1,0,,0.0,0.0,barreiro,João Paulo II (Barreiro,12/08/18,None,None
1454235,170000.0,,-19.9849395,-44.00421589999996,3,1,0,,0.0,0.0,barreiro,Milionários,12/08/18,None,None
1660778,170000.0,,-19.9040086,-44.022795299999984,3,1,0,,0.0,100.0,noroeste,Coqueiros,12/08/18,None,None
145782,175000.0,,-19.8187443,-43.94464040000002,2,1,0,,34.0,100.0,norte,Juliana,12/08/18,None,None
66159,178000.0,,-19.8245197,-43.9744541,2,1,0,,0.0,100.0,pampulha,Santa Mônica,12/08/18,None,None
136963,180000.0,,-19.858097,-43.89589699999999,2,1,0,,0.0,0.0,nordeste,Goiânia,12/08/18,None,None
174877,180000.0,,-20.0022934,-44.0103178,3,1,0,,0.0,0.0,barreiro,Urucuia,12/08/18,None,None
347298,180000.0,,-19.960833800000003,-43.99369239999999,2,1,0,,0.0,120.0,oeste,Betânia,12/08/18,None,None
467159,180000.0,,-19.9934698,-44.02649470000001,2,1,0,,26.59,220.0,barreiro,Olaria,12/08/18,None,None
347710,189000.0,,-19.986435699999998,-44.028949099999984,3,1,0,,55.97,250.0,barreiro,Diamante,12/08/18,None,None
3255902,189000.0,,-19.9366695,-44.02219739999998,2,1,0,,120.0,0.0,noroeste,Camargos,12/08/18,None,None
3240892,190000.0,,-19.9309527,-43.99830729999997,2,1,0,,0.0,170.0,noroeste,João Pinheiro,12/08/18,None,None
8379,195000.0,,-19.9267122,-43.97260479999999,2,2,0,,0.0,140.0,oeste,Nova Suíssa,12/08/18,None,None
351150,200000.0,,-19.9265471,-43.90895009999997,2,1,0,,72.68,0.0,centro-sul,Santa Efigênia,12/08/18,None,None
55094,205000.0,,-19.8898711,-44.01797149999999,2,1,1,,0.0,100.0,pampulha,Serrano,12/08/18,None,None
55095,210000.0,,-19.8898711,-44.01797149999999,2,1,1,,0.0,100.0,pampulha,Serrano,12/08/18,None,None
157482,210000.0,,-19.920675,-43.91377230000001,2,1,0,,73.0,200.0,centro-sul,Santa Efigênia,12/08/18,None,None
55096,215000.0,,-19.8898711,-44.01797149999999,2,1,1,,0.0,100.0,pampulha,Serrano,12/08/18,None,None
238116,215000.0,,-19.9112217,-44.01692960000002,2,1,0,,133.12,0.0,noroeste,Pindorama,12/08/18,None,None
345218,215000.0,,-19.9191734,-43.93864859999997,2,1,0,,0.0,240.0,centro-sul,Centro,12/08/18,None,None
3235145,215000.0,,-19.979348899999998,-43.96978690000003,2,1,0,,71.8,180.0,oeste,Buritis,12/08/18,None,None
14464,220000.0,,-19.923654100000004,-43.9465696,1,1,0,,0.0,187.3,centro-sul,Lourdes,12/08/18,None,None
3234605,220000.0,,-19.9918371,-44.00442399999997,3,1,0,,0.0,0.0,barreiro,Flávio Marques Lisboa,12/08/18,None,None
3256916,220000.0,,-19.9451556,-43.97004390000001,3,3,0,,0.0,255.0,oeste,Nova Granada,12/08/18,None,None
137902,230000.0,,-19.992427,-44.00437929999998,3,1,0,,0.0,0.0,barreiro,Flávio Marques Lisboa,12/08/18,None,None
345572,230000.0,,-19.9925592,-44.0360546,3,1,1,,65.0,0.0,barreiro,Tirol,12/08/18,None,None
1736167,238000.0,,-19.913984,-43.985119,3,1,1,,0.0,350.0,noroeste,Minas Brasil,12/08/18,None,None
2217827,240000.0,,-19.935903,-43.96728020000001,2,2,0,,0.0,245.0,oeste,Grajaú,12/08/18,None,None
8057,250000.0,,-19.9330941,-43.98130949999995,2,1,1,,0.0,180.0,oeste,Nova Suíssa,12/08/18,None,None
35620,250000.0,,-19.9837888,-44.0037309,3,1,0,,0.0,0.0,barreiro,Milionários,12/08/18,None,None
51332,250000.0,,-19.8441372,-43.97080199999999,2,1,1,,40.0,150.0,pampulha,Santa Amélia,12/08/18,None,None
55097,250000.0,,-19.8898711,-44.01797149999999,2,1,1,,0.0,100.0,pampulha,Serrano,12/08/18,None,None
65603,250000.0,,-19.916421,-43.947175000000016,3,1,0,,24.0,286.0,noroeste,Carlos Prates,12/08/18,None,None
165492,250000.0,,-19.9331913,-43.982429499999974,2,1,0,,0.0,150.0,oeste,Nova Suíssa,12/08/18,None,None
347852,257382.17,,-19.924035800000002,-43.93842570000004,1,1,1,,0.0,0.0,centro-sul,Centro,12/08/18,None,None
55098,260000.0,,-19.890258499999998,-44.01932999999997,2,1,1,,0.0,100.0,pampulha,Serrano,12/08/18,None,None
159029,260000.0,,-19.8262551,-43.95290469999998,2,1,0,,56.0,300.0,norte,Planalto,12/08/18,None,None
363051,265000.0,,-19.8741098,-43.99136479999999,2,2,1,,80.0,300.0,pampulha,Ouro Preto,12/08/18,None,None
363095,270000.0,,-19.914137300000004,-43.97042820000002,3,1,0,,70.73,165.0,noroeste,Padre Eustáquio,12/08/18,None,None
606678,270000.0,,-19.8883763,-43.92125090000002,3,2,0,,97.45,0.0,nordeste,União,12/08/18,None,None
356371,273000.0,,-19.9417674,-43.97407450000003,2,1,0,,230.0,0.0,oeste,Jardim América,12/08/18,None,None
55092,275000.0,,-19.8898711,-44.01797149999999,2,1,1,,0.0,100.0,pampulha,Serrano,12/08/18,None,None
471088,280000.0,,-19.882846899999997,-43.93251570000001,3,2,1,,58.0,250.0,nordeste,Palmares,12/08/18,None,None
347317,282183.05,,-19.924035800000002,-43.93842570000004,1,1,1,,0.0,0.0,centro-sul,Centro,12/08/18,None,None
347443,287854.93,,-19.924035800000002,-43.93842570000004,1,1,1,,0.0,0.0,centro-sul,Centro,12/08/18,None,None
145820,290000.0,,-19.9307378,-43.91352990000002,3,2,1,,90.85,0.0,leste,São Lucas,12/08/18,None,None
352918,290000.0,,-19.9155329,-43.97541799999999,3,2,0,,65.03,250.0,noroeste,Padre Eustáquio,12/08/18,None,None
363746,290000.0,,-19.9193562,-43.97979620000001,2,2,1,,101.06,170.0,noroeste,Padre Eustáquio,12/08/18,None,None
3234028,290000.0,,-19.890680300000003,-43.93087370000001,3,2,1,,0.0,0.0,nordeste,Silveira,12/08/18,None,None
347224,292296.56,,-19.924035800000002,-43.93842570000004,1,1,1,,0.0,0.0,centro-sul,Centro,12/08/18,None,None
347879,293640.82,,-19.924035800000002,-43.93842570000004,1,1,1,,0.0,0.0,centro-sul,Centro,12/08/18,None,None
164201,295000.0,,-19.830183399999996,-43.98148979999996,3,1,1,,0.0,0.0,pampulha,Santa Mônica,12/08/18,None,None
347367,295219.52,,-19.924035800000002,-43.93842570000004,1,1,1,,0.0,0.0,centro-sul,Centro,12/08/18,None,None
17236,299000.0,,-19.8290824,-43.98168020000003,2,3,1,,112.0,341.0,pampulha,Santa Mônica,12/08/18,None,None
50720,300000.0,,-19.872722,-43.990968200000005,2,1,1,,0.0,0.0,pampulha,Ouro Preto,12/08/18,None,None
279168,300000.0,,-19.9447227,-43.974272600000006,2,1,0,,66.0,300.0,oeste,Jardim América,12/08/18,None,None
332553,300000.0,,-19.9893812,-44.00068539999995,3,2,0,,0.0,0.0,barreiro,Milionários,12/08/18,None,None
364693,300000.0,,-19.925122100000003,-43.94839300000001,3,1,0,,0.0,480.0,centro-sul,Barro Preto,12/08/18,None,None
1799405,300000.0,,-19.868137,-43.955377,3,1,0,,76.54,350.0,pampulha,São Francisco,12/08/18,None,None
347431,301530.03,,-19.924035800000002,-43.93842570000004,1,1,1,,0.0,0.0,centro-sul,Centro,12/08/18,None,None
347223,303959.84,,-19.924035800000002,-43.93842570000004,1,1,1,,0.0,0.0,centro-sul,Centro,12/08/18,None,None
347802,304164.97,,-19.924035800000002,-43.93842570000004,1,1,1,,0.0,0.0,centro-sul,Centro,12/08/18,None,None
347366,305405.29,,-19.924035800000002,-43.93842570000004,1,1,1,,0.0,0.0,centro-sul,Centro,12/08/18,None,None
347886,307206.62,,-19.924035800000002,-43.93842570000004,1,1,1,,0.0,0.0,centro-sul,Centro,12/08/18,None,None
347888,307590.78,,-19.924035800000002,-43.93842570000004,1,1,1,,0.0,0.0,centro-sul,Centro,12/08/18,None,None
63282,310000.0,,-19.8674753,-43.91692339999997,3,1,1,,87.97,248.0,nordeste,Fernão Dias,12/08/18,None,None
347433,311543.94,,-19.924035800000002,-43.93842570000004,1,1,1,,0.0,0.0,centro-sul,Centro,12/08/18,None,None
347432,313170.13,,-19.924035800000002,-43.93842570000004,1,1,1,,0.0,0.0,centro-sul,Centro,12/08/18,None,None
347887,317805.97,,-19.924035800000002,-43.93842570000004,1,1,1,,0.0,0.0,centro-sul,Centro,12/08/18,None,None
347885,319464.85,,-19.924035800000002,-43.93842570000004,1,1,1,,0.0,0.0,centro-sul,Centro,12/08/18,None,None
173027,320000.0,,-19.940475199999998,-43.93245690000003,2,1,0,,107.0,300.0,centro-sul,Cruzeiro,12/08/18,None,None
173239,320000.0,,-19.8294338,-43.981356300000016,2,2,1,,114.0,0.0,pampulha,Santa Mônica,12/08/18,None,None
347380,324860.75,,-19.924035800000002,-43.93842570000004,1,1,1,,0.0,0.0,centro-sul,Centro,12/08/18,None,None
9810,325000.0,,-19.941105899999997,-43.97636249999999,3,1,1,,0.0,0.0,oeste,Jardim América,12/08/18,None,None
347316,326364.37,,-19.924035800000002,-43.93842570000004,1,1,1,,0.0,0.0,centro-sul,Centro,12/08/18,None,None
347421,329628.01,,-19.924035800000002,-43.93842570000004,1,1,1,,0.0,0.0,centro-sul,Centro,12/08/18,None,None
2798130,330000.0,,-19.966481299999998,-43.96909099999999,2,1,0,,104.0,475.0,oeste,Estoril,12/08/18,None,None
3257676,330000.0,,-19.9738664,-43.96949919999997,3,2,1,,126.09,361.35,oeste,Buritis,12/08/18,None,None
3257973,330000.0,,-19.9208117,-43.978338099999974,3,1,1,,0.0,0.0,noroeste,Padre Eustáquio,12/08/18,None,None
347307,330714.06,,-19.924035800000002,-43.93842570000004,1,1,1,,0.0,0.0,centro-sul,Centro,12/08/18,None,None
347430,331390.45,,-19.924035800000002,-43.93842570000004,1,1,1,,0.0,0.0,centro-sul,Centro,12/08/18,None,None
347442,332924.29,,-19.924035800000002,-43.93842570000004,1,1,1,,0.0,0.0,centro-sul,Centro,12/08/18,None,None
363336,334500.0,,-19.956267967540818,-43.98581467777103,2,1,0,,0.0,0.0,oeste,Estrela do Oriente,12/08/18,None,None
1584182,335000.0,,-19.9984243,-44.04463140000002,3,1,1,,0.0,0.0,barreiro,Tirol (barreiro),12/08/18,None,None
1584183,335000.0,,-19.9984243,-44.04463140000002,3,1,1,,0.0,0.0,barreiro,Tirol (barreiro),12/08/18,None,None
347419,337361.41,,-19.924035800000002,-43.93842570000004,1,1,1,,0.0,0.0,centro-sul,Centro,12/08/18,None,None
347884,338051.4,,-19.924035800000002,-43.93842570000004,1,1,1,,0.0,0.0,centro-sul,Centro,12/08/18,None,None
347878,339616.07,,-19.924035800000002,-43.93842570000004,1,1,1,,0.0,0.0,centro-sul,Centro,12/08/18,None,None
347848,344142.37,,-19.924035800000002,-43.93842570000004,1,1,1,,0.0,0.0,centro-sul,Centro,12/08/18,None,None
3250188,350000.0,,-22.9073433,-43.18179680000003,1,1,1,,104.99,328.0,centro-sul,Centro,12/08/18,None,None
150552,360000.0,,-19.9355079,-43.93478800000002,1,1,0,,118.72,1450.0,centro-sul,Savassi,12/08/18,None,None
348682,370000.0,,-19.97334,-43.9734378,2,2,1,,139.97,400.0,oeste,Estoril,12/08/18,None,None
1634317,370000.0,,-19.8778133,-44.00316409999999,2,1,1,,106.0,250.0,pampulha,Castelo,12/08/18,None,None
206789,375000.0,,-19.875256399999998,-43.91651999999999,3,1,1,,121.6,330.0,nordeste,Fernão Dias,12/08/18,None,None
3255090,412000.0,,-19.996799399999997,-44.024484700000016,3,1,0,,0.0,0.0,barreiro,Diamante,12/08/18,None,None
3244562,425000.0,,-19.938002899999997,-43.97513900000001,3,2,1,,85.1,350.0,oeste,Nova Suíssa,12/08/18,None,None
341824,442000.0,,-19.88469191335808,-43.944405069311536,3,1,1,,0.0,300.0,nordeste,Cachoeirinha,12/08/18,None,None
3227890,445000.0,,-19.937034,-43.97760319999998,3,2,1,,0.0,0.0,oeste,Nova Suíssa,12/08/18,None,None
10246,450000.0,,-19.9498325,-43.95507739999999,3,1,1,,140.0,350.0,centro-sul,Luxemburgo,12/08/18,None,None
161874,450000.0,,-19.940876100000004,-43.915438600000016,3,2,1,,121.13,385.0,centro-sul,Serra,12/08/18,None,None
3254930,460000.0,,-19.938852999999998,-43.96634,3,3,1,,102.98,400.0,oeste,Grajaú,12/08/18,None,None
364720,470000.0,,-19.861113,-43.94298700000002,3,2,1,,119.0,311.0,pampulha,Dona Clara,12/08/18,None,None
142796,510000.0,,-19.9573622,-43.93914799999999,3,1,0,,177.52,676.0,centro-sul,Sion,12/08/18,None,None
2858208,520000.0,,-19.94748,-43.92798429999999,2,1,2,,180.0,350.0,centro-sul,Anchieta,12/08/18,None,None
3246369,520000.0,,-19.928173899999997,-43.975304,3,3,1,,120.9,350.0,oeste,Nova Suíssa,12/08/18,None,None
2858206,530000.0,,-19.94748,-43.92798429999999,2,1,2,,180.0,350.0,centro-sul,Anchieta,12/08/18,None,None
3237850,530000.0,,-19.9021932,-43.92364429999998,3,1,2,,0.0,0.0,leste,Sagrada Família,12/08/18,None,None
3252379,540000.0,,-19.9016593,-43.92816440000002,3,1,1,,0.0,0.0,leste,Floresta,12/08/18,None,None
348694,550000.0,,-19.9486437,-43.92915690000001,2,1,2,,180.0,350.0,centro-sul,Anchieta,12/08/18,None,None
357297,550000.0,,-19.9753505,-44.018460900000036,3,2,0,,1147.94,0.0,barreiro,Barreiro,12/08/18,None,None
1517719,550000.0,,-19.9583732,-43.93773899999997,3,3,1,,151.02,800.0,centro-sul,Sion,12/08/18,None,None
3237846,550000.0,,-19.9021932,-43.92364429999998,3,1,2,,0.0,0.0,leste,Sagrada Família,12/08/18,None,None
3237841,555000.0,,-19.9021932,-43.92364429999998,3,1,2,,0.0,0.0,leste,Sagrada Família,12/08/18,None,None
11458,560000.0,,-19.9418687,-43.96372750000001,3,2,1,,0.0,0.0,oeste,Grajaú,12/08/18,None,None
160526,560000.0,,-19.920317100000002,-43.938950500000026,3,1,1,,0.0,0.0,centro-sul,Centro,12/08/18,None,None
3228838,615000.0,,-19.937043,-43.977668,3,2,1,,0.0,0.0,oeste,Nova Suíssa,12/08/18,None,None
339763,620000.0,,-19.8773516,-43.99675680000002,3,1,1,,0.0,0.0,pampulha,Castelo,12/08/18,None,None
351726,631129.92,,-19.9360744,-43.9677122,2,2,1,,533.25,0.0,oeste,Barroca,12/08/18,None,None
351730,653321.74,,-19.9360744,-43.9677122,2,2,1,,533.25,0.0,oeste,Barroca,12/08/18,None,None
357052,655000.0,,-19.933646600000003,-43.97798539999997,3,3,1,,0.0,0.0,oeste,Nova Suíssa,12/08/18,None,None
354228,662560.0,,-19.9511957,-43.94771560000004,3,3,1,,0.1,0.1,centro-sul,Vila Paris,12/08/18,None,None
354253,662560.0,,-19.9511957,-43.94771560000004,3,3,1,,0.1,0.1,centro-sul,Vila Paris,12/08/18,None,None
354254,662560.0,,-19.9511957,-43.94771560000004,3,3,1,,0.1,0.1,centro-sul,Vila Paris,12/08/18,None,None
354249,664560.0,,-19.9511957,-43.94771560000004,3,3,1,,0.1,0.1,centro-sul,Vila Paris,12/08/18,None,None
354250,664560.0,,-19.9511957,-43.94771560000004,3,3,1,,0.1,0.1,centro-sul,Vila Paris,12/08/18,None,None
354251,666560.0,,-19.9511957,-43.94771560000004,3,3,1,,0.1,0.1,centro-sul,Vila Paris,12/08/18,None,None
354252,666560.0,,-19.9511957,-43.94771560000004,3,3,1,,0.1,0.1,centro-sul,Vila Paris,12/08/18,None,None
354255,670560.0,,-19.9511957,-43.94771560000004,3,3,1,,0.1,0.1,centro-sul,Vila Paris,12/08/18,None,None
354256,670560.0,,-19.9511957,-43.94771560000004,3,3,1,,0.1,0.1,centro-sul,Vila Paris,12/08/18,None,None
65126,680000.0,,-19.928591600000004,-43.93566010000001,2,1,0,,266.0,815.0,centro-sul,Funcionários,12/08/18,None,None
48197,700000.0,,-19.9096325,-43.925036799999994,3,1,1,,0.0,0.0,leste,Sagrada Família,12/08/18,None,None
351717,704995.53,,-19.9360744,-43.9677122,3,2,1,,533.25,0.0,oeste,Barroca,12/08/18,None,None
62601,719000.0,,-19.924924,-43.96031719999996,3,3,1,,0.0,0.0,oeste,Prado,12/08/18,None,None
351720,759853.3,,-19.9360744,-43.9677122,3,2,1,,533.25,0.0,oeste,Barroca,12/08/18,None,None
183636,795000.0,,-19.9779539,-44.02491299999997,3,4,1,,0.0,0.0,barreiro,Barreiro,12/08/18,None,None
181694,800000.0,,-19.9443616,-43.92687319999999,4,2,1,,0.01,230.0,centro-sul,Cruzeiro,12/08/18,None,None
356221,850000.0,,-19.926644,-43.960424999999994,4,4,1,,0.0,300.0,oeste,Prado,12/08/18,None,None
356364,890000.0,,-19.9295546,-43.9331631,3,3,1,,467.0,900.0,centro-sul,Savassi,12/08/18,None,None
583874,900000.0,,-19.881691800000002,-44.004545399999984,4,2,4,,350.0,0.0,pampulha,Castelo,12/08/18,None,None
3213612,920000.0,,-19.907882,-43.924724999999974,4,1,1,,0.0,0.0,leste,Sagrada Família,12/08/18,None,None
354279,1018000.0,,-19.9511957,-43.94771560000004,3,3,1,,0.1,0.1,centro-sul,Vila Paris,12/08/18,None,None
354266,1038200.0,,-19.9511957,-43.94771560000004,3,3,1,,0.1,0.1,centro-sul,Vila Paris,12/08/18,None,None
6406,1100000.0,,-19.956440399999998,-43.9368685,4,3,1,,0.0,0.0,centro-sul,Sion,12/08/18,None,None
220713,1149000.0,,-19.924924,-43.96031719999996,3,4,1,,0.0,0.0,oeste,Prado,12/08/18,None,None
62684,1199000.0,,-19.924890899999998,-43.96016529999997,3,4,1,,0.0,0.0,oeste,Prado,12/08/18,None,None
350227,1199000.0,,-19.924890899999998,-43.96016529999997,3,4,1,,0.0,0.0,oeste,Prado,12/08/18,None,None
3253409,1300000.0,,-19.941643,-43.94729330000001,4,2,1,,519.0,0.0,centro-sul,Santo Antônio,12/08/18,None,None
66680,1590000.0,,-19.934706100000003,-43.92789979999998,4,5,4,,789.0,950.0,centro-sul,Funcionários,12/08/18,None,None
50257,1740000.0,,-19.982470899999996,-44.01773739999999,4,4,3,,0.0,0.0,barreiro,Barreiro,12/08/18,None,None
3240390,950000.0,,-19.9730343,-43.9705591,4,2,1,,465.37,545.0,oeste,Buritis,12/08/18,None,None
149493,140000.0,,-19.992814199999998,-44.01971950000001,2,1,0,,28.97,130.0,barreiro,Santa Cruz (barreiro),12/08/18,None,None
367044,550000.0,,-19.8762152,-43.994719799999984,3,2,1,,171.25,500.0,pampulha,Castelo,12/08/18,None,None
61622,303052.0,,-19.917442899999998,-43.93423740000003,3,1,1,,0.0,280.0,pampulha,Castelo,12/08/18,None,None
12512,200000.0,,-19.957027,-43.9699268,3,1,0,,0.0,130.0,oeste,Estoril,12/08/18,None,None
41125,210000.0,,-19.822341199999997,-43.98173350000002,3,1,0,,551.0,217.0,pampulha,Santa Mônica,12/08/18,None,None
3232699,329000.0,,-19.9506121,-43.93925009999998,2,2,1,,150.0,500.0,centro-sul,São Pedro,12/08/18,None,None
36546,350000.0,,-19.9591943,-43.96717290000004,3,2,1,,75.53,310.0,oeste,Estoril,12/08/18,None,None
7916,430000.0,,-19.8740056,-44.00694039999996,3,1,1,,117.0,300.0,pampulha,Serrano,12/08/18,None,None
13608,650000.0,,-19.9060862,-43.97264630000001,4,3,1,,189.06,400.0,noroeste,Caiçaras,12/08/18,None,None
34742,360000.0,,-19.9489957,-43.96879310000003,3,2,1,,1.0,1.0,oeste,Nova Granada,12/08/18,None,None
34762,360000.0,,-19.9489957,-43.96879310000003,3,2,1,,98.58,400.0,oeste,Nova Granada,12/08/18,None,None
47441,350000.0,,-19.9206853,-43.91023999999999,3,2,1,,71.0,340.0,centro-sul,Santa Efigênia,12/08/18,None,None
146509,900000.0,,-19.858532,-43.96179779999999,4,4,2,,190.0,600.0,pampulha,São José (pampulha),12/08/18,None,None
347167,390000.0,,-19.9228097,-43.93660610000001,3,2,1,,128.6,350.0,centro-sul,Funcionários,12/08/18,None,None
10402,410000.0,,-19.9467168,-43.96034480000003,3,1,1,,217.19,300.0,oeste,Gutierrez,12/08/18,None,None
13516,375000.0,,-19.9981237,-44.01959160000001,2,1,1,,211.51,120.0,barreiro,Diamante,12/08/18,None,None
1535920,449900.0,,-19.9322117,-43.98171639999998,3,2,1,,173.0,550.0,oeste,Nova Suíssa,12/08/18,None,None
193482,170000.0,,-19.819685500000002,-43.943042200000036,2,1,0,,26.0,178.0,norte,Juliana,12/08/18,None,None
3238702,860000.0,,-19.947721100000003,-43.9359594,3,4,1,,200.0,700.0,centro-sul,Sion,12/08/18,None,None
346623,270000.0,,-19.9076327,-43.92113019999999,2,1,0,,72.98,160.0,leste,Sagrada Família,12/08/18,None,None
277017,280000.0,,-19.917442899999998,-43.93423740000003,3,1,1,,87.8,245.0,pampulha,Castelo,12/08/18,None,None
3241595,290000.0,,-19.933017,-43.96261100000004,3,2,0,,109.09,154.0,oeste,Barroca,12/08/18,None,None
27624,490000.0,,-19.872480499999998,-43.9211828,4,5,2,,107.1,0.0,nordeste,Fernão Dias,12/08/18,None,None
158786,520000.0,,-19.8723345,-43.99295219999999,3,2,1,,86.0,280.0,pampulha,Paquetá,12/08/18,None,None
11840,380000.0,,-19.918763000000002,-43.9242089,3,2,1,,70.0,400.0,leste,Floresta,12/08/18,None,None
351285,470000.0,,-19.998330600000003,-44.018609999999974,3,2,1,,133.0,320.0,barreiro,Diamante,12/08/18,None,None
158767,600000.0,,-19.9506023,-43.931156200000025,4,2,1,,249.0,550.0,centro-sul,Sion,12/08/18,None,None
350896,290000.0,,-19.888147,-43.99476200000004,3,2,1,,0.0,430.0,pampulha,Castelo,12/08/18,None,None
15975,460000.0,,-19.869444,-43.922889,3,2,1,,176.27,500.0,nordeste,União,12/08/18,None,None
166597,650000.0,,-19.994474800000003,-44.01988589999996,3,3,1,,101.84,150.0,barreiro,Diamante,12/08/18,None,None
11625,960000.0,,-19.948870199999998,-43.951221600000004,3,2,1,,422.83,300.0,centro-sul,Vila Paris,12/08/18,None,None
3254233,199000.0,,-19.982167999999998,-44.00478900000002,2,1,0,,102.0,120.0,barreiro,Milionários,12/08/18,None,None
3254236,199000.0,,-19.9819577,-44.00487639999999,2,1,0,,102.0,120.0,barreiro,Milionários,12/08/18,None,None
3254095,220000.0,,-19.9813224,-44.004707199999984,2,1,0,,102.0,120.0,barreiro,Milionários,12/08/18,None,None
3254105,220000.0,,-19.9816762,-44.004809300000026,2,1,0,,102.0,120.0,barreiro,Milionários,12/08/18,None,None
58760,370000.0,,-19.9177859,-43.944946000000016,3,1,0,,95.8,760.0,centro-sul,Barro Preto,12/08/18,None,None
58068,749000.0,,-19.977787300000003,-44.013269700000016,3,2,1,,0.0,0.0,barreiro,Barreiro,12/08/18,None,None
128176,940000.0,,-19.9809905,-43.97499970000001,3,4,1,,326.26,800.0,oeste,Buritis,12/08/18,None,None
142474,199000.0,,-19.914540300000002,-43.94729230000002,2,1,0,,301.09,244.0,noroeste,Carlos Prates,12/08/18,None,None
24923,299000.0,,-19.879869699999997,-43.99235880000003,3,2,1,,100.0,295.0,pampulha,Castelo,12/08/18,None,None
350888,300000.0,,-19.8722763,-43.99373739999999,3,1,1,,70.0,270.0,pampulha,Castelo,12/08/18,None,None
87560,319912.07,,-19.8491331,-43.91655479999997,3,1,0,,92.0,237.35,norte,Guarani,12/08/18,None,None
34370,330000.0,,-19.977950600000003,-43.97068009999998,2,1,1,,126.36,282.0,oeste,Buritis,12/08/18,None,None
17126,650000.0,,-19.9316116,-43.95118939999998,4,3,1,,120.0,300.0,centro-sul,Santo Agostinho,12/08/18,None,None
358538,225000.0,,-19.896893600000002,-44.01390129999999,2,1,0,,0.0,0.0,noroeste,Glória,12/08/18,None,None
6102,570000.0,,-19.945155,-43.94946210000001,3,3,2,,105.0,350.0,centro-sul,Santo Antônio,12/08/18,None,None
7632,620000.0,,-19.9552833,-43.9395993,4,3,1,,296.94,400.0,centro-sul,Sion,12/08/18,None,None
626926,550000.0,,-19.970249,-43.97255740000003,3,1,1,,231.28,728.12,oeste,Buritis,12/08/18,None,None
26587,950000.0,,-19.946391000000002,-43.92338849999999,4,2,1,,443.0,1000.0,centro-sul,Cruzeiro,12/08/18,None,None
46927,238000.0,,-19.9500186,-43.94022180000002,2,2,1,,0.01,0.0,pampulha,Copacabana,12/08/18,None,None
8391,880000.0,,-19.9252141,-43.99205740000002,4,2,1,,198.51,257.0,noroeste,Coração Eucarístico,12/08/18,None,None
3254065,230000.0,,-19.9817215,-44.004718499999974,2,1,0,,102.0,120.0,barreiro,Milionários,12/08/18,None,None
35240,185000.0,,-19.8310536,-43.93243310000002,3,1,0,,0.0,160.0,norte,Jardim Guanabara,12/08/18,None,None
25571,350000.0,,-19.8951754,-43.93357509999999,3,2,1,,67.0,300.0,nordeste,Silveira,12/08/18,None,None
26992,365000.0,,-19.940588,-43.92012329999999,2,2,1,,80.0,480.0,centro-sul,Serra,12/08/18,None,None
45559,440000.0,,-19.9422338,-43.93979939999997,3,1,0,,96.95,350.0,centro-sul,São Pedro,12/08/18,None,None
66902,227000.0,,-19.8123188,-43.96100039999999,3,2,1,,0.0,250.0,venda-nova,Venda Nova,12/08/18,None,None
28569,240000.0,,-19.9562308,-43.983735799999984,2,1,0,,65.37,265.0,oeste,Betânia,12/08/18,None,None
146460,310000.0,,-19.9659264,-43.95746109999999,1,1,1,,0.0,480.0,oeste,Estoril,12/08/18,None,None
342265,420000.0,,-19.873869439528786,-43.98284480688478,3,1,1,,90.0,270.0,pampulha,Ouro Preto,12/08/18,None,None
23719,670000.0,,-19.889731116787765,-43.992779892065414,4,3,1,,154.52,758.91,pampulha,Castelo,12/08/18,None,None
143533,436000.0,,-19.9124111,-44.00083480000001,3,2,1,,130.0,280.0,noroeste,Ipanema,12/08/18,None,None
30897,1890000.0,,-19.9385574,-43.928939799999974,4,2,1,,385.65,1503.0,centro-sul,Funcionários,12/08/18,None,None
3212092,530000.0,,-19.9556577,-43.93946679999999,3,3,1,,290.0,350.0,centro-sul,Sion,12/08/18,None,None
34143,200000.0,,-19.819897,-43.96867929999996,2,1,0,,40.0,160.0,venda-nova,São João Batista (venda Nova),12/08/18,None,None
3254245,280000.0,,-19.98198,-44.00443799999999,2,2,0,,102.0,120.0,barreiro,Milionários,12/08/18,None,None
10372,530000.0,,-19.975995,-44.01615670000001,3,3,1,,0.0,350.0,barreiro,Barreiro,12/08/18,None,None
15702,620000.0,,-19.893826999999998,-43.92106999999999,4,1,1,,134.68,900.0,leste,Sagrada Família,12/08/18,None,None
2223725,1350000.0,,-19.9847883,-44.02287209999997,3,2,1,,608.0,350.0,barreiro,Barreiro de Baixo,12/08/18,None,None
1832141,120000.0,,-20.01795,-44.02139599999998,2,1,0,,0.0,170.0,barreiro,Solar do Barreiro (Barreiro),12/08/18,None,None
22592,189000.0,,-19.9329566,-43.99893109999999,2,1,0,,20.83,110.0,noroeste,João Pinheiro,12/08/18,None,None
158134,220000.0,,-19.9156051,-43.94800570000001,3,2,0,,30.0,310.0,noroeste,Carlos Prates,12/08/18,None,None
20869,250000.0,,-19.9267206,-43.99727120000001,2,1,0,,55.0,280.0,noroeste,João Pinheiro,12/08/18,None,None
137610,270000.0,,-19.924688600000003,-43.94237620000001,1,1,0,,500.0,330.0,centro-sul,Lourdes,12/08/18,None,None
3254074,270000.0,,-19.981841600000003,-44.00450139999998,2,1,0,,102.0,120.0,barreiro,Milionários,12/08/18,None,None
721156,280000.0,,-19.8287708,-43.97893909999999,3,1,1,,110.0,180.0,pampulha,Santa Mônica,12/08/18,None,None
33592,375000.0,,-19.9394855,-43.9399343,1,1,0,,124.0,1180.0,centro-sul,Savassi,12/08/18,None,None
21079,510000.0,,-19.930848,-43.95872800000001,3,1,1,,114.39,450.0,oeste,Gutierrez,12/08/18,None,None
135559,530000.0,,-19.888081600000003,-43.9313032,3,2,1,,153.04,510.0,nordeste,Silveira,12/08/18,None,None
165425,1300000.0,,-19.8858253,-43.90606819999999,4,4,2,,174.0,350.0,leste,Santa Inês,12/08/18,None,None
335031,1600000.0,,-19.9545995,-43.93324639999997,4,3,2,,583.0,1980.0,centro-sul,Sion,12/08/18,None,None
33754,750000.0,,-19.9265398,-43.935137,3,2,1,,103.58,750.0,centro-sul,Centro,12/08/18,None,None
352449,479500.0,,-19.883304000000003,-44.00163800000002,3,1,1,,102.0,500.0,pampulha,Castelo,12/08/18,None,None
50323,520000.0,,-19.8883944,-43.92266419999999,4,5,2,,160.0,250.0,nordeste,União,12/08/18,None,None
135746,180000.0,,-19.9005047,-43.928468200000005,1,0,1,,0.0,650.0,nordeste,Silveira,12/08/18,None,None
3251103,260000.0,,-19.943212,-43.965450000000025,3,2,1,,72.0,330.0,oeste,Nova Granada,12/08/18,None,None
41286,320000.0,,-19.9928926,-44.00108620000003,2,1,0,,0.0,95.0,barreiro,Flávio Marques Lisboa,12/08/18,None,None
140806,325000.0,,-19.872254,-43.92065700000001,3,2,1,,90.9,270.0,nordeste,Fernão Dias,12/08/18,None,None
17262,400000.0,,-19.9344943,-43.963136299999974,3,2,1,,105.91,250.0,oeste,Barroca,12/08/18,None,None
142456,460000.0,,-19.944807,-43.96578099999999,3,3,1,,562.0,0.0,oeste,Nova Granada,12/08/18,None,None
51470,215000.0,,-19.8650004,-43.909244799999996,2,2,1,,0.0,0.0,nordeste,Maria Goretti,12/08/18,None,None
50943,640000.0,,-19.921969,-43.98103100000003,3,2,1,,0.0,0.0,noroeste,Padre Eustáquio,12/08/18,None,None
3254475,280000.0,,-19.9029115,-43.96166289999997,3,2,1,,105.39,230.0,noroeste,Nova Esperança,12/08/18,None,None
33552,450000.0,,-19.979654999999998,-44.01861099999997,3,2,1,,125.0,400.0,barreiro,Barreiro,12/08/18,None,None
15584,450000.0,,-19.868137,-43.955377,2,1,0,,70.9,380.0,pampulha,Liberdade,12/08/18,None,None
42389,1600000.0,,-19.938804,-43.92072400000001,4,5,2,,650.0,1900.0,centro-sul,Serra,12/08/18,None,None
66988,360000.0,,-19.8438938,-43.93825800000002,3,1,1,,0.0,170.0,norte,Heliópolis,12/08/18,None,None
31218,1280000.0,,-19.9383069,-43.92254890000004,4,1,1,,296.0,1200.0,centro-sul,Serra,12/08/18,None,None
181761,190000.0,,-19.986578100000003,-44.029177,3,1,0,,61.86,0.0,barreiro,Diamante,12/08/18,None,None
1526850,190000.0,,-19.968387,-43.93913800000002,2,1,0,,0.0,100.0,pampulha,Serrano,12/08/18,None,None
51472,235000.0,,-19.8650004,-43.90924480000001,2,2,1,,0.0,0.0,nordeste,Pirajá,12/08/18,None,None
51476,245000.0,,-19.8650004,-43.909244799999996,2,2,1,,0.0,0.0,nordeste,Maria Goretti,12/08/18,None,None
157412,252000.0,,-19.889062,-44.00207890000002,3,1,0,,0.0,181.0,pampulha,Castelo,12/08/18,None,None
61813,280000.0,,-19.899716100000003,-43.949004899999984,2,1,0,,0.0,0.0,noroeste,São Cristóvão,12/08/18,None,None
56662,300100.0,,-19.864448,-43.90172310000003,3,1,1,,0.0,0.0,nordeste,Goiânia,12/08/18,None,None
56667,300200.0,,-19.8636075,-43.90277279999998,2,1,1,,0.0,0.0,nordeste,Goiânia,12/08/18,None,None
56674,300500.0,,-19.8671695,-43.90030409999997,3,1,1,,0.0,0.0,nordeste,Goiânia,12/08/18,None,None
56675,300500.0,,-19.8671695,-43.90030409999997,3,1,1,,0.0,0.0,nordeste,Goiânia,12/08/18,None,None
56673,301000.0,,-19.8660491,-43.9022185,3,1,1,,0.0,0.0,nordeste,Goiânia,12/08/18,None,None
32694,640000.0,,-19.9340668,-43.9652029,3,2,1,,110.0,480.0,oeste,Alto Barroca,12/08/18,None,None
3245199,640000.0,,-5.1991935,-37.34830779999999,4,1,1,,115.0,520.0,oeste,Nova Suíssa,12/08/18,None,None
332637,270000.0,,-19.9259437,-43.9928036,1,1,0,,103.08,500.0,noroeste,Coração Eucarístico,12/08/18,None,None
125124,110000.0,,-19.993385800000002,-44.0184648,1,1,0,,0.0,35.0,barreiro,Santa Cruz (barreiro),12/08/18,None,None
50399,130000.0,,-19.916576100000004,-43.93467989999999,2,1,0,,0.0,130.0,barreiro,Solar do Barreiro (Barreiro),12/08/18,None,None
57115,135000.0,,-20.0090084,-44.00456839999998,2,1,0,,0.0,77.0,barreiro,Urucuia,12/08/18,None,None
137545,155000.0,,-19.9024789,-43.94509740000001,1,1,0,,0.0,0.0,noroeste,São Cristóvão,12/08/18,None,None
137621,170000.0,,-19.8057331,-43.93689610000001,3,1,0,,0.0,150.0,norte,Jaqueline,12/08/18,None,None
138152,175000.0,,-19.919590200000002,-43.9483209,1,1,0,,41.37,270.0,centro-sul,Centro,12/08/18,None,None
38286,180000.0,,-19.8175249,-43.94271200000003,2,1,0,,0.0,150.0,norte,Juliana,12/08/18,None,None
1281346,187000.0,,-19.7910625,-43.98986669999999,2,1,0,,0.01,0.0,venda-nova,Mantiqueira,12/08/18,None,None
331611,189000.0,,-19.9668465883084,-43.97933978360596,2,1,0,,0.0,120.0,oeste,Palmeiras,12/08/18,None,None
1281347,189000.0,,-19.790937,-43.98984789999997,2,1,0,,0.01,0.0,venda-nova,Mantiqueira,12/08/18,None,None
1282512,189000.0,,-19.790937,-43.98984789999997,2,1,0,,0.01,0.0,venda-nova,Mantiqueira,12/08/18,None,None
1684940,215000.0,,-19.9946241,-44.018827200000025,2,1,0,,64.0,250.0,barreiro,Diamante,12/08/18,None,None
1121387,229000.0,,-19.7910625,-43.98986669999999,2,1,0,,0.01,0.0,venda-nova,Mantiqueira,12/08/18,None,None
1280211,229000.0,,-19.7908143,-43.98981570000001,2,1,0,,0.01,0.0,venda-nova,Mantiqueira,12/08/18,None,None
1282515,239000.0,,-19.7908143,-43.98981570000001,2,1,0,,0.01,0.0,venda-nova,Mantiqueira,12/08/18,None,None
149416,250000.0,,-19.9263592,-43.94105300000001,2,2,0,,90.0,650.0,centro-sul,Lourdes,12/08/18,None,None
11223,260000.0,,-19.950962,-43.97537799999998,3,1,1,,73.71,220.0,oeste,Havaí,12/08/18,None,None
153532,265000.0,,-19.8948957,-43.99817400000001,2,2,1,,70.0,350.0,pampulha,Manacás,12/08/18,None,None
19730,270000.0,,-19.890857,-43.93593859999999,2,2,0,,0.0,120.0,nordeste,Nova Floresta,12/08/18,None,None
173147,270000.0,,-19.8993087,-43.947680200000036,3,2,1,,43.19,160.0,noroeste,São Cristóvão,12/08/18,None,None
3247131,280000.0,,-19.936039899999997,-43.9680664,3,1,0,,82.25,120.0,oeste,Grajaú,12/08/18,None,None
55750,290000.0,,-19.9604729,-43.97384779999999,3,1,1,,72.0,220.0,oeste,Havaí,12/08/18,None,None
52592,300000.0,,-19.935821,-43.92183390000002,3,2,1,,0.0,230.0,centro-sul,Serra,12/08/18,None,None
34945,320000.0,,-19.9591943,-43.96717290000004,3,2,1,,89.7,300.0,oeste,Estoril,12/08/18,None,None
149182,320000.0,,-19.9371557,-43.97855319999997,2,2,0,,78.0,470.0,oeste,Nova Suíssa,12/08/18,None,None
9525,330000.0,,-19.8934572,-43.99656060000001,2,1,0,,79.0,140.0,pampulha,Manacás,12/08/18,None,None
612545,330000.0,,-20.0027655,-44.0122495,3,1,1,,85.0,160.0,barreiro,Urucuia,12/08/18,None,None
1782375,339000.0,,-19.8758915,-43.9937903,3,1,1,,88.51,0.0,pampulha,Castelo,12/08/18,None,None
3243071,340000.0,,-19.9150561,-43.910194400000016,3,2,0,,89.0,380.0,leste,Santa Tereza,12/08/18,None,None
39774,350000.0,,-19.930912699999997,-43.9078907,2,2,0,,0.0,170.0,centro-sul,Santa Efigênia,12/08/18,None,None
494258,359000.0,,-19.8291411,-43.97558839999999,3,1,1,,0.01,0.0,pampulha,Santa Mônica,12/08/18,None,None
48435,360000.0,,-19.9244663,-43.92725180000002,1,1,0,,0.0,600.0,centro-sul,Santa Efigênia,12/08/18,None,None
135501,360000.0,,-19.8710025,-43.93877420000001,3,2,1,,0.0,230.0,nordeste,Palmares,12/08/18,None,None
3237529,365000.0,,-19.9021932,-43.92364429999998,2,1,1,,0.0,0.0,leste,Sagrada Família,12/08/18,None,None
17470,400000.0,,-19.9754913,-43.964823799999984,3,1,1,,88.0,280.0,oeste,Buritis,12/08/18,None,None
136722,415800.0,,-19.9866572,-44.01525179999999,3,2,1,,0.0,350.0,barreiro,Santa Helena (barreiro),12/08/18,None,None
143899,435000.0,,-19.948942499999998,-43.94304990000001,3,2,1,,121.0,450.0,centro-sul,Santo Antônio,12/08/18,None,None
342692,474100.0,,-19.9883438,-44.01461510000002,3,2,1,,0.0,350.0,barreiro,Santa Helena (barreiro),12/08/18,None,None
16289,480000.0,,-19.9477468,-43.973432200000005,3,2,1,,5915.0,200.0,oeste,Jardim América,12/08/18,None,None
41809,490000.0,,-19.8269796,-43.99413989999999,3,1,1,,922.0,300.0,pampulha,Copacabana,12/08/18,None,None
6256,510000.0,,-19.8730426,-43.99619840000002,3,2,1,,104.55,0.0,pampulha,Castelo,12/08/18,None,None
50511,530000.0,,-19.942173,-43.94067000000001,2,1,1,,205.19,0.0,centro-sul,Santo Antônio,12/08/18,None,None
154496,530000.0,,-19.8597609,-43.9555747,3,3,1,,0.0,400.0,pampulha,Liberdade,12/08/18,None,None
154498,530000.0,,-19.8597609,-43.9555747,3,3,1,,0.0,400.0,pampulha,Liberdade,12/08/18,None,None
154499,530000.0,,-19.8597609,-43.9555747,3,3,1,,0.0,400.0,pampulha,Liberdade,12/08/18,None,None
51855,535000.0,,-19.93778,-43.923960599999994,2,1,2,,0.0,350.0,centro-sul,Serra,12/08/18,None,None
3241678,550000.0,,-19.9467862,-43.93688629999997,2,1,2,,0.0,385.0,centro-sul,São Pedro,12/08/18,None,None
345233,560000.0,,-19.9489616,-43.9253018,2,2,1,,467.87,0.0,centro-sul,Cruzeiro,12/08/18,None,None
345234,570000.0,,-19.9489616,-43.9253018,2,2,1,,667.87,0.0,centro-sul,Cruzeiro,12/08/18,None,None
345240,580000.0,,-19.9489616,-43.9253018,2,2,1,,467.87,0.0,centro-sul,Cruzeiro,12/08/18,None,None
345242,590000.0,,-19.9489616,-43.9253018,2,2,1,,467.87,0.0,centro-sul,Cruzeiro,12/08/18,None,None
356390,631700.0,,-19.928570999999998,-43.969566999999984,3,2,1,,0.0,500.0,oeste,Prado,12/08/18,None,None
356391,631700.0,,-19.928570999999998,-43.969566999999984,3,2,1,,0.0,400.0,oeste,Prado,12/08/18,None,None
356392,647000.0,,-19.928570999999998,-43.969566999999984,3,2,1,,0.0,500.0,oeste,Prado,12/08/18,None,None
154490,650000.0,,-19.8597609,-43.9555747,3,3,1,,0.0,400.0,pampulha,Liberdade,12/08/18,None,None
356393,661400.0,,-19.928570999999998,-43.969566999999984,3,2,1,,0.0,500.0,oeste,Prado,12/08/18,None,None
356394,661400.0,,-19.928570999999998,-43.969566999999984,3,2,1,,0.0,500.0,oeste,Prado,12/08/18,None,None
335670,670000.0,,-19.9061688,-43.93033980000001,3,2,1,,152.0,0.0,leste,Floresta,12/08/18,None,None
335796,670000.0,,-19.9061284,-43.930254299999994,3,2,1,,152.0,0.0,leste,Floresta,12/08/18,None,None
335798,670000.0,,-19.9061284,-43.930254299999994,3,2,1,,152.0,0.0,leste,Floresta,12/08/18,None,None
356395,677600.0,,-19.928570999999998,-43.969566999999984,3,2,1,,0.0,400.0,oeste,Prado,12/08/18,None,None
356396,677600.0,,-19.928570999999998,-43.969566999999984,3,2,1,,0.0,500.0,oeste,Prado,12/08/18,None,None
38813,680000.0,,-19.9766324,-43.9681549,4,3,1,,179.9,800.0,oeste,Buritis,12/08/18,None,None
335795,680000.0,,-19.9061284,-43.930254299999994,3,2,1,,152.0,0.0,leste,Floresta,12/08/18,None,None
335797,680000.0,,-19.9061284,-43.930254299999994,3,2,1,,152.0,0.0,leste,Floresta,12/08/18,None,None
748387,690000.0,,-19.9037014,-43.968375099999996,3,2,1,,155.3,0.0,noroeste,Santo André,12/08/18,None,None
356398,690200.0,,-19.928570999999998,-43.969566999999984,3,2,1,,0.0,500.0,oeste,Prado,12/08/18,None,None
130547,698000.0,,-19.8603388,-43.9352844,4,3,1,,0.0,210.0,pampulha,Dona Clara,12/08/18,None,None
352040,700000.0,,-19.9467862,-43.93688629999997,2,1,2,,0.0,385.0,centro-sul,São Pedro,12/08/18,None,None
3237757,700000.0,,-19.9747508,-43.96487450000001,4,3,1,,305.74,750.0,oeste,Buritis,12/08/18,None,None
345223,710000.0,,-19.9489616,-43.9253018,2,2,1,,467.87,0.0,centro-sul,Cruzeiro,12/08/18,None,None
17840,720000.0,,-19.916766100000004,-43.99054049999995,3,3,1,,191.6,250.0,noroeste,Minas Brasil,12/08/18,None,None
154494,720000.0,,-19.8597609,-43.9555747,3,3,1,,0.0,400.0,pampulha,Liberdade,12/08/18,None,None
34356,760000.0,,-19.9696495,-43.96900500000004,4,2,1,,255.55,1000.0,oeste,Buritis,12/08/18,None,None
345191,865000.0,,-19.9489616,-43.9253018,3,2,1,,467.87,0.0,centro-sul,Cruzeiro,12/08/18,None,None
345180,880000.0,,-19.9489616,-43.9253018,3,2,1,,467.87,0.0,centro-sul,Cruzeiro,12/08/18,None,None
3246859,1600000.0,,-19.9712915,-43.94838650000002,4,4,2,,1.0,1.0,centro-sul,Santa Lúcia,12/08/18,None,None
52243,1770000.0,,-19.9191523,-43.94129959999998,2,2,1,,1250.0,0.0,centro-sul,Lourdes,12/08/18,None,None
3250582,439000.0,,-19.9763104,-43.97311619999999,4,3,1,,177.0,550.0,oeste,Buritis,12/08/18,None,None
1697143,1950000.0,,-19.9285126,-43.95362890000001,4,4,2,,892.26,1675.0,centro-sul,Santo Agostinho,12/08/18,None,None
6525,350000.0,,-19.8927908,-43.99491979999999,3,2,1,,503.2,110.0,pampulha,Castelo,12/08/18,None,None
1841768,131000.0,,-19.9092867,-43.944531100000006,1,1,0,,0.0,0.0,nordeste,Lagoinha,12/08/18,None,None
1841901,131000.0,,-19.9092867,-43.944531100000006,1,1,0,,0.0,0.0,nordeste,Lagoinha,12/08/18,None,None
1841904,131000.0,,-19.9092867,-43.944531100000006,1,1,0,,0.0,0.0,nordeste,Lagoinha,12/08/18,None,None
49892,350000.0,,-19.8875687,-43.99765630000002,3,1,1,,104.26,350.0,pampulha,Castelo,12/08/18,None,None
1841483,516000.0,,-19.9092867,-43.944531100000006,2,1,0,,0.0,0.0,nordeste,Lagoinha,12/08/18,None,None
3244189,245000.0,,-19.812936800000003,-43.958405200000016,3,1,1,,88.0,0.0,venda-nova,Venda Nova,12/08/18,None,None
2875517,400000.0,,-19.888147,-43.99476200000004,3,1,1,,99.0,568.0,pampulha,Castelo,12/08/18,None,None
124822,200000.0,,-19.8322465,-43.9658369,3,1,0,,0.0,150.0,pampulha,Santa Branca,12/08/18,None,None
21662,290000.0,,-19.9197581,-43.9702896,2,1,0,,6654.0,140.0,noroeste,Padre Eustáquio,12/08/18,None,None
3234469,450000.0,,-19.910844100000002,-44.00407740000003,3,2,0,,165.53,250.0,noroeste,Glória,12/08/18,None,None
333722,1500000.0,,-19.956535199999998,-43.92392900000005,2,3,2,,0.0,600.0,centro-sul,Serra,12/08/18,None,None
367412,270000.0,,-19.915528600000002,-43.96976819999998,3,1,0,,63.04,200.0,noroeste,Padre Eustáquio,12/08/18,None,None
1975494,174000.0,,-19.934614899999996,-44.007249099999974,2,1,0,,34.0,180.0,noroeste,Vila Oeste,12/08/18,None,None
32174,380000.0,,-19.874098,-43.98399000000001,3,1,1,,144.0,270.0,pampulha,Paquetá,12/08/18,None,None
428760,250000.0,,-19.900499300000003,-43.91815400000002,3,1,0,,63.04,250.0,leste,Sagrada Família,12/08/18,None,None
361236,310000.0,,-19.9713924,-43.97367859999997,2,2,0,,70.0,230.0,oeste,Estoril,12/08/18,None,None
5635,550000.0,,-19.9598302,-43.94654480000003,3,1,1,,195.48,550.0,centro-sul,São Bento,12/08/18,None,None
353996,235000.0,,-19.9121241,-43.98204379999999,2,1,0,,25.0,198.0,noroeste,Padre Eustáquio,12/08/18,None,None
367587,260000.0,,-19.9570583,-43.98361420000003,2,1,0,,247.0,300.0,oeste,Betânia,12/08/18,None,None
25862,260000.0,,-19.923765300000003,-43.94584850000001,1,0,1,,48.92,500.0,centro-sul,Santo Agostinho,12/08/18,None,None
33785,300000.0,,-19.8983538,-43.921836600000006,3,2,0,,67.74,350.0,leste,Sagrada Família,12/08/18,None,None
154469,245000.0,,-19.8925407,-43.966232100000006,1,1,0,,57.57,260.7,noroeste,Caiçaras,12/08/18,None,None
26026,850000.0,,-19.9113929,-43.93043410000002,3,3,1,,235.0,750.0,centro-sul,Funcionários,12/08/18,None,None
14493,430000.0,,-19.895673100000003,-43.9248551,3,2,1,,98.0,580.0,leste,Sagrada Família,12/08/18,None,None
28681,230000.0,,-19.8309958,-43.97138259999997,2,2,1,,50.0,300.0,pampulha,Santa Amélia,12/08/18,None,None
127585,260000.0,,-19.934835,-43.9237749,1,1,1,,124.0,1380.0,centro-sul,Serra,12/08/18,None,None
6226,265000.0,,-19.932944199999998,-43.998550300000026,3,2,0,,0.0,140.0,noroeste,João Pinheiro,12/08/18,None,None
126770,320000.0,,-19.930831100000002,-43.98104139999998,3,2,0,,65.0,210.0,oeste,Nova Suíssa,12/08/18,None,None
25659,350000.0,,-19.8826086,-43.99926909999999,2,1,1,,120.0,200.0,pampulha,Manacás,12/08/18,None,None
26637,840000.0,,-19.8967341,-43.92321149999998,3,4,1,,157.27,400.0,leste,Sagrada Família,12/08/18,None,None
161211,322000.0,,-19.876483,-43.99534840000001,3,2,1,,101.0,350.0,pampulha,Castelo,12/08/18,None,None
3257834,220000.0,,-19.915543,-43.97003100000001,2,1,0,,25.0,160.0,noroeste,Padre Eustáquio,12/08/18,None,None
364938,395000.0,,-19.8881368,-43.99345619999997,3,1,1,,60.0,300.0,pampulha,Paquetá,12/08/18,None,None
10901,700000.0,,-19.9062746,-44.0087011,3,1,1,,476.23,0.0,noroeste,Glória,12/08/18,None,None
2214568,420000.0,,-19.8607811,-43.94594080000002,3,2,1,,53.0,170.0,pampulha,Santa Rosa,12/08/18,None,None
13847,650000.0,,-19.884255300000003,-43.92080190000002,4,4,1,,105.24,245.0,nordeste,União,12/08/18,None,None
3246089,330000.0,,-19.9554791,-43.96744030000002,3,2,1,,110.51,470.5,oeste,Estoril,12/08/18,None,None
50585,650000.0,,-19.9484557,-43.947316399999984,1,2,0,,93.75,340.0,centro-sul,Santo Antônio,12/08/18,None,None
52241,1229000.0,,-19.9191523,-43.94129959999998,2,2,1,,1.0,1.0,centro-sul,Lourdes,12/08/18,None,None
754950,175000.0,,-19.821384656657607,-43.96924778996584,2,1,0,,0.0,190.0,venda-nova,São João Batista,12/08/18,None,None
22359,190000.0,,-19.8737771,-44.01759759999999,2,1,0,,20.0,201.0,pampulha,Bandeirantes (pampulha),12/08/18,None,None
8371,255000.0,,-19.8610514,-43.93495050000002,2,1,0,,75.12,115.0,pampulha,Dona Clara,12/08/18,None,None
16140,263000.0,,-19.9372764,-44.0086001,2,1,1,,1004.72,0.0,noroeste,Santa Maria,12/08/18,None,None
43467,283000.0,,-19.8710066,-43.916417799999984,2,2,1,,80.0,150.0,nordeste,Fernão Dias,12/08/18,None,None
43473,299000.0,,-19.8710066,-43.916417799999984,2,2,1,,80.0,150.0,nordeste,Fernão Dias,12/08/18,None,None
30068,345000.0,,-19.9370923,-43.97859199999999,3,1,1,,0.0,600.0,oeste,Nova Suíssa,12/08/18,None,None
29960,380000.0,,-19.8943712,-43.9295123,2,1,0,,1500.0,580.0,nordeste,Silveira,12/08/18,None,None
41317,450000.0,,-19.9761859,-43.972027499999975,3,2,1,,177.18,800.0,oeste,Buritis,12/08/18,None,None
6774,550000.0,,-19.863673199999997,-43.9429012,4,2,1,,0.0,370.0,pampulha,Santa Rosa,12/08/18,None,None
28245,550000.0,,-19.946981899999997,-43.94367790000001,4,2,1,,150.0,500.0,centro-sul,Santo Antônio,12/08/18,None,None
40839,580000.0,,-19.8883738,-43.93242980000002,3,3,1,,0.0,0.0,nordeste,Silveira,12/08/18,None,None
356140,1780000.0,,-19.945246,-43.94030600000002,4,5,2,,598.37,1600.0,centro-sul,Savassi,12/08/18,None,None
33377,2000000.0,,-19.9306978,-43.950080299999975,4,3,2,,1018.11,1400.0,centro-sul,Santo Agostinho,12/08/18,None,None
6470,3000000.0,,-19.936022199999996,-43.92670680000003,4,4,4,,1100.0,1800.0,centro-sul,Funcionários,12/08/18,None,None
24883,700000.0,,-19.9365707,-43.96499240000003,3,3,1,,203.0,400.0,oeste,Grajaú,12/08/18,None,None
56672,300400.0,,-19.8654527,-43.9016249,3,1,1,,0.0,0.0,nordeste,Goiânia,12/08/18,None,None
33618,375000.0,,-19.9394855,-43.9399343,1,1,0,,0.0,1180.0,centro-sul,Funcionários,12/08/18,None,None
346087,425000.0,,-19.899280899999997,-43.92312820000001,3,1,0,,116.0,280.0,leste,Sagrada Família,12/08/18,None,None
3240860,756402.0,,-19.9801031,-43.97677550000003,4,1,1,,0.0,0.0,oeste,Buritis,12/08/18,None,None
2472452,768952.0,,-19.9801031,-43.97677550000003,4,1,1,,0.0,0.0,oeste,Buritis,12/08/18,None,None
367223,370000.0,,-19.979917999999998,-44.02640299999996,3,2,1,,96.95,150.0,barreiro,Barreiro,12/08/18,None,None
367269,370000.0,,-19.9800272,-44.0266638,3,2,1,,96.95,150.0,barreiro,Barreiro,12/08/18,None,None
148961,560000.0,,-19.926869600000003,-43.96786289999999,3,3,1,,50.0,370.0,oeste,Prado,12/08/18,None,None
361213,650000.0,,-19.9441595,-43.9240077,4,1,1,,0.0,500.0,centro-sul,Cruzeiro,12/08/18,None,None
10428,410000.0,,-19.919676199999998,-43.982444999999984,3,3,1,,114.0,170.0,noroeste,Padre Eustáquio,12/08/18,None,None
354911,419000.0,,-19.919676199999998,-43.982444999999984,3,3,1,,114.5,170.0,noroeste,Padre Eustáquio,12/08/18,None,None
403181,650000.0,,-19.9731147,-43.969126500000016,3,2,1,,196.0,770.0,oeste,Buritis,12/08/18,None,None
3240617,690000.0,,-19.8896429,-43.99748109999996,3,2,1,,157.11,463.3,pampulha,Castelo,12/08/18,None,None
164746,200000.0,,-19.8975651,-44.009610899999984,2,1,0,,70.0,120.0,noroeste,Glória,12/08/18,None,None
161567,264000.0,,-19.868376899999998,-43.91798699999998,2,1,1,,72.29,170.0,nordeste,São Paulo,12/08/18,None,None
331485,650000.0,,-19.886428,-43.99789479999998,3,1,1,,0.0,550.0,pampulha,Castelo,12/08/18,None,None
51634,269000.0,,-19.962774399999997,-43.9655143,3,1,0,,55.0,277.0,oeste,Estoril,12/08/18,None,None
21817,699000.0,,-19.920182500000003,-43.95991119999997,3,3,1,,0.0,250.0,oeste,Prado,12/08/18,None,None
36633,145000.0,,-19.8301438,-43.9817041,3,1,0,,0.0,130.0,pampulha,Santa Mônica,12/08/18,None,None
154474,310000.0,,-19.8970896,-43.93228550000004,3,1,0,,95.0,200.0,nordeste,Renascença,12/08/18,None,None
3234841,600000.0,,-19.9833773,-44.028599499999984,3,1,1,,125.0,350.0,barreiro,Barreiro de Baixo,12/08/18,None,None
247062,2100000.0,,-19.9735234,-43.93694210000001,4,4,2,,833.0,1600.0,centro-sul,Belvedere,12/08/18,None,None
31044,530000.0,,-19.9292105,-43.93207219999999,3,2,1,,104.65,450.0,centro-sul,Centro,12/08/18,None,None
365608,159000.0,,-19.823613199999997,-43.96776299999999,2,1,0,,673.24,162.0,venda-nova,São João Batista,12/08/18,None,None
5967,365000.0,,-19.876952300000003,-43.981614700000016,3,2,1,,250.0,185.0,pampulha,Ouro Preto,12/08/18,None,None
19479,850000.0,,-19.968229,-43.96769699999999,4,3,1,,166.26,1134.0,oeste,Buritis,12/08/18,None,None
26929,160000.0,,-19.9080694,-43.93708190000001,1,1,0,,0.0,0.0,leste,Floresta,12/08/18,None,None
23684,180000.0,,-19.8662609,-43.99525990000001,2,1,0,,20.0,100.0,pampulha,Paquetá,12/08/18,None,None
339602,205000.0,,-19.8778979,-43.94279649999999,2,1,0,,90.0,250.0,nordeste,Santa Cruz,12/08/18,None,None
349257,215000.0,,-19.9988673,-44.02189010000001,2,1,1,,72.0,177.89,barreiro,Diamante,12/08/18,None,None
135883,253390.67,,-19.8491331,-43.91655479999997,3,1,0,,71.8,215.93,norte,Guarani,12/08/18,None,None
87559,258976.43,,-19.8491331,-43.91655479999997,3,1,0,,71.8,215.93,norte,Guarani,12/08/18,None,None
87727,260499.83,,-19.8491331,-43.91655479999997,3,1,0,,71.8,215.93,nordeste,São Gabriel,12/08/18,None,None
14818,265000.0,,-19.9397683,-43.9147428,2,2,1,,115.0,250.0,centro-sul,Serra,12/08/18,None,None
342213,265000.0,,-19.905261399999997,-43.97776759999999,3,1,0,,60.0,220.0,noroeste,Caiçara-Adelaide,12/08/18,None,None
87649,265070.0,,-19.8491331,-43.91655479999997,3,1,0,,71.8,215.93,norte,Guarani,12/08/18,None,None
87728,267608.98,,-19.8491331,-43.91655479999997,3,1,0,,71.8,215.93,norte,Guarani,12/08/18,None,None
42301,270000.0,,-19.822112899999997,-43.95008559999997,3,2,1,,64.74,190.0,norte,Vila Cloris,12/08/18,None,None
1615099,270000.0,,-19.8491324,-43.916580399999994,3,1,0,,72.0,216.0,nordeste,São Gabriel,12/08/18,None,None
32333,275000.0,,-19.8611837,-43.9978469,2,1,1,,66.36,363.0,pampulha,Bandeirantes (pampulha),12/08/18,None,None
38550,280000.0,,-19.9347142,-43.96460550000001,3,1,1,,76.0,120.0,oeste,Barroca,12/08/18,None,None
1683622,295000.0,,-19.8832487,-43.9161871,2,2,1,,0.0,240.0,nordeste,União,12/08/18,None,None
35747,300000.0,,-19.919783399999996,-43.98170089999997,3,1,0,,91.67,473.98,noroeste,Padre Eustáquio,12/08/18,None,None
21059,310000.0,,-19.9427868,-43.96296670000004,3,2,0,,561.55,260.0,oeste,Gutierrez,12/08/18,None,None
1035952,320000.0,,-19.878711,-43.99781200000001,2,1,1,,980.0,310.0,pampulha,Castelo,12/08/18,None,None
3241943,320000.0,,-19.9503565,-43.92242750000002,1,0,1,,125.4,400.0,centro-sul,Anchieta,12/08/18,None,None
21798,330000.0,,-19.882441,-43.99534729999999,2,2,1,,56.0,160.0,pampulha,Castelo,12/08/18,None,None
165020,345000.0,,-19.9865943,-44.0164575,3,3,1,,119.0,170.0,barreiro,Santa Helena (barreiro),12/08/18,None,None
9192,355000.0,,-19.8746131,-43.91844119999996,3,3,1,,80.51,350.0,nordeste,Fernão Dias,12/08/18,None,None
6105,360000.0,,-19.9244149,-43.995799600000005,3,2,1,,72.51,570.0,noroeste,Dom Cabral,12/08/18,None,None
155385,360000.0,,-19.9172307,-43.987630500000016,3,2,1,,108.59,200.0,noroeste,Padre Eustáquio,12/08/18,None,None
21135,370000.0,,-19.8926865,-43.94375109999999,3,1,1,,72.0,130.0,nordeste,Renascença,12/08/18,None,None
129790,370000.0,,-19.9943001,-44.0099113,3,2,1,,115.25,300.0,barreiro,Santa Cruz (barreiro),12/08/18,None,None
362093,370000.0,,-19.8708334,-43.993177,2,2,0,,102.0,150.0,pampulha,Paquetá,12/08/18,None,None
21009,371000.0,,-19.900555800000003,-43.9325283,3,2,1,,79.0,240.0,nordeste,Nova Floresta,12/08/18,None,None
11186,378000.0,,-19.9245192,-43.9352685,3,2,1,,53.5,100.0,pampulha,Manacás,12/08/18,None,None
127544,380000.0,,-19.942987600000002,-43.91529789999999,3,2,1,,100.0,200.0,centro-sul,Serra,12/08/18,None,None
1529228,380000.0,,-19.9351164,-43.96377250000001,3,2,0,,105.0,340.0,oeste,Barroca,12/08/18,None,None
52932,385000.0,,-19.9382203,-43.91539590000002,3,2,1,,105.04,250.0,centro-sul,Serra,12/08/18,None,None
158448,385000.0,,-19.891877899999997,-43.90850579999999,3,2,1,,191.0,200.0,leste,Santa Inês,12/08/18,None,None
359395,388400.0,,-19.9213241,-43.96794269999998,2,2,1,,84.0,260.0,oeste,Prado,12/08/18,None,None
5910,390000.0,,-19.956100600000003,-43.9401651,2,1,0,,87.23,530.0,centro-sul,Sion,12/08/18,None,None
10143,404200.0,,-19.8920565,-44.015013399999994,2,2,1,,84.0,260.0,oeste,Prado,12/08/18,None,None
38304,420000.0,,-19.859558,-43.94814220000001,3,4,2,,160.0,350.0,pampulha,Universitário,12/08/18,None,None
341156,420000.0,,-19.9146169,-44.00614329999996,3,2,1,,185.5,280.0,noroeste,Glória,12/08/18,None,None
35634,425000.0,,-19.823420600000002,-43.94522519999998,3,2,1,,85.0,300.0,norte,Vila Cloris,12/08/18,None,None
33917,430000.0,,-19.9649307,-43.9459943,3,2,1,,202.81,370.0,centro-sul,Santa Lúcia,12/08/18,None,None
41389,430000.0,,-19.9591943,-43.96717290000004,4,1,2,,79.34,400.0,oeste,Estoril,12/08/18,None,None
145833,430000.0,,-19.9970464,-44.01997660000001,3,2,1,,104.0,200.0,barreiro,Santa Cruz (barreiro),12/08/18,None,None
18523,450000.0,,-19.91145975909313,-43.93684528623044,3,2,1,,86.29,200.0,leste,Colégio Batista,12/08/18,None,None
22656,450000.0,,-19.86445,-43.912081100000016,3,2,1,,106.12,800.0,oeste,Prado,12/08/18,None,None
25085,450000.0,,-19.9245276,-43.93521820000001,3,2,1,,75.44,150.0,oeste,Barroca,12/08/18,None,None
3191501,450000.0,,-19.8821004,-43.928759600000035,2,2,0,,147.0,150.0,nordeste,União,12/08/18,None,None
35947,460000.0,,-19.887521300000003,-43.90906899999999,3,2,1,,280.0,200.0,leste,Santa Inês,12/08/18,None,None
59342,460000.0,,-19.9869646,-44.020825400000035,3,1,1,,646.54,240.0,barreiro,Barreiro,12/08/18,None,None
30483,470000.0,,-19.8877858,-43.92799609999997,3,2,1,,106.0,580.0,leste,Cidade Nova,12/08/18,None,None
32895,470000.0,,-19.9395087,-43.9289986,3,2,1,,180.0,300.0,centro-sul,Cruzeiro,12/08/18,None,None
28787,480000.0,,-19.9403358,-43.94588970000001,3,3,1,,186.8,400.0,centro-sul,Santo Antônio,12/08/18,None,None
33705,480000.0,,-19.982024399999997,-43.97427829999998,4,2,1,,110.0,420.0,oeste,Buritis,12/08/18,None,None
18505,490000.0,,-19.9599626,-43.94677089999999,4,2,1,,138.07,340.0,centro-sul,Santa Lúcia,12/08/18,None,None
33144,498000.0,,-19.948451199999997,-43.922628100000004,3,1,0,,108.6,400.0,centro-sul,Cruzeiro,12/08/18,None,None
1455285,520000.0,,-19.9430734,-43.914065,3,2,1,,125.0,830.0,centro-sul,Serra,12/08/18,None,None
54387,540000.0,,-19.9568537,-43.94024949999999,3,1,0,,177.52,576.0,centro-sul,Sion,12/08/18,None,None
6888,550000.0,,-19.8783557,-44.0050956,4,2,1,,113.93,310.0,pampulha,Castelo,12/08/18,None,None
39417,550000.0,,-19.9340822,-43.93785270000001,3,1,0,,141.78,670.0,centro-sul,Funcionários,12/08/18,None,None
24194,570000.0,,-19.9003918,-43.92703990000001,3,2,1,,64.94,400.0,leste,Sagrada Família,12/08/18,None,None
28670,590000.0,,-19.9323538,-43.92046970000001,4,2,1,,176.0,350.0,leste,São Lucas,12/08/18,None,None
41249,590000.0,,-19.94135,-43.964505900000006,4,2,1,,158.04,280.0,oeste,Grajaú,12/08/18,None,None
6153,595000.0,,-19.918398100000005,-43.9916156,4,4,3,,170.59,320.0,noroeste,Minas Brasil,12/08/18,None,None
36810,620000.0,,-19.8908148,-43.92031529999997,4,2,1,,160.0,540.0,leste,Cidade Nova,12/08/18,None,None
24981,635500.0,,-19.938741,-43.92872160000002,4,2,1,,173.0,300.0,centro-sul,Funcionários,12/08/18,None,None
34613,640000.0,,-19.938080199999998,-43.96232950000001,4,2,1,,117.7,400.0,oeste,Gutierrez,12/08/18,None,None
32546,647000.0,,-19.947592999999998,-43.9513394,3,2,1,,157.18,300.0,centro-sul,Cidade Jardim,12/08/18,None,None
33236,660000.0,,-19.947416600000004,-43.9463614,4,2,1,,200.73,650.0,centro-sul,Santo Antônio,12/08/18,None,None
25100,680000.0,,-19.9592676,-43.94584090000001,4,3,2,,196.36,450.0,centro-sul,Santa Lúcia,12/08/18,None,None
7860,690000.0,,-19.9317955,-44.0018975,3,2,2,,228.85,500.0,noroeste,João Pinheiro,12/08/18,None,None
24059,690000.0,,-19.927857,-43.99141500000002,3,2,1,,150.83,330.0,noroeste,Coração Eucarístico,12/08/18,None,None
32331,695000.0,,-19.943373,-43.95904400000001,4,2,1,,200.0,800.0,oeste,Gutierrez,12/08/18,None,None
145841,720000.0,,-19.9970361,-44.020160100000005,3,3,1,,143.9,200.0,barreiro,Santa Cruz (barreiro),12/08/18,None,None
34074,730000.0,,-19.937658600000002,-43.92367109999998,3,2,1,,263.78,900.0,centro-sul,Serra,12/08/18,None,None
21282,790000.0,,-19.9567498,-43.936643700000005,4,2,1,,240.0,850.0,centro-sul,Sion,12/08/18,None,None
24556,800000.0,,-19.952277600000002,-43.93538480000001,3,2,1,,199.0,450.0,centro-sul,Sion,12/08/18,None,None
59677,800000.0,,-19.935172199999997,-43.92266719999998,3,2,1,,185.0,700.0,centro-sul,Serra,12/08/18,None,None
164528,800000.0,,-19.986257600000002,-44.01256480000001,3,2,1,,400.0,400.0,barreiro,Barreiro de Baixo,12/08/18,None,None
18528,850000.0,,-19.941499,-43.94209599999999,5,5,1,,160.0,290.0,centro-sul,Santo Antônio,12/08/18,None,None
342332,879000.0,,-19.973711399999996,-43.96910550000001,4,2,1,,299.93,580.0,oeste,Buritis,12/08/18,None,None
34660,900000.0,,-19.8778723,-43.93569650000001,4,3,2,,367.92,450.0,nordeste,Ipiranga,12/08/18,None,None
1623780,900000.0,,-19.860297,-43.95428290000001,4,2,1,,2226.0,560.0,pampulha,Liberdade,12/08/18,None,None
171952,950000.0,,-19.9388513,-43.92690490000001,4,3,2,,205.47,530.0,centro-sul,Savassi,12/08/18,None,None
32561,980000.0,,-19.938125,-43.93260989999999,4,2,1,,339.56,1000.0,centro-sul,Funcionários,12/08/18,None,None
352165,980000.0,,-19.907409100000002,-43.937788899999994,4,2,2,,283.94,620.0,leste,Floresta,12/08/18,None,None
35365,990000.0,,-19.956400100000003,-43.93283659999997,4,2,1,,293.12,1100.0,centro-sul,Sion,12/08/18,None,None
335902,990000.0,,-19.8620259,-43.97124529999997,4,2,1,,168.5,1175.0,pampulha,São José (pampulha),12/08/18,None,None
33607,1150000.0,,-19.9412849,-43.93063970000003,3,3,2,,320.0,350.0,centro-sul,Cruzeiro,12/08/18,None,None
356159,1150000.0,,-19.92776,-43.96387499999997,4,1,1,,160.0,650.0,oeste,Prado,12/08/18,None,None
8774,1249000.0,,-19.9637487,-43.95152200000001,4,2,1,,215.39,700.0,centro-sul,São Bento,12/08/18,None,None
8256,1290000.0,,-19.9497478,-43.95842210000001,4,3,2,,661.61,1400.0,centro-sul,Luxemburgo,12/08/18,None,None
36992,1300000.0,,-19.8453263,-43.94553539999998,4,2,1,,445.64,1600.0,centro-sul,Serra,12/08/18,None,None
32709,1400000.0,,-19.958875,-43.93745300000001,4,2,1,,370.71,1500.0,centro-sul,Sion,12/08/18,None,None
32810,1490000.0,,-19.9516022,-43.9277349,6,3,2,,377.96,400.0,centro-sul,Anchieta,12/08/18,None,None
29600,1550000.0,,-19.9574172,-43.93818390000001,3,3,3,,512.0,900.0,centro-sul,Sion,12/08/18,None,None
33254,1580000.0,,-19.9521565,-43.92613979999999,4,2,1,,432.66,1350.0,centro-sul,Anchieta,12/08/18,None,None
5975,1650000.0,,-19.9420619,-43.92063250000001,4,4,2,,500.0,1900.0,centro-sul,Serra,12/08/18,None,None
13632,1700000.0,,-19.9574402,-43.93887429999995,4,3,2,,221.0,950.0,centro-sul,Sion,12/08/18,None,None
34117,1790000.0,,-19.945850699999998,-43.93566499999997,4,3,2,,578.71,1500.0,centro-sul,Carmo,12/08/18,None,None
26008,1890000.0,,-19.942483399999997,-43.93743130000002,4,4,2,,528.77,1000.0,centro-sul,São Pedro,12/08/18,None,None
160558,460000.0,,-19.9326674,-43.98066770000002,2,3,1,,127.0,150.0,oeste,Nova Suíssa,12/08/18,None,None
772834,120000.0,,-19.9977118,-44.024896300000016,2,1,0,,0.0,50.0,barreiro,Santa Cruz (barreiro),12/08/18,None,None
353954,125000.0,,-20.0133581,-44.0146416,2,1,0,,0.0,0.0,barreiro,Solar do Barreiro (Barreiro),12/08/18,None,None
358718,130000.0,,-19.8073968,-43.93753679999998,2,1,0,,0.0,0.0,norte,Juliana,12/08/18,None,None
129609,135000.0,,-19.9166756,-43.93451519999997,2,1,0,,0.0,145.0,nordeste,Vitória,12/08/18,None,None
358734,135000.0,,-19.8073968,-43.93753679999998,2,1,0,,0.0,0.0,norte,Juliana,12/08/18,None,None
358735,135000.0,,-19.8073968,-43.93753679999998,2,1,0,,0.0,0.0,norte,Juliana,12/08/18,None,None
358736,135000.0,,-19.8073968,-43.93753679999998,2,1,0,,0.0,0.0,norte,Juliana,12/08/18,None,None
130867,140000.0,,-19.858237300000003,-43.896301,2,1,0,,0.0,130.0,nordeste,Goiânia B,12/08/18,None,None
1672374,140000.0,,-19.819632000000002,-43.980732999999994,2,1,0,,0.0,224.0,pampulha,Santa Mônica,12/08/18,None,None
208126,145000.0,,-19.8246175,-43.95845159999999,2,1,0,,0.0,75.0,venda-nova,São João Batista,12/08/18,None,None
358727,145000.0,,-19.8073968,-43.93753679999998,2,1,0,,0.0,0.0,norte,Juliana,12/08/18,None,None
358733,145000.0,,-19.8073968,-43.93753679999998,2,1,0,,0.0,0.0,norte,Juliana,12/08/18,None,None
1692046,145000.0,,-19.8162772,-43.94549710000001,2,1,0,,0.0,0.0,norte,Juliana,12/08/18,None,None
366520,148000.0,,-19.798249300000002,-43.97107619999997,2,1,0,,0.0,130.0,venda-nova,Jardim Europa,12/08/18,None,None
3237772,148000.0,,-19.992214800000003,-44.02685159999999,2,1,0,,292.5,0.0,barreiro,Olaria,12/08/18,None,None
48416,155000.0,,-19.938187300000003,-44.02432340000002,2,1,0,,0.0,90.0,noroeste,Camargos,12/08/18,None,None
52270,155000.0,,-19.940557199999997,-44.01515230000001,2,1,0,,0.0,150.0,noroeste,Camargos,12/08/18,None,None
458913,155000.0,,-19.867237600000003,-44.00915620000001,2,1,0,,0.0,174.0,pampulha,Santa Terezinha,12/08/18,None,None
1683541,155000.0,,-20.005813,-44.00300099999998,2,1,0,,0.0,157.0,barreiro,Urucuia,12/08/18,None,None
1613523,159000.0,,-19.9938516,-44.02784250000002,2,1,0,,0.0,0.0,barreiro,Diamante,12/08/18,None,None
12037,160000.0,,-19.8729595,-44.01350679999996,2,1,0,,0.0,120.0,pampulha,Serrano,12/08/18,None,None
14316,160000.0,,-19.954448,-43.96429380000001,2,1,0,,0.0,145.0,oeste,Vila Leonina,12/08/18,None,None
40634,160000.0,,-19.8458114,-43.905520799999984,2,1,0,,0.0,130.0,nordeste,Ouro Minas,12/08/18,None,None
48696,160000.0,,-19.8424544,-43.98229549999997,2,1,0,,0.0,110.0,pampulha,Santa Mônica,12/08/18,None,None
160067,160000.0,,-19.8193992,-43.959561399999984,2,1,0,,0.0,0.0,venda-nova,São João Batista,12/08/18,None,None
192706,160000.0,,-19.8214729,-43.958879300000035,3,1,0,,0.0,210.0,venda-nova,Venda Nova,12/08/18,None,None
348867,160000.0,,-19.8416659,-43.962312699999984,2,1,1,,0.0,150.0,pampulha,Itapoã,12/08/18,None,None
363155,160000.0,,-19.819685500000002,-43.943042200000036,2,1,0,,297.1,0.0,norte,Juliana,12/08/18,None,None
3254720,160000.0,,-19.8388837,-43.93518689999996,2,1,0,,0.0,0.0,norte,Floramar,12/08/18,None,None
48319,165000.0,,-19.8620495,-43.888903200000016,2,1,0,,57.0,0.0,nordeste,Vitória,12/08/18,None,None
174208,165000.0,,-19.8206879,-43.9760445,2,1,0,,0.0,200.0,pampulha,Santa Mônica,12/08/18,None,None
342117,165000.0,,-19.8627858,-43.89185179999998,2,1,0,,0.0,150.0,nordeste,Vitória,12/08/18,None,None
360078,165000.0,,-19.8755755,-44.007217800000035,2,1,0,,0.0,140.0,pampulha,Serrano,12/08/18,None,None
52701,170000.0,,-19.8207025,-43.94320310000001,2,1,0,,0.0,1.3,norte,Juliana,12/08/18,None,None
147527,170000.0,,-19.9034796,-44.023141700000004,3,1,0,,0.0,170.0,noroeste,Coqueiros,12/08/18,None,None
167279,170000.0,,-19.8829686,-44.02800239999999,3,1,0,,120.0,150.0,pampulha,Serrano,12/08/18,None,None
3246808,170000.0,,-19.875318,-44.00515100000001,2,1,0,,0.0,260.0,pampulha,Santa Terezinha,12/08/18,None,None
3258212,170000.0,,-19.7931347,-43.95340250000004,2,1,0,,0.0,0.0,venda-nova,Serra Verde (venda Nova),12/08/18,None,None
3245300,173000.0,,-19.9385317,-43.99162680000001,2,1,0,,0.0,260.0,oeste,Nova Gameleira,12/08/18,None,None
43524,173900.0,,-19.9347921,-44.0072495,2,1,0,,0.0,0.0,noroeste,Vila Oeste,12/08/18,None,None
43526,173900.0,,-19.9347921,-44.0072495,2,1,0,,0.0,0.0,noroeste,Vila Oeste,12/08/18,None,None
43527,173900.0,,-19.9347921,-44.0072495,2,1,0,,0.0,0.0,noroeste,Vila Oeste,12/08/18,None,None
43529,173900.0,,-19.9347921,-44.0072495,2,1,0,,0.0,0.0,noroeste,Vila Oeste,12/08/18,None,None
43530,173900.0,,-19.9347921,-44.0072495,2,1,0,,0.0,0.0,noroeste,Vila Oeste,12/08/18,None,None
43533,173900.0,,-19.9347921,-44.0072495,2,1,0,,0.0,0.0,noroeste,Vila Oeste,12/08/18,None,None
43535,173900.0,,-19.9347921,-44.0072495,2,1,0,,0.0,0.0,noroeste,Vila Oeste,12/08/18,None,None
43536,173900.0,,-19.9347921,-44.0072495,2,1,0,,0.0,0.0,noroeste,Vila Oeste,12/08/18,None,None
43556,173900.0,,-19.9347921,-44.0072495,2,1,0,,0.0,0.0,noroeste,Vila Oeste,12/08/18,None,None
43557,173900.0,,-19.9347921,-44.0072495,2,1,0,,0.0,0.0,noroeste,Vila Oeste,12/08/18,None,None
43559,173900.0,,-19.9347921,-44.0072495,2,1,0,,0.0,0.0,noroeste,Vila Oeste,12/08/18,None,None
43562,173900.0,,-19.9347921,-44.0072495,2,1,0,,0.0,0.0,noroeste,Vila Oeste,12/08/18,None,None
43569,173900.0,,-19.9347921,-44.0072495,2,1,0,,0.0,0.0,noroeste,Vila Oeste,12/08/18,None,None
43570,173900.0,,-19.9347921,-44.0072495,2,1,0,,0.0,0.0,noroeste,Vila Oeste,12/08/18,None,None
43579,173900.0,,-19.9347921,-44.0072495,2,1,0,,0.0,0.0,noroeste,Vila Oeste,12/08/18,None,None
43583,173900.0,,-19.9347921,-44.0072495,2,1,0,,0.0,0.0,noroeste,Vila Oeste,12/08/18,None,None
43586,173900.0,,-19.9347921,-44.0072495,2,1,0,,0.0,0.0,noroeste,Vila Oeste,12/08/18,None,None
43601,173900.0,,-19.9347921,-44.0072495,2,1,0,,0.0,0.0,noroeste,Vila Oeste,12/08/18,None,None
43603,173900.0,,-19.9347921,-44.0072495,2,1,0,,0.0,0.0,noroeste,Vila Oeste,12/08/18,None,None
43604,173900.0,,-19.9347921,-44.0072495,2,1,0,,0.0,0.0,noroeste,Vila Oeste,12/08/18,None,None
43606,173900.0,,-19.9347921,-44.0072495,2,1,0,,0.0,0.0,noroeste,Vila Oeste,12/08/18,None,None
43611,173900.0,,-19.9354008,-44.00580149999996,2,1,0,,0.0,0.0,oeste,Jardinópolis,12/08/18,None,None
43613,173900.0,,-19.9354008,-44.00580149999996,2,1,0,,0.0,0.0,noroeste,Vila Oeste,12/08/18,None,None
43617,173900.0,,-19.9347921,-44.00724539999999,2,1,0,,0.0,0.0,noroeste,Vila Oeste,12/08/18,None,None
43624,173900.0,,-19.9354008,-44.00580149999996,2,1,0,,0.0,0.0,oeste,Jardinópolis,12/08/18,None,None
43627,173900.0,,-19.9354008,-44.00580149999996,2,1,0,,0.0,0.0,noroeste,Vila Oeste,12/08/18,None,None
43631,173900.0,,-19.9354008,-44.00580149999996,2,1,0,,0.0,0.0,oeste,Jardinópolis,12/08/18,None,None
151330,174900.0,,-19.902417,-43.94785519999999,2,1,1,,100.0,0.0,noroeste,São Cristóvão,12/08/18,None,None
354664,175000.0,,-19.8137583,-43.980501800000006,2,1,0,,680.39,0.0,venda-nova,Visconde do Rio Branco,12/08/18,None,None
360741,175000.0,,-19.8431569,-43.95731090000004,2,1,1,,0.0,150.0,pampulha,Itapoã,12/08/18,None,None
43516,176900.0,,-19.9347921,-44.0072495,2,1,0,,0.0,0.0,noroeste,Vila Oeste,12/08/18,None,None
43519,176900.0,,-19.9354008,-44.00580149999996,2,1,0,,0.0,0.0,oeste,Jardinópolis,12/08/18,None,None
43520,176900.0,,-19.9354008,-44.00580149999996,2,1,0,,0.0,0.0,oeste,Jardinópolis,12/08/18,None,None
43563,176900.0,,-19.9347921,-44.0072495,2,1,0,,0.0,0.0,noroeste,Vila Oeste,12/08/18,None,None
43565,176900.0,,-19.9347921,-44.0072495,2,1,0,,0.0,0.0,noroeste,Vila Oeste,12/08/18,None,None
43567,176900.0,,-19.9347921,-44.0072495,2,1,0,,0.0,0.0,noroeste,Vila Oeste,12/08/18,None,None
43609,176900.0,,-19.9354008,-44.00580149999996,2,1,0,,0.0,0.0,noroeste,Vila Oeste,12/08/18,None,None
357976,177000.0,,-19.889864199999998,-44.00834789999999,2,1,0,,0.0,0.0,pampulha,Serrano,12/08/18,None,None
3240395,178000.0,,-19.991786899999997,-44.0265192,2,1,0,,30.0,250.0,barreiro,Olaria,12/08/18,None,None
48449,180000.0,,-19.8509887,-43.91019110000002,2,1,0,,0.0,110.0,nordeste,São Gabriel,12/08/18,None,None
60987,180000.0,,-19.8382592,-43.89220330000001,2,1,0,,40.0,170.0,nordeste,Paulo Vi,12/08/18,None,None
124619,180000.0,,-19.8204846,-43.90922499999999,3,1,0,,0.0,170.0,norte,Ribeiro de Abreu,12/08/18,None,None
250163,180000.0,,-19.820250899999998,-43.97276449999998,2,1,1,,0.0,125.0,pampulha,Santa Mônica,12/08/18,None,None
347889,180000.0,,-19.8750332,-43.99852970000001,2,1,0,,0.0,170.0,pampulha,Castelo,12/08/18,None,None
358372,180000.0,,-19.850927399999996,-43.91011689999999,2,1,0,,0.0,100.0,nordeste,São Gabriel,12/08/18,None,None
366527,180000.0,,-19.814813100000002,-43.9526381,2,1,0,,735.93,0.0,venda-nova,Parque São Pedro (venda,12/08/18,None,None
3252205,180000.0,,-19.8635174,-43.89735910000002,2,1,0,,71.28,0.0,nordeste,Goiânia,12/08/18,None,None
315685,183000.0,,-19.9361721,-44.01989500000002,2,1,0,,0.0,280.0,noroeste,Camargos,12/08/18,None,None
31589,185000.0,,-20.0129717,-44.03397960000001,2,1,0,,58.57,169.0,barreiro,Petrópolis (vale do Jatobá),12/08/18,None,None
50282,185000.0,,-19.875390600000003,-43.93530759999999,2,1,0,,0.0,100.0,nordeste,Palmares,12/08/18,None,None
348107,185000.0,,-19.853320899999996,-43.91972899999996,3,1,0,,0.0,220.0,nordeste,São Gabriel,12/08/18,None,None
365250,185000.0,,-19.8922682,-43.99091220000002,2,1,0,,0.0,100.0,pampulha,Paquetá,12/08/18,None,None
2535132,187000.0,,-19.9844464,-44.0145963,2,1,0,,0.0,0.0,barreiro,Santa Helena (barreiro),12/08/18,None,None
2731297,187000.0,,-19.99090173750389,-44.012584861901864,2,1,0,,0.0,0.0,barreiro,Santa Helena (barreiro),12/08/18,None,None
2731298,187000.0,,-19.987393026479996,-44.01275652327881,2,1,0,,0.0,0.0,barreiro,Santa Helena (barreiro),12/08/18,None,None
62725,189000.0,,-19.823210600000003,-43.9885802,2,1,0,,0.01,0.0,venda-nova,Parque Leblon,12/08/18,None,None
164270,189000.0,,-19.8205823,-43.94472029999997,2,1,0,,0.0,130.0,norte,Vila Cloris,12/08/18,None,None
1580526,189000.0,,-19.8235306,-43.96557210000003,2,1,0,,1545.59,0.0,venda-nova,São João Batista,12/08/18,None,None
33792,190000.0,,-19.822308,-43.95707170000003,2,1,0,,37.0,100.0,venda-nova,Venda Nova,12/08/18,None,None
344942,190000.0,,-19.8509599,-43.92340050000002,2,1,0,,71.0,0.0,norte,Providência,12/08/18,None,None
471393,190000.0,,-19.922314800000002,-43.946081700000036,1,1,0,,0.0,290.0,centro-sul,Barro Preto,12/08/18,None,None
3233949,190000.0,,-19.9206357,-43.94230040000002,1,0,1,,0.0,358.0,centro-sul,Centro,12/08/18,None,None
3254513,190000.0,,-19.929920199999998,-43.99704939999998,2,1,0,,63.0,150.0,noroeste,João Pinheiro,12/08/18,None,None
136564,193000.0,,-19.915457999999997,-43.94236599999999,2,1,0,,0.0,435.0,centro-sul,Centro,12/08/18,None,None
1755660,195000.0,,-19.8314057,-43.93890809999999,2,1,0,,0.0,146.0,norte,Floramar,12/08/18,None,None
2533986,197000.0,,-19.9844388,-44.014541200000004,2,1,0,,0.0,0.0,barreiro,Santa Helena (barreiro),12/08/18,None,None
2533987,197000.0,,-19.9844388,-44.014541200000004,2,1,0,,0.0,0.0,barreiro,Santa Helena (barreiro),12/08/18,None,None
2728656,197000.0,,-19.989328876710324,-44.013528999475106,2,1,0,,0.0,0.0,barreiro,Santa Helena (barreiro),12/08/18,None,None
2729981,197000.0,,-19.989006236657445,-44.01275652327881,2,1,0,,0.0,0.0,barreiro,Santa Helena (barreiro),12/08/18,None,None
23507,198000.0,,-19.896273100000002,-43.99785500000002,2,1,0,,0.0,0.0,pampulha,Manacás,12/08/18,None,None
137805,199000.0,,-19.894498600000002,-43.99997289999999,2,1,0,,0.0,130.0,pampulha,Manacás,12/08/18,None,None
344894,199000.0,,-19.845815100000003,-43.91585040000001,2,1,0,,0.0,0.0,norte,Aarão Reis,12/08/18,None,None
345871,199000.0,,-19.8441385,-43.93823729999997,2,1,0,,0.0,0.0,norte,Heliópolis,12/08/18,None,None
127235,200000.0,,-19.9302082,-43.98132220000002,2,1,0,,0.0,100.0,oeste,Nova Suíssa,12/08/18,None,None
43482,201400.0,,-19.919698800000003,-43.96790859999999,2,1,0,,0.0,180.0,oeste,Prado,12/08/18,None,None
2533985,205000.0,,-19.9844388,-44.014541200000004,2,1,0,,0.0,0.0,barreiro,Santa Helena (barreiro),12/08/18,None,None
2727335,205000.0,,-19.987512600000002,-44.01225520000003,2,1,0,,0.0,0.0,barreiro,Santa Helena (barreiro),12/08/18,None,None
2728655,205000.0,,-19.987191374046198,-44.01292818465578,2,1,0,,0.0,0.0,barreiro,Santa Helena (barreiro),12/08/18,None,None
1580527,209000.0,,-19.8235306,-43.96557210000003,2,1,0,,1723.47,0.0,venda-nova,São João Batista,12/08/18,None,None
1580528,209000.0,,-19.823572199999997,-43.96557640000003,2,1,0,,1723.47,0.0,venda-nova,São João Batista,12/08/18,None,None
12854,210000.0,,-19.8017264,-43.94302759999999,3,1,0,,0.0,100.0,norte,Jaqueline,12/08/18,None,None
357512,210000.0,,-19.830024800000004,-43.94325709999998,2,1,0,,67.0,0.0,norte,Planalto,12/08/18,None,None
363587,210000.0,,-19.8885548,-44.00173630000001,2,1,0,,0.0,170.0,pampulha,Castelo,12/08/18,None,None
280814,210000.01,,-19.9056639,-43.977306199999994,2,2,0,,26.59,0.0,norte,Adelaide,12/08/18,None,None
159564,213000.0,,-19.8262564,-43.952886000000035,2,1,0,,56.0,0.0,norte,Planalto,12/08/18,None,None
339075,214000.0,,-19.830024800000004,-43.94325709999998,2,1,0,,67.0,0.0,norte,Planalto,12/08/18,None,None
10984,215000.0,,-19.944328600000002,-43.9667789,3,1,0,,0.0,160.0,oeste,Nova Granada,12/08/18,None,None
351634,215000.0,,-20.0006808,-44.01151629999998,2,1,0,,0.0,0.0,barreiro,Brasil Industrial (Barreiro),12/08/18,None,None
2531699,215000.0,,-19.9844388,-44.014541200000004,2,1,0,,0.0,0.0,barreiro,Santa Helena (barreiro),12/08/18,None,None
2532842,215000.0,,-19.9844464,-44.0145963,2,1,0,,0.0,0.0,barreiro,Santa Helena (barreiro),12/08/18,None,None
2688498,215000.0,,-19.988376100000004,-44.01253830000002,2,1,0,,0.0,0.0,barreiro,Santa Helena (barreiro),12/08/18,None,None
2727334,215000.0,,-19.9883949,-44.0130254,2,1,0,,0.0,0.0,barreiro,Santa Helena (barreiro),12/08/18,None,None
3233122,215000.0,,-19.881376899999996,-43.921948999999984,2,1,0,,0.0,100.0,nordeste,União,12/08/18,None,None
3233123,215000.0,,-19.8783081,-43.92471269999999,2,1,0,,0.0,100.0,nordeste,União,12/08/18,None,None
3235432,218000.0,,-19.9855665,-44.03004620000002,2,2,0,,0.0,0.0,barreiro,Diamante,12/08/18,None,None
10986,220000.0,,-19.944328600000002,-43.9667789,3,1,0,,0.0,160.0,oeste,Nova Granada,12/08/18,None,None
55214,220000.0,,-19.9195551,-43.9369236,1,1,0,,0.0,240.0,centro-sul,Centro,12/08/18,None,None
152515,220000.0,,-19.904149,-43.93304760000001,2,1,0,,0.0,0.0,leste,Floresta,12/08/18,None,None
164993,220000.0,,-19.809024100000002,-43.939714500000036,2,1,1,,0.0,0.0,norte,Juliana,12/08/18,None,None
164994,220000.0,,-19.809024100000002,-43.939714500000036,2,1,1,,0.0,0.0,norte,Juliana,12/08/18,None,None
164996,220000.0,,-19.809024100000002,-43.939714500000036,2,1,1,,0.0,0.0,norte,Juliana,12/08/18,None,None
345802,220000.0,,-19.8725798,-44.01091550000001,2,1,0,,104.34,0.0,pampulha,Santa Terezinha,12/08/18,None,None
345815,220000.0,,-19.8725798,-44.01091550000001,2,1,0,,104.34,0.0,pampulha,Santa Terezinha,12/08/18,None,None
345829,220000.0,,-19.8725798,-44.01091550000001,2,1,0,,104.34,0.0,pampulha,Santa Terezinha,12/08/18,None,None
352296,220000.0,,-19.8226171,-43.97128029999999,2,2,1,,0.0,0.0,pampulha,Santa Mônica,12/08/18,None,None
356048,220000.0,,-19.8945315,-43.93989879999998,3,1,0,,0.0,170.0,nordeste,Renascença,12/08/18,None,None
362881,220000.0,,-19.879658399999997,-43.99109220000002,2,2,1,,0.0,356.0,pampulha,Paquetá,12/08/18,None,None
3251473,220000.0,,-19.902197100000002,-43.97811409999997,3,1,0,,62.36,0.0,noroeste,Caiçaras,12/08/18,None,None
3251815,220000.0,,-19.9120491,-43.98207230000003,2,1,0,,54.0,0.0,noroeste,Padre Eustáquio,12/08/18,None,None
3258475,220000.0,,-19.940257100000004,-43.97477179999999,3,0,0,,0.0,0.0,oeste,Jardim América,12/08/18,None,None
339905,224000.0,,-19.8691384,-43.98854849999998,2,1,0,,50.0,0.0,pampulha,Paquetá,12/08/18,None,None
38642,225000.0,,-19.861000100000002,-43.938244699999984,1,1,0,,0.0,0.0,pampulha,Dona Clara,12/08/18,None,None
353771,225000.0,,-19.840459,-43.88864790000002,3,1,0,,0.0,185.0,nordeste,Paulo Vi,12/08/18,None,None
33113,228000.0,,-19.936922699999997,-43.98106849999999,2,1,0,,0.0,100.0,oeste,Salgado Filho,12/08/18,None,None
3254354,229000.0,,-19.944013,-44.015315999999984,2,1,0,,80.04,240.0,noroeste,Camargos,12/08/18,None,None
65691,230000.0,,-19.8476899,-43.98177129999999,2,1,1,,0.0,0.0,pampulha,Pampulha,12/08/18,None,None
127231,230000.0,,-19.91365,-43.97074359999999,3,1,0,,0.0,0.0,noroeste,Padre Eustáquio,12/08/18,None,None
350509,230000.0,,-20.011972399999998,-44.0279031,2,1,1,,0.0,0.0,barreiro,Petrópolis (vale do Jatobá),12/08/18,None,None
192795,235000.0,,-19.8424664,-43.96349570000001,2,1,0,,0.0,0.0,pampulha,Itapoã,12/08/18,None,None
1681349,235000.0,,-19.816057999999998,-43.95157900000004,2,1,0,,803.42,0.0,venda-nova,Parque São Pedro (venda,12/08/18,None,None
514037,236350.0,,-19.8986046,-43.89833809999999,2,1,0,,0.0,0.0,leste,São Geraldo,12/08/18,None,None
514038,236350.0,,-19.8986046,-43.89833809999999,2,1,0,,0.0,0.0,leste,São Geraldo,12/08/18,None,None
514040,239350.0,,-19.8986046,-43.89833809999999,2,1,0,,0.0,0.0,leste,São Geraldo,12/08/18,None,None
33835,240000.0,,-19.9013883,-44.02501010000003,2,1,0,,0.0,110.0,noroeste,Coqueiros,12/08/18,None,None
59316,240000.0,,-19.868671300000003,-43.9876549,3,2,1,,62.0,200.0,pampulha,Ouro Preto,12/08/18,None,None
164102,240000.0,,-19.8269716,-43.94708079999998,3,1,1,,0.01,0.0,norte,Vila Cloris,12/08/18,None,None
166332,240000.0,,-19.804217899999998,-43.97167000000002,3,0,0,,737.52,0.0,venda-nova,Venda Nova,12/08/18,None,None
167010,240000.0,,-19.8858152,-43.9416789,2,1,0,,0.0,190.0,nordeste,Cachoeirinha,12/08/18,None,None
171935,240000.0,,-19.863618399999996,-43.8985495,3,2,1,,0.0,0.0,nordeste,Goiânia,12/08/18,None,None
171938,240000.0,,-19.863618399999996,-43.8985495,3,2,1,,0.0,0.0,nordeste,Goiânia,12/08/18,None,None
171939,240000.0,,-19.863618399999996,-43.8985495,3,2,1,,0.0,0.0,nordeste,Goiânia,12/08/18,None,None
171940,240000.0,,-19.863618399999996,-43.8985495,3,2,1,,0.0,0.0,nordeste,Goiânia,12/08/18,None,None
171941,240000.0,,-19.863618399999996,-43.8985495,3,2,1,,0.0,0.0,nordeste,Goiânia,12/08/18,None,None
345081,240000.0,,-19.8509599,-43.92340050000002,2,1,0,,71.0,0.0,norte,Providência,12/08/18,None,None
354484,240000.0,,-19.867825903933575,-44.00248513173824,2,1,0,,0.0,0.0,pampulha,Itatiaia,12/08/18,None,None
2764746,240000.0,,-19.8999168,-43.97870940000002,3,2,1,,70.0,160.0,noroeste,Caiçaras,12/08/18,None,None
3248562,240000.0,,-19.919204999999998,-43.939319899999994,2,1,0,,0.0,240.0,centro-sul,Centro,12/08/18,None,None
503043,242350.0,,-19.8986046,-43.89833809999999,2,1,0,,0.0,0.0,leste,São Geraldo,12/08/18,None,None
514041,242350.0,,-19.8986046,-43.89833809999999,2,1,0,,0.0,0.0,leste,São Geraldo,12/08/18,None,None
514042,242350.0,,-19.8986046,-43.89833809999999,2,1,0,,0.0,0.0,leste,São Geraldo,12/08/18,None,None
1587264,245000.0,,-19.8867867,-44.001506000000006,2,1,0,,61.39,0.0,pampulha,Castelo,12/08/18,None,None
3235009,245000.0,,-19.9189867,-43.978727899999974,2,1,0,,0.0,0.0,noroeste,Padre Eustáquio,12/08/18,None,None
503046,245350.0,,-19.8986046,-43.89833809999999,2,1,0,,0.0,0.0,leste,São Geraldo,12/08/18,None,None
503414,245350.0,,-19.8986046,-43.89833809999999,2,1,0,,0.0,0.0,leste,São Geraldo,12/08/18,None,None
514043,245350.0,,-19.8986046,-43.89833809999999,2,1,0,,0.0,0.0,leste,São Geraldo,12/08/18,None,None
514044,245350.0,,-19.8986046,-43.89833809999999,2,1,0,,0.0,0.0,leste,São Geraldo,12/08/18,None,None
166536,246000.0,,-19.8749917,-43.98903519999999,1,1,0,,0.0,0.0,pampulha,Ouro Preto,12/08/18,None,None
503784,248350.0,,-19.8986046,-43.89833809999999,2,1,0,,0.0,0.0,leste,São Geraldo,12/08/18,None,None
514046,248350.0,,-19.8986046,-43.89833809999999,2,1,0,,0.0,0.0,leste,São Geraldo,12/08/18,None,None
36294,249000.0,,-19.906083,-43.94434939999997,2,2,1,,0.0,0.0,pampulha,Copacabana,12/08/18,None,None
36295,249000.0,,-19.906161899999997,-43.94422270000001,2,2,1,,0.0,0.0,pampulha,Copacabana,12/08/18,None,None
36296,249000.0,,-19.906161899999997,-43.94422270000001,2,2,1,,0.0,0.0,pampulha,Copacabana,12/08/18,None,None
36297,249000.0,,-19.906161899999997,-43.94422270000001,2,2,1,,0.0,0.0,pampulha,Copacabana,12/08/18,None,None
37002,250000.0,,-19.8870396,-43.9610303,2,1,0,,0.0,50.0,noroeste,Ermelinda,12/08/18,None,None
47752,250000.0,,-19.884350100000002,-43.922729900000036,2,1,0,,55.0,200.0,nordeste,União,12/08/18,None,None
130520,250000.0,,-19.9882629,-44.02224360000002,3,1,0,,38.75,120.0,barreiro,Diamante,12/08/18,None,None
135184,250000.0,,-19.927273800000002,-43.98219410000002,3,1,0,,0.0,170.0,oeste,Nova Suíssa,12/08/18,None,None
166562,250000.0,,-19.8749945,-43.98916839999998,1,1,0,,0.0,0.0,pampulha,Ouro Preto,12/08/18,None,None
248845,250000.0,,-19.9929668,-44.0021367,3,1,1,,0.0,0.0,barreiro,Flávio Marques Lisboa,12/08/18,None,None
248848,250000.0,,-19.9929668,-44.0021367,3,1,1,,0.0,0.0,barreiro,Flávio Marques Lisboa,12/08/18,None,None
248849,250000.0,,-19.9929668,-44.0021367,3,1,1,,0.0,0.0,barreiro,Flávio Marques Lisboa,12/08/18,None,None
249015,250000.0,,-19.9929668,-44.0021367,3,1,1,,0.0,0.0,barreiro,Flávio Marques Lisboa,12/08/18,None,None
249016,250000.0,,-19.9929668,-44.0021367,3,1,1,,0.0,0.0,barreiro,Flávio Marques Lisboa,12/08/18,None,None
362182,250000.0,,-19.850102,-43.911561000000006,3,2,1,,0.0,0.0,nordeste,São Gabriel,12/08/18,None,None
1672024,250000.0,,-19.805834,-43.99389410000003,2,1,0,,0.0,120.0,venda-nova,Leblon (venda Nova),12/08/18,None,None
3246394,250000.0,,-20.005742,-44.008015,2,1,1,,78.0,168.0,barreiro,Urucuia,12/08/18,None,None
248372,253000.0,,-19.9929668,-44.0021367,2,1,1,,0.0,0.0,barreiro,Flávio Marques Lisboa,12/08/18,None,None
14685,255000.0,,-19.9628584,-43.96964600000001,3,1,1,,40.0,0.0,oeste,Estrela Dalva,12/08/18,None,None
166486,255000.0,,-19.8749949,-43.98918709999998,1,1,0,,0.0,0.0,pampulha,Ouro Preto,12/08/18,None,None
166478,256000.0,,-19.8749945,-43.98916839999998,1,1,0,,0.0,0.0,pampulha,Ouro Preto,12/08/18,None,None
166593,256000.0,,-19.8749917,-43.98903519999999,1,1,0,,0.0,0.0,pampulha,Ouro Preto,12/08/18,None,None
503786,256350.0,,-19.8986046,-43.89833809999999,2,1,0,,0.0,0.0,leste,São Geraldo,12/08/18,None,None
3256398,257000.0,,-19.900390100000003,-43.91712789999997,3,1,0,,0.0,210.0,leste,Sagrada Família,12/08/18,None,None
166564,258000.0,,-19.8749917,-43.98903519999999,1,1,0,,0.0,0.0,pampulha,Ouro Preto,12/08/18,None,None
504527,259350.0,,-19.8986046,-43.89833809999999,2,1,0,,0.0,0.0,leste,São Geraldo,12/08/18,None,None
28188,260000.0,,-19.8290923,-43.93885109999997,3,1,0,,50.0,400.0,norte,Jardim Guanabara,12/08/18,None,None
179673,260000.0,,-19.8751104,-44.0087092,2,1,0,,0.0,0.0,pampulha,Santa Terezinha,12/08/18,None,None
279927,260000.0,,-19.9036954,-43.92614900000001,2,1,0,,0.0,0.0,leste,Sagrada Família,12/08/18,None,None
2743116,260000.0,,-19.818142899999998,-43.982091200000006,3,1,1,,0.0,0.0,venda-nova,Visconde do Rio Branco,12/08/18,None,None
2745756,260000.0,,-19.818142899999998,-43.982091200000006,3,1,1,,0.0,0.0,venda-nova,Visconde do Rio Branco,12/08/18,None,None
504891,262350.0,,-19.8986046,-43.89833809999999,2,1,0,,0.0,0.0,leste,São Geraldo,12/08/18,None,None
504894,262350.0,,-19.8986046,-43.89833809999999,2,1,0,,0.0,0.0,leste,São Geraldo,12/08/18,None,None
54000,264159.0,,-19.871315300000003,-43.98435810000001,1,1,0,,0.0,0.0,pampulha,Ouro Preto,12/08/18,None,None
164976,265000.0,,-19.809024100000002,-43.939714500000036,2,1,1,,0.0,0.0,norte,Juliana,12/08/18,None,None
166418,265000.0,,-19.8749917,-43.98903519999999,1,1,0,,0.0,0.0,pampulha,Ouro Preto,12/08/18,None,None
179182,265000.0,,-19.8076005,-43.98589229999999,3,1,1,,0.0,180.0,venda-nova,Piratininga (venda Nova),12/08/18,None,None
246046,265000.0,,-19.9929668,-44.0021367,2,1,1,,0.0,0.0,barreiro,Flávio Marques Lisboa,12/08/18,None,None
494623,265000.0,,-19.8291411,-43.97558839999999,3,1,1,,0.01,0.0,pampulha,Santa Mônica,12/08/18,None,None
3244506,265000.0,,-19.9289551,-43.969463099999984,3,2,1,,76.0,156.0,oeste,Prado,12/08/18,None,None
505257,265350.0,,-19.8986046,-43.89833809999999,2,1,0,,0.0,0.0,leste,São Geraldo,12/08/18,None,None
505260,265350.0,,-19.8986046,-43.89833809999999,2,1,0,,0.0,0.0,leste,São Geraldo,12/08/18,None,None
514432,266350.0,,-19.8986046,-43.89833809999999,2,1,0,,0.0,0.0,leste,São Geraldo,12/08/18,None,None
514433,266350.0,,-19.8986046,-43.89833809999999,2,1,0,,0.0,0.0,leste,São Geraldo,12/08/18,None,None
513225,268350.0,,-19.8986046,-43.89833809999999,2,1,0,,0.0,0.0,leste,São Geraldo,12/08/18,None,None
1580626,269000.0,,-19.823572199999997,-43.96557640000003,2,1,0,,1723.47,0.0,venda-nova,São João Batista,12/08/18,None,None
514434,269350.0,,-19.8986046,-43.89833809999999,2,1,0,,0.0,0.0,leste,São Geraldo,12/08/18,None,None
514435,269350.0,,-19.8986046,-43.89833809999999,2,1,0,,0.0,0.0,leste,São Geraldo,12/08/18,None,None
21026,270000.0,,-19.8406896,-43.93936610000003,2,2,1,,50.0,110.0,norte,Heliópolis,12/08/18,None,None
41411,270000.0,,-19.9241601,-43.950607399999974,2,1,0,,0.0,682.5,centro-sul,Santo Agostinho,12/08/18,None,None
126927,270000.0,,-19.9157527,-44.002954199999984,2,2,1,,0.0,0.0,noroeste,Dom Bosco,12/08/18,None,None
349771,270000.0,,-19.9076934,-43.90887350000003,3,1,0,,0.0,250.0,centro-sul,Santa Efigênia,12/08/18,None,None
350498,270000.0,,-20.011972399999998,-44.0279031,2,1,1,,0.0,0.0,barreiro,Petrópolis (vale do Jatobá),12/08/18,None,None
352283,270000.0,,-19.8226171,-43.97128029999999,2,2,1,,0.0,0.0,pampulha,Santa Mônica,12/08/18,None,None
352307,270000.0,,-19.8226171,-43.97128029999999,2,2,1,,0.0,0.0,pampulha,Santa Mônica,12/08/18,None,None
353760,270000.0,,-19.860132800000002,-43.935161799999996,3,1,0,,0.0,0.0,pampulha,Dona Clara,12/08/18,None,None
358506,270000.0,,-19.8815643,-44.0044628,2,1,1,,0.0,0.0,pampulha,Castelo,12/08/18,None,None
484622,270000.0,,-19.8856115,-43.90220779999999,3,2,1,,0.0,0.0,venda-nova,Ana Lúcia,12/08/18,None,None
484964,270000.0,,-19.8856115,-43.90220779999999,3,2,1,,0.0,0.0,leste,Nova Vista,12/08/18,None,None
1016402,270000.0,,-19.894652999999998,-43.93878000000001,3,1,0,,0.0,250.0,nordeste,Renascença,12/08/18,None,None
3254008,270000.0,,-19.9362396,-43.977694499999984,2,1,1,,0.0,0.0,oeste,Nova Suíssa,12/08/18,None,None
517861,272350.0,,-19.8986046,-43.89833809999999,2,1,0,,0.0,0.0,leste,São Geraldo,12/08/18,None,None
517862,272350.0,,-19.8986046,-43.89833809999999,2,1,0,,0.0,0.0,leste,São Geraldo,12/08/18,None,None
49467,272950.0,,-19.8976583,-43.99696010000002,2,2,1,,0.0,0.0,pampulha,Manacás,12/08/18,None,None
54513,275000.0,,-19.873497,-44.012472300000006,2,1,1,,0.0,0.0,pampulha,Santa Terezinha,12/08/18,None,None
54879,275000.0,,-19.914770800000003,-43.96834419999999,3,1,0,,62.0,409.0,noroeste,Padre Eustáquio,12/08/18,None,None
124571,275000.0,,-19.917442899999998,-43.93423740000003,2,1,1,,0.0,150.0,pampulha,Manacás,12/08/18,None,None
351073,275000.0,,-19.9127852,-43.900974700000006,2,2,1,,92.19,0.0,leste,Pompéia,12/08/18,None,None
3239986,277000.0,,-19.9348499,-43.92434000000003,1,1,1,,0.0,0.0,centro-sul,Serra,12/08/18,None,None
148468,277499.53,,-19.8263266,-43.95283689999997,1,1,0,,0.0,0.0,norte,Planalto,12/08/18,None,None
36292,279000.0,,-19.906083,-43.94434939999997,2,2,1,,0.0,0.0,pampulha,Copacabana,12/08/18,None,None
24664,280000.0,,-19.899884,-43.92487729999999,2,2,0,,66.0,145.0,leste,Sagrada Família,12/08/18,None,None
27480,280000.0,,-19.9481814,-44.0212014,3,1,0,,0.0,200.0,oeste,Madre Gertrudes,12/08/18,None,None
28158,280000.0,,-19.8444784,-43.95474009999998,3,1,1,,68.11,230.0,pampulha,Itapoã,12/08/18,None,None
43561,280000.0,,-19.8834986,-44.001263,2,1,1,,53.0,320.0,pampulha,Castelo,12/08/18,None,None
49246,280000.0,,-19.965729,-43.97990700000002,3,1,1,,0.0,220.0,oeste,Palmeiras,12/08/18,None,None
217584,280000.0,,-19.9048243,-43.968949200000004,3,1,0,,79.4,0.0,noroeste,Caiçaras,12/08/18,None,None
345347,280000.0,,-19.964541,-43.972812100000006,3,2,1,,0.0,290000.0,oeste,Estrela Dalva,12/08/18,None,None
352300,280000.0,,-19.822584,-43.97126700000001,2,2,1,,0.0,0.0,pampulha,Santa Mônica,12/08/18,None,None
352312,280000.0,,-19.8226171,-43.97128029999999,2,2,1,,0.0,0.0,pampulha,Santa Mônica,12/08/18,None,None
397364,280000.0,,-19.9006421,-43.917471200000016,3,1,0,,0.0,0.0,leste,Horto,12/08/18,None,None
1282511,280000.0,,-19.8076788,-43.9859305,2,1,1,,0.0,0.0,venda-nova,Piratininga (venda Nova),12/08/18,None,None
1581110,280000.0,,-19.9984243,-44.04463140000002,2,1,0,,0.0,0.0,barreiro,Tirol (barreiro),12/08/18,None,None
518667,282000.0,,-19.8986046,-43.89833809999999,2,2,1,,0.0,0.0,leste,São Geraldo,12/08/18,None,None
519031,282000.0,,-19.8986046,-43.89833809999999,2,2,1,,0.0,0.0,leste,São Geraldo,12/08/18,None,None
519032,282000.0,,-19.8986046,-43.89833809999999,2,2,1,,0.0,0.0,leste,São Geraldo,12/08/18,None,None
49470,283250.0,,-19.8976583,-43.99696010000002,2,2,1,,0.0,0.0,pampulha,Manacás,12/08/18,None,None
49472,283250.0,,-19.8976583,-43.99696010000002,2,2,1,,0.0,0.0,pampulha,Manacás,12/08/18,None,None
34259,284000.0,,-19.891721899999997,-43.93313929999999,3,2,1,,88.99,190.0,nordeste,Silveira,12/08/18,None,None
148469,284934.12,,-19.8263266,-43.95283689999997,1,1,0,,0.0,0.0,norte,Planalto,12/08/18,None,None
36802,285000.0,,-19.9091181,-43.91372150000001,3,1,0,,0.0,384.0,leste,Santa Tereza,12/08/18,None,None
54434,285000.0,,-19.9060016,-43.89863109999999,2,1,0,,0.0,0.0,leste,Pompéia,12/08/18,None,None
62969,285000.0,,-19.8151257,-43.97400900000002,2,2,0,,0.0,0.0,venda-nova,São João Batista,12/08/18,None,None
519033,285000.0,,-19.8986046,-43.89833809999999,2,2,1,,0.0,0.0,leste,São Geraldo,12/08/18,None,None
519034,285000.0,,-19.8986046,-43.89833809999999,2,2,1,,0.0,0.0,leste,São Geraldo,12/08/18,None,None
519452,285000.0,,-19.8986046,-43.89833809999999,2,2,1,,0.0,0.0,leste,São Geraldo,12/08/18,None,None
519454,288000.0,,-19.8986046,-43.89833809999999,2,2,1,,0.0,0.0,leste,São Geraldo,12/08/18,None,None
519851,288000.0,,-19.8986046,-43.89833809999999,2,2,1,,0.0,0.0,leste,São Geraldo,12/08/18,None,None
49462,288400.0,,-19.8976583,-43.99696010000002,2,2,1,,0.0,0.0,pampulha,Manacás,12/08/18,None,None
49466,288400.0,,-19.8976583,-43.99696010000002,2,2,1,,0.0,0.0,pampulha,Manacás,12/08/18,None,None
358024,289000.0,,-19.915676,-43.951484,3,2,0,,0.0,0.0,noroeste,Padre Eustáquio,12/08/18,None,None
494259,289000.0,,-19.8291411,-43.97558839999999,3,1,1,,0.01,0.0,pampulha,Santa Mônica,12/08/18,None,None
9168,290000.0,,-19.8762273,-44.007150300000035,3,2,1,,0.0,0.0,pampulha,Santa Terezinha,12/08/18,None,None
61491,290000.0,,-19.9257122,-43.9984829,3,1,0,,0.0,210.0,noroeste,João Pinheiro,12/08/18,None,None
168066,290000.0,,-19.8595715,-43.93247610000003,2,1,1,,0.0,0.0,pampulha,Dona Clara,12/08/18,None,None
360744,290000.0,,-19.877953100000003,-44.00350530000003,2,1,1,,0.0,0.0,pampulha,Castelo,12/08/18,None,None
1660513,290000.0,,-19.9134591,-43.96723220000001,3,1,0,,0.0,0.0,noroeste,Padre Eustáquio,12/08/18,None,None
519852,291000.0,,-19.8986046,-43.89833809999999,2,2,1,,0.0,0.0,leste,São Geraldo,12/08/18,None,None
348234,295000.0,,-19.8770045,-44.00276220000001,2,2,2,,0.0,0.0,pampulha,Castelo,12/08/18,None,None
2873994,295000.0,,-19.8766002,-43.995342799999996,3,2,1,,0.0,0.0,pampulha,Castelo,12/08/18,None,None
519855,298000.0,,-19.8986046,-43.89833809999999,2,2,1,,0.0,0.0,leste,São Geraldo,12/08/18,None,None
49446,298700.0,,-19.8976583,-43.99696010000002,2,2,1,,0.0,0.0,pampulha,Manacás,12/08/18,None,None
49471,298700.0,,-19.8976583,-43.99696010000002,2,2,1,,0.0,0.0,pampulha,Manacás,12/08/18,None,None
164997,299000.0,,-19.809024100000002,-43.939714500000036,2,2,1,,0.0,0.0,norte,Juliana,12/08/18,None,None
351631,299000.0,,-20.0006808,-44.01151629999998,2,1,0,,0.0,0.0,barreiro,Brasil Industrial (Barreiro),12/08/18,None,None
128186,300000.0,,-19.9246808,-43.94307520000001,2,2,0,,0.0,1050.0,centro-sul,Santo Agostinho,12/08/18,None,None
335232,300000.0,,-19.8173466,-43.98025080000002,3,1,1,,0.0,200.0,venda-nova,Rio Branco,12/08/18,None,None
344599,300000.0,,-19.834471899999997,-43.987625500000036,3,1,1,,0.0,0.0,venda-nova,Parque Leblon,12/08/18,None,None
360883,300000.0,,-19.871648,-43.91838580000001,3,2,1,,0.0,213.0,nordeste,São Paulo,12/08/18,None,None
519856,301000.0,,-19.8986046,-43.89833809999999,2,2,1,,0.0,0.0,leste,São Geraldo,12/08/18,None,None
519858,301000.0,,-19.8986046,-43.89833809999999,2,2,1,,0.0,0.0,leste,São Geraldo,12/08/18,None,None
520244,301000.0,,-19.8986046,-43.89833809999999,2,2,1,,0.0,0.0,leste,São Geraldo,12/08/18,None,None
2861146,301000.0,,-19.8770126,-43.99394630000001,3,2,1,,0.0,0.0,pampulha,Castelo,12/08/18,None,None
248657,303000.0,,-19.9929668,-44.0021367,2,1,1,,0.0,0.0,barreiro,Flávio Marques Lisboa,12/08/18,None,None
520245,304000.0,,-19.8986046,-43.89833809999999,2,2,1,,0.0,0.0,leste,São Geraldo,12/08/18,None,None
520248,304000.0,,-19.8986046,-43.89833809999999,2,2,1,,0.0,0.0,leste,São Geraldo,12/08/18,None,None
3247253,304502.0,,-19.9924689,-44.005013700000006,3,1,1,,0.0,0.0,barreiro,Flávio Marques Lisboa,12/08/18,None,None
337431,304600.0,,-19.8216493,-43.98073699999998,3,2,1,,0.0,0.0,venda-nova,Sinimbu,12/08/18,None,None
520249,307000.0,,-19.8986046,-43.89833809999999,2,2,1,,0.0,0.0,leste,São Geraldo,12/08/18,None,None
133775,310000.0,,-19.938187300000003,-44.02432340000002,3,2,1,,0.0,0.0,noroeste,Camargos,12/08/18,None,None
149961,310000.0,,-19.9093811,-43.938279299999984,2,1,0,,0.0,0.0,leste,Floresta,12/08/18,None,None
168196,310000.0,,-19.917485600000003,-43.93408620000002,3,1,0,,0.0,490.0,centro-sul,Centro,12/08/18,None,None
279369,310000.0,,-19.9722284,-43.97502659999998,2,1,1,,0.0,0.0,oeste,Buritis,12/08/18,None,None
520643,310000.0,,-19.8986046,-43.89833809999999,2,2,1,,0.0,0.0,leste,São Geraldo,12/08/18,None,None
804954,310000.0,,-19.9573163,-43.9848599,3,2,1,,0.0,0.0,oeste,Palmeiras,12/08/18,None,None
1702363,310000.0,,-19.870255,-43.9840102,2,1,1,,0.0,0.0,pampulha,Ouro Preto,12/08/18,None,None
3250384,310000.0,,-19.9362396,-43.977694499999984,3,1,1,,0.0,0.0,oeste,Nova Suíssa,12/08/18,None,None
248655,311000.0,,-19.9929668,-44.0021367,2,1,1,,0.0,0.0,barreiro,Flávio Marques Lisboa,12/08/18,None,None
520251,312000.0,,-19.8986046,-43.89833809999999,2,2,1,,0.0,0.0,leste,São Geraldo,12/08/18,None,None
520252,312000.0,,-19.8986046,-43.89833809999999,2,2,1,,0.0,0.0,leste,São Geraldo,12/08/18,None,None
159341,315000.0,,-19.840117499999998,-43.98561389999998,3,1,1,,1066.76,0.0,pampulha,Santa Amélia,12/08/18,None,None
166605,315000.0,,-19.8750245,-43.989287200000035,1,1,0,,0.0,0.0,pampulha,Ouro Preto,12/08/18,None,None
339126,315000.0,,-19.830024800000004,-43.94325709999998,2,1,0,,77.0,0.0,norte,Planalto,12/08/18,None,None
624359,315000.0,,-19.914807569893245,-43.98690553809814,3,1,0,,103.68,230.0,noroeste,Padre Eustáquio,12/08/18,None,None
520644,316000.0,,-19.8986046,-43.89833809999999,2,2,1,,0.0,0.0,leste,São Geraldo,12/08/18,None,None
520645,316000.0,,-19.8986046,-43.89833809999999,2,2,1,,0.0,0.0,leste,São Geraldo,12/08/18,None,None
520646,316000.0,,-19.8986046,-43.89833809999999,2,2,1,,0.0,0.0,leste,São Geraldo,12/08/18,None,None
520647,319000.0,,-19.8986046,-43.89833809999999,2,2,1,,0.0,0.0,leste,São Geraldo,12/08/18,None,None
520648,319000.0,,-19.8986046,-43.89833809999999,2,2,1,,0.0,0.0,leste,São Geraldo,12/08/18,None,None
520649,319000.0,,-19.8986046,-43.89833809999999,2,2,1,,0.0,0.0,leste,São Geraldo,12/08/18,None,None
520650,319000.0,,-19.8986046,-43.89833809999999,2,2,1,,0.0,0.0,leste,São Geraldo,12/08/18,None,None
15996,320000.0,,-19.9385282,-43.980229099999974,3,1,0,,14.18,170.0,oeste,Nova Suíssa,12/08/18,None,None
16911,320000.0,,-19.8118633,-43.93472969999999,3,2,1,,0.0,150.0,norte,Etelvina Carneiro,12/08/18,None,None
130264,320000.0,,-19.9197281,-43.93988790000003,3,2,1,,0.0,0.0,centro-sul,Centro,12/08/18,None,None
159440,320000.0,,-19.840117499999998,-43.98561389999998,3,2,1,,1066.76,0.0,pampulha,Santa Amélia,12/08/18,None,None
333766,320000.0,,-19.8330407,-43.96653809999998,3,2,1,,80.0,200.0,pampulha,Santa Branca,12/08/18,None,None
339918,320000.0,,-19.8117221,-43.969813499999994,3,1,1,,0.0,0.0,venda-nova,Candelária,12/08/18,None,None
405736,320000.0,,-19.880886,-44.01070099999998,3,1,1,,0.0,0.0,pampulha,Serrano,12/08/18,None,None
423085,320000.0,,-19.8876268,-43.89277849999996,2,1,1,,0.0,0.0,leste,Boa Vista,12/08/18,None,None
2379186,320000.0,,-19.941663199999997,-43.946614700000005,2,1,0,,105.0,0.0,centro-sul,Santo Antônio,12/08/18,None,None
3216137,320000.0,,-19.896701999999998,-43.996939000000005,2,1,1,,0.0,0.0,pampulha,Manacás,12/08/18,None,None
3243859,320970.0,,-19.8876035,-43.89305630000001,2,1,1,,0.0,0.0,leste,Boa Vista,12/08/18,None,None
520651,322000.0,,-19.8986046,-43.89833809999999,2,2,1,,0.0,0.0,leste,São Geraldo,12/08/18,None,None
520652,322000.0,,-19.8986046,-43.89833809999999,2,2,1,,0.0,0.0,leste,São Geraldo,12/08/18,None,None
148551,323243.13,,-19.8263266,-43.95283689999997,2,1,1,,0.0,0.0,norte,Planalto,12/08/18,None,None
3243798,323920.0,,-19.8862881,-43.89136100000002,2,2,1,,0.0,0.0,leste,Boa Vista,12/08/18,None,None
148974,324818.4,,-19.8263266,-43.95283689999997,2,1,1,,0.0,0.0,norte,Planalto,12/08/18,None,None
23283,325000.0,,-19.9453514,-43.97588329999997,3,2,1,,0.0,0.0,oeste,Salgado Filho,12/08/18,None,None
339087,325000.0,,-19.830024800000004,-43.94325709999998,2,1,0,,77.0,0.0,norte,Planalto,12/08/18,None,None
53999,325052.0,,-19.871315300000003,-43.98435810000001,1,1,0,,0.0,0.0,pampulha,Ouro Preto,12/08/18,None,None
148502,325686.96,,-19.8263266,-43.95283689999997,2,1,0,,0.0,0.0,norte,Planalto,12/08/18,None,None
1896839,327000.0,,-19.9440939,-43.92060459999999,1,1,1,,1.0,1.0,centro-sul,Serra,12/08/18,None,None
363660,327742.18,,-19.9369798,-43.93042750000001,1,0,0,,0.0,0.0,centro-sul,Savassi,12/08/18,None,None
3243882,328570.0,,-19.8863027,-43.8938503,2,1,1,,0.0,0.0,leste,Boa Vista,12/08/18,None,None
11210,330000.0,,-19.898363600000003,-43.99559679999999,2,1,1,,60.1,160.0,pampulha,Manacás,12/08/18,None,None
21049,330000.0,,-19.958197100000003,-43.967585499999984,4,3,1,,65.64,240.0,oeste,Estoril,12/08/18,None,None
23285,330000.0,,-19.9453514,-43.97588329999997,3,2,1,,0.0,0.0,oeste,Salgado Filho,12/08/18,None,None
23288,330000.0,,-19.9453514,-43.97588329999997,3,2,1,,0.0,0.0,oeste,Salgado Filho,12/08/18,None,None
32664,330000.0,,-19.897755,-43.95801219999999,3,1,1,,0.0,0.0,noroeste,Senhor Bom Jesus,12/08/18,None,None
1702772,330000.0,,-19.889269199999998,-43.93023710000001,4,1,1,,0.0,0.0,nordeste,Silveira,12/08/18,None,None
2073205,330000.0,,-19.964987,-43.97508400000004,3,1,1,,0.0,0.0,oeste,Havaí,12/08/18,None,None
2735167,330000.0,,-20.0005967,-44.0207466,2,4,0,,90.0,180.0,barreiro,Diamante(barreiro),12/08/18,None,None
148552,332162.94,,-19.8263266,-43.95283689999997,2,1,1,,0.0,0.0,norte,Planalto,12/08/18,None,None
149013,332883.79,,-19.8263266,-43.95283689999997,2,1,1,,0.0,0.0,norte,Planalto,12/08/18,None,None
54001,333457.0,,-19.871315300000003,-43.98435810000001,2,1,0,,0.0,0.0,pampulha,Ouro Preto,12/08/18,None,None
149254,333774.04,,-19.8263266,-43.95283689999997,2,1,1,,0.0,0.0,norte,Planalto,12/08/18,None,None
39190,333915.11,,-19.954740899999997,-43.97618060000002,3,2,1,,0.0,0.0,oeste,Havaí,12/08/18,None,None
149018,334506.32,,-19.8263266,-43.95283689999997,2,1,1,,0.0,0.0,norte,Planalto,12/08/18,None,None
149030,334506.32,,-19.8263266,-43.95283689999997,2,1,1,,0.0,0.0,norte,Planalto,12/08/18,None,None
132516,335000.0,,-19.913106699999997,-43.91270159999999,2,2,1,,0.0,0.0,leste,Santa Tereza,12/08/18,None,None
145038,335000.0,,-19.871691000000002,-43.93313550000005,2,1,1,,0.0,0.0,nordeste,Palmares,12/08/18,None,None
149045,336128.85,,-19.8263266,-43.95283689999997,2,1,1,,0.0,0.0,norte,Planalto,12/08/18,None,None
149047,336128.85,,-19.8263266,-43.95283689999997,2,1,1,,0.0,0.0,norte,Planalto,12/08/18,None,None
148971,337019.93,,-19.8263266,-43.95283689999997,2,1,1,,0.0,0.0,norte,Planalto,12/08/18,None,None
149127,338654.72,,-19.8263266,-43.95283689999997,2,1,1,,0.0,0.0,norte,Planalto,12/08/18,None,None
53997,339987.0,,-19.871315300000003,-43.98435810000001,1,1,0,,0.0,0.0,pampulha,Ouro Preto,12/08/18,None,None
10837,340000.0,,-19.9788948,-44.01558610000001,3,2,1,,80.4,0.0,barreiro,Barreiro,12/08/18,None,None
36126,340000.0,,-19.8831299,-44.00563390000002,3,2,1,,0.0,0.0,pampulha,Castelo,12/08/18,None,None
38197,340000.0,,-19.8812176,-43.98204129999999,2,2,1,,120.0,250.0,pampulha,Ouro Preto,12/08/18,None,None
51093,340000.0,,-19.9567749,-43.94027040000003,2,2,1,,0.0,940.0,centro-sul,Sion,12/08/18,None,None
57299,340000.0,,-19.8705262,-43.92034519999999,2,2,1,,0.0,0.0,nordeste,São Paulo,12/08/18,None,None
62704,340000.0,,-19.9367541,-44.01944939999999,3,1,1,,0.0,0.0,noroeste,Camargos,12/08/18,None,None
141462,340000.0,,-19.9038186,-43.90833529999998,2,2,1,,0.0,0.0,leste,Esplanada,12/08/18,None,None
335386,340000.0,,-19.903878,-43.91348900000003,1,2,0,,0.0,200.0,leste,Floresta,12/08/18,None,None
348683,340000.0,,-19.903878,-43.91348900000003,1,2,0,,0.0,200.0,leste,Floresta,12/08/18,None,None
356407,340000.0,,-19.9282134,-43.96707249999997,3,2,0,,0.0,200.0,oeste,Prado,12/08/18,None,None
361782,340000.0,,-19.868442452427534,-43.988658339147946,3,1,1,,0.0,0.0,pampulha,Ouro Preto,12/08/18,None,None
405733,340000.0,,-19.880886,-44.01070099999998,3,1,1,,0.0,0.0,pampulha,Serrano,12/08/18,None,None
1896841,340000.0,,-19.9440459,-43.9205571,1,1,1,,1.0,1.0,centro-sul,Serra,12/08/18,None,None
2073206,340000.0,,-19.964987,-43.97508400000004,3,1,1,,0.0,0.0,oeste,Havaí,12/08/18,None,None
2073207,340000.0,,-19.964987,-43.97508400000004,3,1,1,,0.0,0.0,oeste,Havaí,12/08/18,None,None
2073208,340000.0,,-19.964987,-43.97508400000004,3,1,1,,0.0,0.0,oeste,Havaí,12/08/18,None,None
2740566,340000.0,,-19.81814,-43.98210389999997,3,1,1,,0.0,0.0,venda-nova,Visconde do Rio Branco,12/08/18,None,None
3239423,340000.0,,-19.90708011936608,-44.00075039790039,2,1,1,,0.0,0.0,noroeste,Jardim Inconfidência,12/08/18,None,None
3239436,340000.0,,-19.907104999999998,-44.00064600000002,2,1,1,,0.0,0.0,noroeste,Jardim Inconfidência,12/08/18,None,None
3239437,340000.0,,-19.907104999999998,-44.00064600000002,2,1,1,,0.0,0.0,noroeste,Jardim Inconfidência,12/08/18,None,None
3239438,340000.0,,-19.907104999999998,-44.00064600000002,2,1,1,,0.0,0.0,noroeste,Jardim Inconfidência,12/08/18,None,None
3243561,340000.0,,-19.8858262,-43.89121299999999,2,2,1,,0.0,0.0,leste,Boa Vista,12/08/18,None,None
3243868,340000.0,,-19.972986,-43.97143399999999,2,2,1,,0.0,0.0,oeste,Buritis,12/08/18,None,None
3249949,340000.0,,-19.9362396,-43.977694499999984,3,1,1,,0.0,0.0,oeste,Nova Suíssa,12/08/18,None,None
148991,340411.77,,-19.8263266,-43.95283689999997,2,1,1,,0.0,0.0,norte,Planalto,12/08/18,None,None
149014,340411.77,,-19.8263266,-43.95283689999997,2,1,1,,0.0,0.0,norte,Planalto,12/08/18,None,None
149005,340571.11,,-19.8263266,-43.95283689999997,2,1,1,,0.0,0.0,norte,Planalto,12/08/18,None,None
149029,342071.2,,-19.8263266,-43.95283689999997,2,1,1,,0.0,0.0,norte,Planalto,12/08/18,None,None
149031,342071.2,,-19.8263266,-43.95283689999997,2,1,1,,0.0,0.0,norte,Planalto,12/08/18,None,None
149125,342146.39,,-19.8263266,-43.95283689999997,2,2,1,,0.0,0.0,norte,Planalto,12/08/18,None,None
149126,342146.39,,-19.8263266,-43.95283689999997,2,2,1,,0.0,0.0,norte,Planalto,12/08/18,None,None
149046,343730.63,,-19.8263266,-43.95283689999997,2,1,1,,0.0,0.0,norte,Planalto,12/08/18,None,None
149048,343730.63,,-19.8263266,-43.95283689999997,2,1,1,,0.0,0.0,norte,Planalto,12/08/18,None,None
54167,344766.0,,-19.871311,-43.98432919999999,2,1,1,,0.0,0.0,pampulha,Ouro Preto,12/08/18,None,None
126518,345000.0,,-19.8366369,-43.99065289999999,2,2,1,,0.0,0.0,pampulha,Copacabana,12/08/18,None,None
181541,345000.0,,-19.9222438,-43.98535950000002,3,2,1,,0.0,180.0,noroeste,Padre Eustáquio,12/08/18,None,None
148994,345111.91,,-19.8263266,-43.95283689999997,2,1,1,,0.0,0.0,norte,Planalto,12/08/18,None,None
54171,345740.12,,-19.871311,-43.98432919999999,2,1,1,,0.0,0.0,pampulha,Ouro Preto,12/08/18,None,None
501163,346200.0,,-19.8986046,-43.89833809999999,3,2,1,,0.0,0.0,leste,São Geraldo,12/08/18,None,None
501543,346200.0,,-19.8986046,-43.89833809999999,3,2,1,,0.0,0.0,leste,São Geraldo,12/08/18,None,None
501544,346200.0,,-19.8986046,-43.89833809999999,3,2,1,,0.0,0.0,leste,São Geraldo,12/08/18,None,None
3249476,348000.0,,-19.9811159,-44.0125208,3,1,1,,337.0,0.0,barreiro,Barreiro,12/08/18,None,None
3249499,348000.0,,-19.981195,-44.01358290000002,3,1,1,,337.0,0.0,barreiro,Barreiro,12/08/18,None,None
3249513,348000.0,,-19.9819353,-44.01325650000001,3,1,1,,337.0,0.0,barreiro,Barreiro,12/08/18,None,None
3249515,348000.0,,-19.9819353,-44.01325650000001,3,1,1,,337.0,0.0,barreiro,Barreiro,12/08/18,None,None
149003,348352.9,,-19.8263266,-43.95283689999997,2,1,1,,0.0,0.0,norte,Planalto,12/08/18,None,None
501914,349200.0,,-19.8986046,-43.89833809999999,3,2,1,,0.0,0.0,leste,São Geraldo,12/08/18,None,None
502661,349200.0,,-19.8986046,-43.89833809999999,3,2,1,,0.0,0.0,leste,São Geraldo,12/08/18,None,None
179697,349900.0,,-19.9351482,-43.92456370000002,3,1,1,,0.0,0.0,venda-nova,Rio Branco,12/08/18,None,None
149007,349971.9,,-19.8263266,-43.95283689999997,2,1,1,,0.0,0.0,norte,Planalto,12/08/18,None,None
11490,350000.0,,-19.900268,-44.009594799999995,3,1,1,,62.0,110.0,noroeste,Nossa Senhora da Glória,12/08/18,None,None
38201,350000.0,,-19.8812176,-43.98204129999999,2,2,1,,120.0,250.0,pampulha,Ouro Preto,12/08/18,None,None
38205,350000.0,,-19.8810079,-43.98205759999996,2,2,1,,100.0,0.0,pampulha,Ouro Preto,12/08/18,None,None
40276,350000.0,,-19.894899300000002,-43.99808740000003,3,2,1,,0.0,0.0,pampulha,Castelo,12/08/18,None,None
42591,350000.0,,-19.870271399999996,-43.93913099999998,2,2,1,,0.0,320.0,nordeste,Palmares,12/08/18,None,None
66638,350000.0,,-19.8759346,-43.984375699999994,2,1,1,,0.0,0.0,pampulha,Ouro Preto,12/08/18,None,None
141217,350000.0,,-19.881418,-43.90990690000001,2,2,1,,0.0,0.0,leste,Santa Inês,12/08/18,None,None
141454,350000.0,,-19.9038186,-43.90833529999998,2,2,1,,0.0,0.0,leste,Esplanada,12/08/18,None,None
145071,350000.0,,-19.871691000000002,-43.93313550000005,2,1,1,,0.0,0.0,nordeste,Palmares,12/08/18,None,None
161918,350000.0,,-19.8961389,-43.9374401,2,1,1,,0.0,200.0,nordeste,Nova Floresta,12/08/18,None,None
227834,350000.0,,-19.874924800000002,-43.98269570000002,3,1,1,,0.0,0.0,pampulha,Ouro Preto,12/08/18,None,None
335402,350000.0,,-19.903878,-43.91348900000003,1,2,0,,0.0,200.0,leste,Floresta,12/08/18,None,None
348691,350000.0,,-19.903878,-43.91348900000003,1,2,0,,0.0,200.0,leste,Floresta,12/08/18,None,None
352530,350000.0,,-19.9335307,-43.97076679999998,3,1,0,,0.0,270.0,oeste,Barroca,12/08/18,None,None
365661,350000.0,,-19.894545,-43.99702400000001,3,2,1,,114.31,400.0,pampulha,Manacás,12/08/18,None,None
365836,350000.0,,-19.941198999999997,-43.9816214,3,2,1,,0.0,0.0,oeste,Salgado Filho,12/08/18,None,None
365837,350000.0,,-19.941198999999997,-43.9816214,3,2,1,,0.0,0.0,oeste,Salgado Filho,12/08/18,None,None
452975,350000.0,,-19.925929,-43.98854599999999,3,2,1,,82.67,250.0,noroeste,Coração Eucarístico,12/08/18,None,None
1675086,350000.0,,-19.991259,-44.044443,3,1,1,,0.0,0.0,barreiro,Tirol,12/08/18,None,None
1687082,350000.0,,-19.869310100000003,-44.00545160000002,3,2,1,,0.0,0.0,pampulha,Santa Terezinha,12/08/18,None,None
2542051,350000.0,,-19.9189117,-43.98421139999999,3,2,1,,103.71,0.0,noroeste,Padre Eustáquio,12/08/18,None,None
2692233,350000.0,,-19.8948487,-43.90849020000002,3,1,1,,115.32,0.0,leste,Boa Vista,12/08/18,None,None
3239439,350000.0,,-19.907104999999998,-44.00064600000002,2,1,1,,0.0,0.0,noroeste,Jardim Inconfidência,12/08/18,None,None
3239440,350000.0,,-19.907104999999998,-44.00064600000002,2,1,1,,0.0,0.0,noroeste,Jardim Inconfidência,12/08/18,None,None
3239449,350000.0,,-19.907104999999998,-44.00064600000002,2,1,1,,0.0,0.0,noroeste,Jardim Inconfidência,12/08/18,None,None
3239450,350000.0,,-19.907104999999998,-44.00064600000002,2,1,1,,0.0,0.0,noroeste,Jardim Inconfidência,12/08/18,None,None
3249681,350000.0,,-19.925375,-43.90674799999999,3,1,1,,0.0,0.0,leste,Paraíso,12/08/18,None,None
3249952,350000.0,,-19.9362396,-43.977694499999984,3,1,1,,0.0,0.0,oeste,Nova Suíssa,12/08/18,None,None
149146,350098.26,,-19.8263266,-43.95283689999997,2,2,1,,0.0,0.0,norte,Planalto,12/08/18,None,None
54344,351462.0,,-19.871311,-43.98432919999999,2,1,1,,0.0,0.0,pampulha,Ouro Preto,12/08/18,None,None
54346,351462.0,,-19.871311,-43.98432919999999,2,1,1,,0.0,0.0,pampulha,Ouro Preto,12/08/18,None,None
149053,351590.9,,-19.8263266,-43.95283689999997,2,2,1,,0.0,0.0,norte,Planalto,12/08/18,None,None
149057,351590.9,,-19.8263266,-43.95283689999997,2,2,1,,0.0,0.0,norte,Planalto,12/08/18,None,None
149058,351590.9,,-19.8263266,-43.95283689999997,2,2,1,,0.0,0.0,norte,Planalto,12/08/18,None,None
149059,351590.9,,-19.8263266,-43.95283689999997,2,2,1,,0.0,0.0,norte,Planalto,12/08/18,None,None
149147,351733.05,,-19.8263266,-43.95283689999997,2,2,1,,0.0,0.0,norte,Planalto,12/08/18,None,None
502663,352200.0,,-19.8986046,-43.89833809999999,3,2,1,,0.0,0.0,leste,São Geraldo,12/08/18,None,None
502664,352200.0,,-19.8986046,-43.89833809999999,3,2,1,,0.0,0.0,leste,São Geraldo,12/08/18,None,None
503041,352200.0,,-19.8986046,-43.89833809999999,3,2,1,,0.0,0.0,leste,São Geraldo,12/08/18,None,None
149148,353367.84,,-19.8263266,-43.95283689999997,2,2,1,,0.0,0.0,norte,Planalto,12/08/18,None,None
141463,355000.0,,-19.9038186,-43.90833529999998,2,2,1,,0.0,0.0,leste,Esplanada,12/08/18,None,None
145007,355000.0,,-19.871691000000002,-43.93313550000005,2,1,1,,0.0,0.0,nordeste,Palmares,12/08/18,None,None
54349,357843.0,,-19.871311,-43.98432919999999,2,1,1,,0.0,0.0,pampulha,Ouro Preto,12/08/18,None,None
29746,358000.0,,-19.893519,-43.99406310000001,2,2,1,,0.0,0.0,pampulha,Castelo,12/08/18,None,None
54342,358224.0,,-19.871311,-43.98432919999999,2,1,1,,0.0,0.0,pampulha,Ouro Preto,12/08/18,None,None
54345,358224.0,,-19.871311,-43.98432919999999,2,1,1,,0.0,0.0,pampulha,Ouro Preto,12/08/18,None,None
356329,359000.0,,-19.9365616,-43.98065810000003,2,2,1,,0.0,0.0,oeste,Nova Suíssa,12/08/18,None,None
6331,360000.0,,-19.8765271,-44.00595580000004,3,1,1,,71.77,110.0,pampulha,Serrano,12/08/18,None,None
65094,360000.0,,-19.828231699999996,-43.98065299999996,2,2,1,,0.0,0.0,pampulha,Santa Mônica,12/08/18,None,None
136076,360000.0,,-19.8623737,-43.93880309999997,3,3,1,,0.0,0.0,pampulha,Dona Clara,12/08/18,None,None
141209,360000.0,,-19.883345300000002,-43.90888810000001,2,2,1,,0.0,0.0,leste,Santa Inês,12/08/18,None,None
141210,360000.0,,-19.883345300000002,-43.90888810000001,2,2,1,,0.0,0.0,leste,Santa Inês,12/08/18,None,None
141218,360000.0,,-19.883345300000002,-43.90888810000001,2,2,1,,0.0,0.0,leste,Santa Inês,12/08/18,None,None
141459,360000.0,,-19.9038186,-43.90833529999998,2,2,1,,0.0,0.0,leste,Esplanada,12/08/18,None,None
151577,360000.0,,-19.9222438,-43.98535950000002,3,1,1,,0.0,0.0,noroeste,Padre Eustáquio,12/08/18,None,None
157598,360000.0,,-19.8726087,-43.91513190000001,3,2,1,,65.0,240.0,nordeste,Fernão Dias,12/08/18,None,None
339895,360000.0,,-19.8117221,-43.969813499999994,3,1,1,,0.0,0.0,venda-nova,Candelária,12/08/18,None,None
405721,360000.0,,-19.880886,-44.01070099999998,3,1,1,,0.0,0.0,pampulha,Serrano,12/08/18,None,None
2540888,360000.0,,-19.8376109,-43.98963079999999,3,1,1,,0.0,0.0,pampulha,Jardim Atlântico,12/08/18,None,None
2542048,360000.0,,-19.8376109,-43.98963079999999,3,1,1,,0.0,0.0,pampulha,Jardim Atlântico,12/08/18,None,None
3233853,360000.0,,-19.9565461,-43.98622030000002,2,1,0,,0.0,0.0,oeste,Betânia,12/08/18,None,None
3250901,360000.0,,-19.818811899999996,-43.97834799999998,3,1,1,,0.0,0.0,venda-nova,Rio Branco,12/08/18,None,None
3250903,360000.0,,-19.818811899999996,-43.97834799999998,3,1,1,,0.0,0.0,venda-nova,Rio Branco,12/08/18,None,None
3250911,360000.0,,-19.818811899999996,-43.97834799999998,3,1,1,,0.0,0.0,venda-nova,Rio Branco,12/08/18,None,None
3250913,360000.0,,-19.818811899999996,-43.97834799999998,3,1,1,,0.0,0.0,venda-nova,Rio Branco,12/08/18,None,None
3250988,360000.0,,-19.818811899999996,-43.97834799999998,3,1,1,,0.0,0.0,venda-nova,Rio Branco,12/08/18,None,None
3250989,360000.0,,-19.818811899999996,-43.97834799999998,3,1,1,,0.0,0.0,venda-nova,Rio Branco,12/08/18,None,None
3250994,360000.0,,-19.81840816501769,-43.98006461376952,3,1,1,,0.0,0.0,venda-nova,Rio Branco,12/08/18,None,None
3250995,360000.0,,-19.818811899999996,-43.97834799999998,3,1,1,,0.0,0.0,venda-nova,Rio Branco,12/08/18,None,None
124695,361567.0,,-19.8678561,-43.99260570000001,3,1,1,,0.0,0.0,pampulha,Paquetá,12/08/18,None,None
3241577,364178.05,,-19.9442282,-43.92934689999999,2,1,1,,0.0,0.0,centro-sul,Cruzeiro,12/08/18,None,None
54020,364665.0,,-19.871315300000003,-43.98435810000001,2,1,1,,0.0,0.0,pampulha,Ouro Preto,12/08/18,None,None
503782,365200.0,,-19.8986046,-43.89833809999999,3,2,1,,0.0,0.0,leste,São Geraldo,12/08/18,None,None
3249477,366000.0,,-19.980891600000003,-44.01235439999999,3,1,1,,337.0,0.0,barreiro,Barreiro,12/08/18,None,None
352927,366190.23,,-19.9481901,-43.97994700000004,3,1,1,,0.0,0.0,oeste,Salgado Filho,12/08/18,None,None
352938,366190.23,,-19.9481901,-43.97994700000004,3,1,1,,0.0,0.0,oeste,Salgado Filho,12/08/18,None,None
54374,366404.0,,-19.871315300000003,-43.98435810000001,2,1,1,,0.0,0.0,pampulha,Ouro Preto,12/08/18,None,None
54022,368060.0,,-19.871315300000003,-43.98435810000001,2,1,1,,0.0,0.0,pampulha,Ouro Preto,12/08/18,None,None
504157,368200.0,,-19.8986046,-43.89833809999999,3,2,1,,0.0,0.0,leste,São Geraldo,12/08/18,None,None
504525,368200.0,,-19.8986046,-43.89833809999999,3,2,1,,0.0,0.0,leste,São Geraldo,12/08/18,None,None
504526,368200.0,,-19.8986046,-43.89833809999999,3,2,1,,0.0,0.0,leste,São Geraldo,12/08/18,None,None
3246696,368500.0,,-19.8820612,-43.99692770000002,3,2,1,,0.0,0.0,pampulha,Jaraguá,12/08/18,None,None
124696,368521.0,,-19.8678561,-43.99260570000001,3,1,1,,0.0,0.0,pampulha,Paquetá,12/08/18,None,None
149002,369000.0,,-19.8263266,-43.95283689999997,3,1,1,,0.0,0.0,norte,Planalto,12/08/18,None,None
149219,369000.0,,-19.8263266,-43.95283689999997,3,1,1,,0.0,0.0,norte,Planalto,12/08/18,None,None
141203,370000.0,,-19.883345300000002,-43.90888810000001,2,2,1,,0.0,0.0,leste,Santa Inês,12/08/18,None,None
141208,370000.0,,-19.883345300000002,-43.90888810000001,3,2,1,,0.0,0.0,leste,Santa Inês,12/08/18,None,None
141211,370000.0,,-19.883345300000002,-43.90888810000001,3,2,1,,0.0,0.0,leste,Santa Inês,12/08/18,None,None
353015,370000.0,,-19.940136399999997,-43.98768180000002,2,2,0,,0.0,95.0,oeste,Nova Gameleira,12/08/18,None,None
54155,370244.0,,-19.871315300000003,-43.98435810000001,2,1,1,,0.0,0.0,pampulha,Ouro Preto,12/08/18,None,None
504889,371200.0,,-19.8986046,-43.89833809999999,3,2,1,,0.0,0.0,leste,São Geraldo,12/08/18,None,None
504892,371200.0,,-19.8986046,-43.89833809999999,3,2,1,,0.0,0.0,leste,São Geraldo,12/08/18,None,None
54019,373895.0,,-19.871315300000003,-43.98435810000001,2,1,1,,0.0,0.0,pampulha,Ouro Preto,12/08/18,None,None
505259,374200.0,,-19.8986046,-43.89833809999999,3,2,1,,0.0,0.0,leste,São Geraldo,12/08/18,None,None
34548,375000.0,,-19.8761035,-43.98777710000002,2,1,1,,0.0,0.0,pampulha,Ouro Preto,12/08/18,None,None
145672,375000.0,,-19.8713605,-44.009285600000005,2,2,1,,0.0,0.0,pampulha,Serrano,12/08/18,None,None
174563,375000.0,,-19.8218702,-43.9668117,3,1,1,,0.0,50.0,venda-nova,São João Batista,12/08/18,None,None
362183,375000.0,,-19.913144100000004,-43.92533589999999,2,1,0,,109.61,200.0,leste,Floresta,12/08/18,None,None
1526547,375000.0,,-19.9411451,-43.990812300000016,3,2,1,,100.0,0.0,oeste,Nova Gameleira,12/08/18,None,None
53172,376000.0,,-19.880124,-43.995308000000016,3,1,1,,0.0,0.0,pampulha,Paquetá,12/08/18,None,None
53190,376000.0,,-19.880124,-43.995308000000016,3,1,1,,0.0,0.0,pampulha,Paquetá,12/08/18,None,None
23328,378000.0,,-19.886667499999998,-44.00477480000001,3,2,1,,0.0,0.0,pampulha,Manacás,12/08/18,None,None
53035,378000.0,,-19.886667499999998,-44.00477480000001,3,2,1,,0.0,0.0,pampulha,Manacás,12/08/18,None,None
53050,378000.0,,-19.886667499999998,-44.00477480000001,3,2,1,,0.0,0.0,pampulha,Manacás,12/08/18,None,None
53053,378000.0,,-19.886667499999998,-44.00477480000001,3,2,1,,0.0,0.0,pampulha,Manacás,12/08/18,None,None
53054,378000.0,,-19.886667499999998,-44.00477480000001,3,2,1,,0.0,0.0,pampulha,Manacás,12/08/18,None,None
53061,378000.0,,-19.886667499999998,-44.00477480000001,3,2,1,,0.0,0.0,pampulha,Manacás,12/08/18,None,None
54376,378286.6,,-19.871311,-43.98432919999999,2,1,1,,0.0,0.0,pampulha,Ouro Preto,12/08/18,None,None
54378,378286.6,,-19.871311,-43.98432919999999,2,1,1,,0.0,0.0,pampulha,Ouro Preto,12/08/18,None,None
1116359,379000.0,,-19.8285312,-43.98115469999999,2,1,1,,0.0,0.0,pampulha,Santa Mônica,12/08/18,None,None
505258,379200.0,,-19.8986046,-43.89833809999999,3,2,1,,0.0,0.0,leste,São Geraldo,12/08/18,None,None
19412,380000.0,,-19.9357776,-43.91949410000001,3,2,1,,135.72,672.0,centro-sul,Serra,12/08/18,None,None
29799,380000.0,,-19.8270818,-43.949537299999974,3,2,1,,0.0,0.0,norte,Vila Cloris,12/08/18,None,None
30277,380000.0,,-19.825985,-43.96634900000004,3,2,1,,1365.89,0.0,venda-nova,São João Batista,12/08/18,None,None
53846,380000.0,,-19.981364399999997,-44.0144277,3,1,1,,114.45,130.0,barreiro,Barreiro,12/08/18,None,None
141204,380000.0,,-19.883345300000002,-43.90888810000001,2,2,1,,0.0,0.0,leste,Santa Inês,12/08/18,None,None
144944,380000.0,,-19.8903237,-43.995635799999995,2,2,1,,0.0,0.0,pampulha,Castelo,12/08/18,None,None
150138,380000.0,,-19.8440872,-43.937045700000006,3,2,1,,113.0,140.0,norte,Heliópolis,12/08/18,None,None
345766,380000.0,,-19.836212,-43.94853699999999,3,1,1,,115.0,0.0,norte,Planalto,12/08/18,None,None
350481,380000.0,,-19.894773,-43.99696599999999,3,1,1,,0.0,0.0,pampulha,Manacás,12/08/18,None,None
352599,380000.0,,-19.842300199999997,-43.98292420000002,3,2,1,,0.0,0.0,pampulha,Santa Amélia,12/08/18,None,None
360819,380000.0,,-19.891856699999998,-43.9256284,3,2,1,,0.0,250.0,leste,Cidade Nova,12/08/18,None,None
405720,380000.0,,-19.880886,-44.01070099999998,3,1,1,,0.0,0.0,pampulha,Serrano,12/08/18,None,None
1848790,380000.0,,-19.9622618,-43.99035609999999,2,1,0,,0.0,0.0,oeste,Betânia,12/08/18,None,None
3249494,380000.0,,-19.980708899999996,-44.01241029999999,3,1,1,,337.0,0.0,barreiro,Barreiro,12/08/18,None,None
126869,384000.0,,-19.9157527,-44.002954199999984,3,2,1,,0.0,0.0,noroeste,Dom Bosco,12/08/18,None,None
23267,385000.0,,-19.919463699999998,-43.98394830000001,3,1,1,,0.0,300.0,noroeste,Padre Eustáquio,12/08/18,None,None
134698,385000.0,,-19.9472,-43.973731999999984,3,1,1,,0.0,0.0,oeste,Nova Suíssa,12/08/18,None,None
142652,385000.0,,-19.882375800000002,-44.003006899999995,2,1,1,,0.0,0.0,pampulha,Castelo,12/08/18,None,None
35405,389000.0,,-19.8875563,-43.8904,2,2,1,,0.0,0.0,leste,Nova Vista,12/08/18,None,None
133470,390000.0,,-19.902677,-43.954319,3,2,2,,0.0,0.0,noroeste,Santo André,12/08/18,None,None
367389,390000.0,,-19.8921298,-43.99506659999997,3,1,1,,0.0,0.0,pampulha,Castelo,12/08/18,None,None
1469270,390000.0,,-19.9252397,-43.94024309999998,3,1,0,,120.0,460.0,centro-sul,Lourdes,12/08/18,None,None
1529381,390000.0,,-19.8796418,-44.00196949999997,3,1,1,,0.0,0.0,pampulha,Castelo,12/08/18,None,None
354365,390400.0,,-19.874256,-43.95873419999998,3,2,1,,0.0,0.0,pampulha,Jaraguá,12/08/18,None,None
29673,390700.0,,-19.8937478,-43.993978999999975,3,2,1,,0.0,0.0,pampulha,Castelo,12/08/18,None,None
49481,391400.0,,-19.8976583,-43.99696010000002,2,2,1,,0.0,0.0,pampulha,Manacás,12/08/18,None,None
132457,393000.0,,-19.913106699999997,-43.91270159999999,2,2,1,,0.0,0.0,leste,Santa Tereza,12/08/18,None,None
29805,394400.0,,-19.892644,-43.994056,3,2,1,,0.0,0.0,pampulha,Castelo,12/08/18,None,None
36555,395000.0,,-19.935726199999998,-44.018284799999996,2,1,1,,0.0,0.0,noroeste,Camargos,12/08/18,None,None
53434,395000.0,,-19.8868674,-44.0109592,3,1,1,,0.0,0.0,pampulha,Serrano,12/08/18,None,None
58244,395000.0,,-19.8290647,-43.971070699999984,3,2,1,,0.0,0.0,pampulha,Santa Mônica,12/08/18,None,None
131392,395000.0,,-19.888583899999997,-43.92665069999998,3,3,1,,118.3,180.0,leste,Cidade Nova,12/08/18,None,None
32798,396500.0,,-19.9239675,-43.905384700000006,3,1,1,,0.0,300.0,centro-sul,Santa Efigênia,12/08/18,None,None
49475,396550.0,,-19.8976583,-43.99696010000002,2,2,1,,0.0,0.0,pampulha,Manacás,12/08/18,None,None
54066,396900.0,,-19.917442899999998,-43.93423740000003,2,2,1,,0.0,0.0,noroeste,Caiçaras,12/08/18,None,None
1588315,396900.0,,-19.917442899999998,-43.93423740000003,2,2,1,,0.0,0.0,noroeste,Caiçaras,12/08/18,None,None
43652,398000.0,,-19.9188234,-43.980233199999994,3,3,1,,0.0,0.0,noroeste,Padre Eustáquio,12/08/18,None,None
1674924,398000.0,,-19.991259,-44.044443,3,1,1,,0.0,0.0,barreiro,Tirol,12/08/18,None,None
3240471,398000.0,,-19.915323100000002,-43.90521309999997,3,2,1,,0.0,0.0,centro-sul,Santa Efigênia,12/08/18,None,None
148500,398506.57,,-19.8263266,-43.95283689999997,3,1,0,,0.0,0.0,norte,Planalto,12/08/18,None,None
148532,398506.57,,-19.8263266,-43.95283689999997,3,1,1,,0.0,0.0,norte,Planalto,12/08/18,None,None
14791,400000.0,,-19.8711206,-43.992443500000036,3,2,1,,0.0,0.0,pampulha,Paquetá,12/08/18,None,None
43053,400000.0,,-19.9012611,-43.93345020000004,3,1,1,,0.0,0.0,nordeste,Concórdia,12/08/18,None,None
153452,400000.0,,-19.870936999999998,-43.91455300000001,3,2,1,,0.0,0.0,nordeste,Fernão Dias,12/08/18,None,None
351782,400000.0,,-19.840882,-43.97262979999999,3,1,0,,2132.79,0.0,pampulha,Santa Amélia,12/08/18,None,None
351783,400000.0,,-19.840882,-43.97262979999999,3,1,0,,2132.79,0.0,pampulha,Santa Amélia,12/08/18,None,None
351785,400000.0,,-19.840882,-43.97262979999999,3,1,0,,2132.79,0.0,pampulha,Santa Amélia,12/08/18,None,None
3251894,400000.0,,-19.9269062,-43.94419019999998,1,1,0,,180.0,521.2,centro-sul,Lourdes,12/08/18,None,None
3256346,400000.0,,-19.814308,-43.9680419,3,1,1,,0.0,0.0,venda-nova,Candelária,12/08/18,None,None
365136,405000.0,,-19.837925600000002,-43.957429299999994,3,2,1,,0.0,0.0,pampulha,Itapoã,12/08/18,None,None
29674,405800.0,,-19.8938195,-43.99395270000002,3,2,1,,0.0,0.0,pampulha,Castelo,12/08/18,None,None
49479,406850.0,,-19.8976583,-43.99696010000002,2,2,1,,0.0,0.0,pampulha,Manacás,12/08/18,None,None
148501,408422.04,,-19.8263266,-43.95283689999997,3,1,1,,0.0,0.0,norte,Planalto,12/08/18,None,None
148529,408422.04,,-19.8263266,-43.95283689999997,3,1,1,,0.0,0.0,norte,Planalto,12/08/18,None,None
148530,408422.04,,-19.8263266,-43.95283689999997,3,1,1,,0.0,0.0,norte,Planalto,12/08/18,None,None
148531,408422.04,,-19.8263266,-43.95283689999997,3,1,1,,0.0,0.0,norte,Planalto,12/08/18,None,None
148533,408422.04,,-19.8263266,-43.95283689999997,2,1,1,,0.0,0.0,norte,Planalto,12/08/18,None,None
132468,409000.0,,-19.9129153,-43.91277780000002,2,2,1,,0.0,0.0,leste,Santa Tereza,12/08/18,None,None
494628,409000.0,,-19.8291411,-43.97558839999999,3,1,1,,0.01,0.0,pampulha,Santa Mônica,12/08/18,None,None
29665,409500.0,,-19.8939067,-43.99392069999999,3,2,1,,0.0,0.0,pampulha,Castelo,12/08/18,None,None
124946,410000.0,,-19.8579456,-43.9565455,3,3,1,,0.0,250.0,pampulha,Pampulha,12/08/18,None,None
357710,410000.0,,-19.8815643,-44.0044628,2,1,1,,0.0,0.0,pampulha,Castelo,12/08/18,None,None
2758950,410000.0,,-19.818142899999998,-43.982091200000006,3,1,1,,0.0,0.0,venda-nova,Visconde do Rio Branco,12/08/18,None,None
3234496,410000.0,,-19.909233,-43.97120200000001,3,2,1,,0.0,0.0,noroeste,Pedro II,12/08/18,None,None
3245865,410000.0,,-19.9730568,-43.97363280000002,3,2,1,,0.0,0.0,oeste,Buritis,12/08/18,None,None
149321,410378.43,,-19.8263266,-43.95283689999997,3,2,1,,0.0,0.0,norte,Planalto,12/08/18,None,None
339439,412000.0,,-19.880454,-43.99971099999999,3,1,1,,0.0,0.0,pampulha,Castelo,12/08/18,None,None
149176,412388.23,,-19.8263266,-43.95283689999997,3,2,2,,0.0,0.0,norte,Planalto,12/08/18,None,None
149177,412388.23,,-19.8263266,-43.95283689999997,3,2,1,,0.0,0.0,norte,Planalto,12/08/18,None,None
149178,412388.23,,-19.8263266,-43.95283689999997,3,2,1,,0.0,0.0,norte,Planalto,12/08/18,None,None
149267,412388.23,,-19.8263266,-43.95283689999997,3,2,1,,0.0,0.0,norte,Planalto,12/08/18,None,None
149270,412487.38,,-19.8263266,-43.95283689999997,3,2,1,,0.0,0.0,norte,Planalto,12/08/18,None,None
148483,414515.38,,-19.8263266,-43.95283689999997,3,1,0,,0.0,0.0,norte,Planalto,12/08/18,None,None
148990,414529.97,,-19.8263266,-43.95283689999997,3,1,1,,0.0,0.0,norte,Planalto,12/08/18,None,None
36763,415000.0,,-19.972976,-43.97642810000002,3,1,1,,0.0,0.0,oeste,Buritis,12/08/18,None,None
59571,415000.0,,-19.9362639,-43.977773100000036,3,3,1,,0.0,0.0,oeste,Jardim América,12/08/18,None,None
59621,415000.0,,-19.9362639,-43.977773100000036,3,3,1,,0.0,0.0,oeste,Jardim América,12/08/18,None,None
59629,415000.0,,-19.9362639,-43.977773100000036,3,3,1,,0.0,0.0,oeste,Jardim América,12/08/18,None,None
3233708,415000.0,,-19.935002899999997,-43.97774900000002,3,2,1,,0.0,0.0,oeste,Nova Suíssa,12/08/18,None,None
149291,416493.23,,-19.8263266,-43.95283689999997,3,2,1,,0.0,0.0,norte,Planalto,12/08/18,None,None
149017,416552.73,,-19.8263266,-43.95283689999997,3,1,1,,0.0,0.0,norte,Planalto,12/08/18,None,None
148989,418575.48,,-19.8263266,-43.95283689999997,3,1,1,,0.0,0.0,norte,Planalto,12/08/18,None,None
149015,418575.48,,-19.8263266,-43.95283689999997,3,1,1,,0.0,0.0,norte,Planalto,12/08/18,None,None
148973,418626.12,,-19.8263266,-43.95283689999997,3,1,1,,0.0,0.0,norte,Planalto,12/08/18,None,None
494625,419000.0,,-19.8291411,-43.97558839999999,3,1,1,,0.01,0.0,pampulha,Santa Mônica,12/08/18,None,None
1854067,419000.0,,-19.860943,-43.94589910000002,2,2,1,,0.0,0.0,pampulha,Santa Rosa,12/08/18,None,None
25553,420000.0,,-19.825616699999998,-43.95393139999999,3,2,1,,0.0,0.0,pampulha,Pampulha,12/08/18,None,None
125380,420000.0,,-19.906790700000002,-44.022076999999975,3,1,2,,0.0,0.0,noroeste,Pindorama,12/08/18,None,None
134692,420000.0,,-19.9472321,-43.97382670000002,3,1,1,,0.0,0.0,oeste,Nova Suíssa,12/08/18,None,None
143800,420000.0,,-19.8726087,-43.91513190000001,3,2,1,,0.0,0.0,nordeste,Fernão Dias,12/08/18,None,None
146512,420000.0,,-19.8660027,-43.95110940000001,3,2,1,,0.0,0.0,pampulha,Liberdade,12/08/18,None,None
186886,420000.0,,-19.887812,-43.908229999999996,3,3,1,,0.0,0.0,leste,Santa Inês,12/08/18,None,None
755592,420000.0,,-19.888776999999997,-43.9488217,3,1,1,,900.0,0.0,nordeste,Cachoeirinha,12/08/18,None,None
1629480,420000.0,,-19.8204179,-43.95948190000002,3,1,1,,672.02,0.0,venda-nova,São João Batista,12/08/18,None,None
2215333,420000.0,,-19.9722848,-43.97630830000003,3,3,1,,0.0,0.0,oeste,Buritis,12/08/18,None,None
3248777,420000.0,,-19.823556699999997,-43.94718109999997,3,1,0,,159.0,0.0,norte,Vila Cloris,12/08/18,None,None
149055,420598.24,,-19.8263266,-43.95283689999997,3,1,1,,0.0,0.0,norte,Planalto,12/08/18,None,None
149268,420598.24,,-19.8263266,-43.95283689999997,3,2,1,,0.0,0.0,norte,Planalto,12/08/18,None,None
149269,420598.24,,-19.8263266,-43.95283689999997,3,2,1,,0.0,0.0,norte,Planalto,12/08/18,None,None
149016,420618.07,,-19.8263266,-43.95283689999997,3,1,1,,0.0,0.0,norte,Planalto,12/08/18,None,None
149032,420618.07,,-19.8263266,-43.95283689999997,3,1,1,,0.0,0.0,norte,Planalto,12/08/18,None,None
9926,421000.0,,-19.830560600000002,-43.94269700000001,3,2,1,,0.0,180.0,norte,Planalto,12/08/18,None,None
149271,422650.74,,-19.8263266,-43.95283689999997,3,2,1,,0.0,0.0,norte,Planalto,12/08/18,None,None
149049,422660.65,,-19.8263266,-43.95283689999997,3,1,1,,0.0,0.0,norte,Planalto,12/08/18,None,None
149346,422945.98,,-19.8263266,-43.95283689999997,3,2,1,,0.0,0.0,norte,Planalto,12/08/18,None,None
149272,424703.24,,-19.8263266,-43.95283689999997,3,2,1,,0.0,0.0,norte,Planalto,12/08/18,None,None
149273,424703.24,,-19.8263266,-43.95283689999997,3,2,1,,0.0,0.0,norte,Planalto,12/08/18,None,None
39567,425000.0,,-19.9588042,-43.966187900000016,3,2,1,,0.0,0.0,oeste,Estoril,12/08/18,None,None
139552,425000.0,,-19.9443323,-43.97449929999999,3,2,1,,0.0,0.0,oeste,Jardim América,12/08/18,None,None
3204622,425000.0,,-19.9473509,-43.94351080000001,4,2,1,,0.0,0.0,centro-sul,Santo Antônio,12/08/18,None,None
149290,426755.74,,-19.8263266,-43.95283689999997,3,2,1,,0.0,0.0,norte,Planalto,12/08/18,None,None
148550,426756.81,,-19.8263266,-43.95283689999997,3,1,1,,0.0,0.0,norte,Planalto,12/08/18,None,None
148996,426756.81,,-19.8263266,-43.95283689999997,3,1,1,,0.0,0.0,norte,Planalto,12/08/18,None,None
154195,427000.0,,-19.97656,-43.97741489999999,2,2,2,,0.0,0.0,oeste,Buritis,12/08/18,None,None
358579,428000.0,,-19.9722848,-43.97630830000003,3,1,1,,0.0,0.0,oeste,Buritis,12/08/18,None,None
50986,428329.0,,-19.8823163,-43.93569650000001,2,1,1,,0.0,0.0,nordeste,Ipiranga,12/08/18,None,None
3241590,428760.0,,-19.9442282,-43.92934689999999,2,1,1,,0.0,0.0,centro-sul,Cruzeiro,12/08/18,None,None
149044,428779.56,,-19.8263266,-43.95283689999997,3,1,1,,0.0,0.0,norte,Planalto,12/08/18,None,None
149033,428992.67,,-19.8263266,-43.95283689999997,3,1,1,,0.0,0.0,norte,Planalto,12/08/18,None,None
157766,430000.0,,-19.8591665,-43.94399550000003,3,2,1,,0.0,0.0,pampulha,Dona Clara,12/08/18,None,None
158043,430000.0,,-19.8591665,-43.94399550000003,3,2,1,,0.0,0.0,pampulha,Dona Clara,12/08/18,None,None
366969,430000.0,,-19.964033999999998,-43.97423620000001,3,2,1,,13.0,0.0,oeste,Estrela Dalva,12/08/18,None,None
3242535,430000.0,,-19.909539199999998,-43.9789758,3,1,1,,0.0,0.0,noroeste,Monsenhor Messias,12/08/18,None,None
3242537,430000.0,,-19.909539199999998,-43.9789758,3,1,1,,0.0,0.0,noroeste,Monsenhor Messias,12/08/18,None,None
3242539,430000.0,,-19.909539199999998,-43.9789758,3,1,1,,0.0,0.0,noroeste,Monsenhor Messias,12/08/18,None,None
3242551,430000.0,,-19.909539199999998,-43.9789758,3,1,1,,0.0,0.0,noroeste,Monsenhor Messias,12/08/18,None,None
3242555,430000.0,,-19.909539199999998,-43.9789758,3,1,1,,0.0,0.0,noroeste,Monsenhor Messias,12/08/18,None,None
148972,430822.15,,-19.8263266,-43.95283689999997,3,1,1,,0.0,0.0,norte,Planalto,12/08/18,None,None
148992,431044.15,,-19.8263266,-43.95283689999997,3,1,1,,0.0,0.0,norte,Planalto,12/08/18,None,None
50987,431767.0,,-19.883627800000003,-43.93456930000002,2,1,1,,0.0,0.0,nordeste,Ipiranga,12/08/18,None,None
2185848,432000.0,,-19.9722848,-43.97630830000003,3,2,1,,0.0,0.0,oeste,Buritis,12/08/18,None,None
149034,432864.74,,-19.8263266,-43.95283689999997,3,1,1,,0.0,0.0,norte,Planalto,12/08/18,None,None
149054,434907.32,,-19.8263266,-43.95283689999997,3,1,1,,0.0,0.0,norte,Planalto,12/08/18,None,None
12601,435000.0,,-19.8269907,-43.9564054,3,1,1,,0.0,0.0,norte,Planalto,12/08/18,None,None
124948,435000.0,,-19.8579456,-43.9565455,3,3,1,,0.0,0.0,pampulha,Pampulha,12/08/18,None,None
332634,435000.0,,-19.919970000000003,-43.990152299999984,3,2,1,,0.0,0.0,noroeste,Minas Brasil,12/08/18,None,None
149008,436242.74,,-19.8263266,-43.95283689999997,3,1,1,,0.0,0.0,norte,Planalto,12/08/18,None,None
3241592,437165.0,,-19.9442282,-43.92934689999999,2,1,1,,0.0,0.0,centro-sul,Cruzeiro,12/08/18,None,None
22044,438000.0,,-19.918339800000002,-43.98841900000002,3,2,1,,122.62,678.73,noroeste,Minas Brasil,12/08/18,None,None
149062,438168.07,,-19.8263266,-43.95283689999997,3,2,1,,0.0,0.0,norte,Planalto,12/08/18,None,None
18174,440000.0,,-19.880446,-43.99716779999999,3,2,1,,0.0,0.0,pampulha,Castelo,12/08/18,None,None
56762,440000.0,,-19.980486399999997,-44.01655260000001,3,1,1,,0.0,0.0,barreiro,Santa Helena (barreiro),12/08/18,None,None
56769,440000.0,,-19.980486399999997,-44.01655260000001,3,1,1,,0.0,0.0,barreiro,Santa Helena (barreiro),12/08/18,None,None
56820,440000.0,,-19.980486399999997,-44.01655260000001,3,1,1,,0.0,0.0,barreiro,Santa Helena (barreiro),12/08/18,None,None
152712,440000.0,,-19.8577806,-43.95476150000002,3,2,1,,0.0,0.0,pampulha,Jaraguá,12/08/18,None,None
155303,440000.0,,-19.8741439,-43.91584330000001,2,2,1,,0.0,0.0,nordeste,Fernão Dias,12/08/18,None,None
166661,440000.0,,-19.9447921,-43.95161329999996,3,3,1,,0.0,550.0,centro-sul,Coração de Jesus,12/08/18,None,None
314075,440000.0,,-19.9167195,-43.9051766,3,2,1,,0.0,0.0,leste,Paraíso,12/08/18,None,None
149338,440717.79,,-19.8263266,-43.95283689999997,3,2,1,,0.0,0.0,norte,Planalto,12/08/18,None,None
24351,442000.0,,-19.882170300000002,-43.99680760000001,3,2,1,,0.0,0.0,pampulha,Jaraguá,12/08/18,None,None
148975,443000.47,,-19.8263266,-43.95283689999997,3,1,1,,0.0,0.0,norte,Planalto,12/08/18,None,None
148995,443018.18,,-19.8263266,-43.95283689999997,3,1,1,,0.0,0.0,norte,Planalto,12/08/18,None,None
2107561,444000.0,,-19.9722848,-43.97630830000003,3,2,1,,0.0,0.0,oeste,Buritis,12/08/18,None,None
3249556,445000.0,,-19.9096637,-43.91969979999999,2,1,1,,0.0,0.0,leste,Sagrada Família,12/08/18,None,None
149335,447222.34,,-19.8263266,-43.95283689999997,3,2,1,,0.0,0.0,norte,Planalto,12/08/18,None,None
352917,447424.64,,-19.9481901,-43.97994700000004,3,1,1,,0.0,0.0,oeste,Salgado Filho,12/08/18,None,None
3240474,447450.0,,-19.915323100000002,-43.90521309999997,3,2,1,,0.0,0.0,centro-sul,Santa Efigênia,12/08/18,None,None
149006,448661.14,,-19.8263266,-43.95283689999997,3,1,1,,0.0,0.0,norte,Planalto,12/08/18,None,None
149336,449274.84,,-19.8263266,-43.95283689999997,3,2,1,,0.0,0.0,norte,Planalto,12/08/18,None,None
149339,449274.84,,-19.8263266,-43.95283689999997,3,2,1,,0.0,0.0,norte,Planalto,12/08/18,None,None
27237,450000.0,,-19.9445728,-43.94664279999999,2,1,1,,0.0,0.0,centro-sul,Santo Antônio,12/08/18,None,None
53517,450000.0,,-19.8827195,-43.99909869999999,3,1,1,,0.0,0.0,pampulha,Paquetá,12/08/18,None,None
158044,450000.0,,-19.8591665,-43.94399550000003,3,2,1,,0.0,0.0,pampulha,Dona Clara,12/08/18,None,None
159320,450000.0,,-19.840117499999998,-43.98561389999998,3,2,1,,0.0,0.0,pampulha,Santa Amélia,12/08/18,None,None
346335,450000.0,,-19.9356858,-43.96601520000002,3,2,1,,104.91,0.0,oeste,Grajaú,12/08/18,None,None
350181,450000.0,,-19.8982466,-43.91938370000002,2,1,1,,0.0,0.0,leste,Sagrada Família,12/08/18,None,None
1671695,450000.0,,-19.8910707,-43.90464329999998,3,3,1,,0.0,0.0,leste,Santa Inês,12/08/18,None,None
2539730,450000.0,,-19.9288885,-43.97089460000001,2,2,1,,0.0,250.0,oeste,Prado,12/08/18,None,None
2743119,450000.0,,-19.818142899999998,-43.982091200000006,3,1,1,,0.0,0.0,venda-nova,Visconde do Rio Branco,12/08/18,None,None
3242516,450000.0,,-19.909539199999998,-43.9789758,3,1,1,,0.0,0.0,noroeste,Monsenhor Messias,12/08/18,None,None
3257295,450000.0,,-19.907625,-43.9194966,2,1,1,,0.0,0.0,leste,Sagrada Família,12/08/18,None,None
124690,450007.0,,-19.8678561,-43.99260570000001,3,1,1,,0.0,0.0,pampulha,Paquetá,12/08/18,None,None
149041,450644.24,,-19.8263266,-43.95283689999997,3,2,1,,0.0,0.0,norte,Planalto,12/08/18,None,None
149337,451327.34,,-19.8263266,-43.95283689999997,3,2,1,,0.0,0.0,norte,Planalto,12/08/18,None,None
149349,451327.34,,-19.8263266,-43.95283689999997,3,2,1,,0.0,0.0,norte,Planalto,12/08/18,None,None
623330,452000.0,,-19.8312941,-43.94374570000002,3,2,1,,0.0,0.0,norte,Planalto,12/08/18,None,None
148993,452915.94,,-19.8263266,-43.95283689999997,3,1,1,,0.0,0.0,norte,Planalto,12/08/18,None,None
149350,453379.84,,-19.8263266,-43.95283689999997,3,2,1,,0.0,0.0,norte,Planalto,12/08/18,None,None
2071542,455000.0,,-19.964987,-43.97508400000004,3,1,1,,0.0,0.0,oeste,Havaí,12/08/18,None,None
50990,455150.0,,-19.88094414602216,-43.937413113769544,2,1,1,,0.0,0.0,nordeste,Ipiranga,12/08/18,None,None
54417,455967.0,,-19.871315300000003,-43.98435810000001,3,1,1,,0.0,0.0,pampulha,Ouro Preto,12/08/18,None,None
50989,456056.0,,-19.8823163,-43.93569650000001,2,1,1,,0.0,0.0,nordeste,Ipiranga,12/08/18,None,None
54421,458183.0,,-19.871311,-43.98432919999999,3,1,1,,0.0,0.0,pampulha,Ouro Preto,12/08/18,None,None
3240459,458950.0,,-19.915323100000002,-43.90521309999997,3,2,1,,0.0,0.0,centro-sul,Santa Efigênia,12/08/18,None,None
149004,459320.27,,-19.8263266,-43.95283689999997,3,1,1,,0.0,0.0,norte,Planalto,12/08/18,None,None
42496,460000.0,,-19.9284389,-43.91302759999997,2,2,1,,0.0,0.0,centro-sul,Santa Efigênia,12/08/18,None,None
159428,460000.0,,-19.840117499999998,-43.98561389999998,3,2,1,,1445.35,0.0,pampulha,Santa Amélia,12/08/18,None,None
160102,460000.0,,-19.894896600000003,-43.90848519999997,3,2,1,,0.0,0.0,leste,Santa Inês,12/08/18,None,None
356301,460000.0,,-19.935089,-43.96373819999997,3,2,1,,140.0,450.0,oeste,Barroca,12/08/18,None,None
1675087,460000.0,,-19.991259,-44.044443,3,2,1,,0.0,0.0,barreiro,Tirol,12/08/18,None,None
2540889,460000.0,,-19.9288885,-43.97089460000001,2,2,1,,0.0,250.0,oeste,Prado,12/08/18,None,None
2543256,460000.0,,-19.837605800000002,-43.98961280000003,3,1,1,,0.0,0.0,pampulha,Jardim Atlântico,12/08/18,None,None
2543259,460000.0,,-19.8376109,-43.98963079999999,3,1,1,,0.0,0.0,pampulha,Jardim Atlântico,12/08/18,None,None
54384,463801.35,,-19.871311,-43.98432919999999,3,1,1,,0.0,0.0,pampulha,Ouro Preto,12/08/18,None,None
54418,464744.0,,-19.871311,-43.98432919999999,3,1,1,,0.0,0.0,pampulha,Ouro Preto,12/08/18,None,None
54420,464744.0,,-19.871311,-43.98432919999999,3,1,1,,0.0,0.0,pampulha,Ouro Preto,12/08/18,None,None
39557,465000.0,,-19.9588042,-43.966187900000016,3,2,1,,0.0,0.0,oeste,Estoril,12/08/18,None,None
56738,465000.0,,-19.980486399999997,-44.01655260000001,3,1,1,,0.0,0.0,barreiro,Santa Helena (barreiro),12/08/18,None,None
142659,465000.0,,-19.882375800000002,-44.003006899999995,3,1,1,,0.0,0.0,pampulha,Castelo,12/08/18,None,None
347402,465000.0,,-19.871691000000002,-43.93313550000005,2,1,1,,0.0,0.0,nordeste,Palmares,12/08/18,None,None
3213191,465000.0,,-19.9115426,-43.96217309999997,2,3,1,,0.0,0.0,noroeste,Padre Eustáquio,12/08/18,None,None
149001,465459.01,,-19.8263266,-43.95283689999997,3,1,1,,0.0,0.0,norte,Planalto,12/08/18,None,None
54077,465800.0,,-19.917442899999998,-43.93423740000003,2,2,1,,0.0,0.0,noroeste,Caiçaras,12/08/18,None,None
54078,465800.0,,-19.917442899999998,-43.93423740000003,2,2,1,,0.0,0.0,noroeste,Caiçaras,12/08/18,None,None
54566,465961.07,,-19.871315300000003,-43.98435810000001,3,1,1,,0.0,0.0,pampulha,Ouro Preto,12/08/18,None,None
54013,466970.24,,-19.871315300000003,-43.98435810000001,3,1,1,,0.0,0.0,pampulha,Ouro Preto,12/08/18,None,None
54014,466970.24,,-19.871315300000003,-43.98435810000001,3,1,1,,0.0,0.0,pampulha,Ouro Preto,12/08/18,None,None
54422,467004.0,,-19.871315300000003,-43.98435810000001,3,1,1,,0.0,0.0,pampulha,Ouro Preto,12/08/18,None,None
54015,467177.25,,-19.871315300000003,-43.98435810000001,3,1,1,,0.0,0.0,pampulha,Ouro Preto,12/08/18,None,None
54386,468251.67,,-19.871311,-43.98432919999999,3,1,1,,0.0,0.0,pampulha,Ouro Preto,12/08/18,None,None
3240475,468365.0,,-19.915323100000002,-43.90521309999997,3,2,1,,0.0,0.0,centro-sul,Santa Efigênia,12/08/18,None,None
54149,469194.08,,-19.871315300000003,-43.98435810000001,3,1,1,,0.0,0.0,pampulha,Ouro Preto,12/08/18,None,None
7460,470000.0,,-19.8905961,-43.99793729999999,2,1,1,,0.0,0.0,pampulha,Castelo,12/08/18,None,None
49943,470000.0,,-19.9435599,-43.973860899999984,3,2,1,,0.0,0.0,oeste,Jardim América,12/08/18,None,None
49945,470000.0,,-19.9435599,-43.973860899999984,3,2,1,,0.0,0.0,oeste,Jardim América,12/08/18,None,None
49948,470000.0,,-19.9435599,-43.973860899999984,3,2,1,,0.0,0.0,oeste,Jardim América,12/08/18,None,None
137813,470000.0,,-19.951763,-43.9583513,2,2,1,,0.0,0.0,centro-sul,Luxemburgo,12/08/18,None,None
356271,470000.0,,-19.947457,-43.96983319999998,2,3,1,,150.0,290.0,oeste,Nova Suíssa,12/08/18,None,None
415956,470000.0,,-19.840707300000002,-44.01046969999999,3,1,1,,0.0,0.0,pampulha,Trevo,12/08/18,None,None
1582426,470000.0,,-19.8585802,-43.95733300000001,3,2,0,,0.0,550.0,pampulha,Liberdade,12/08/18,None,None
3249481,470000.0,,-19.892197,-43.92377099999999,2,1,1,,0.0,0.0,leste,Sagrada Família,12/08/18,None,None
3240481,470086.0,,-19.915323100000002,-43.90521309999997,3,2,1,,0.0,0.0,centro-sul,Santa Efigênia,12/08/18,None,None
54385,472701.82,,-19.871311,-43.98432919999999,3,1,1,,0.0,0.0,pampulha,Ouro Preto,12/08/18,None,None
3240479,472998.0,,-19.915323100000002,-43.90521309999997,3,2,1,,0.0,0.0,centro-sul,Santa Efigênia,12/08/18,None,None
2519065,474000.0,,-19.920447600000003,-43.96016250000002,3,2,1,,0.0,0.0,oeste,Prado,12/08/18,None,None
53592,474241.0,,-19.874375,-43.986158999999994,3,1,1,,0.0,0.0,pampulha,Ouro Preto,12/08/18,None,None
54568,474948.87,,-19.871311,-43.98432919999999,3,1,1,,0.0,0.0,pampulha,Ouro Preto,12/08/18,None,None
15115,475000.0,,-19.8951035,-43.972707899999996,3,3,1,,118.0,300.0,noroeste,Caiçaras,12/08/18,None,None
63311,475000.0,,-19.939201,-43.91463579999999,3,3,1,,155.53,500.0,centro-sul,Serra,12/08/18,None,None
54388,475038.26,,-19.871311,-43.98432919999999,3,1,1,,0.0,0.0,pampulha,Ouro Preto,12/08/18,None,None
53586,475123.0,,-19.874427800000003,-43.98615169999999,3,1,1,,0.0,0.0,pampulha,Ouro Preto,12/08/18,None,None
124694,475898.0,,-19.8678561,-43.99260570000001,3,1,1,,0.0,0.0,pampulha,Paquetá,12/08/18,None,None
53590,475985.0,,-19.874427800000003,-43.98615169999999,3,1,1,,0.0,0.0,pampulha,Ouro Preto,12/08/18,None,None
54573,477296.69,,-19.871311,-43.98432919999999,3,1,1,,0.0,0.0,pampulha,Ouro Preto,12/08/18,None,None
54389,477341.79,,-19.871311,-43.98432919999999,3,1,1,,0.0,0.0,pampulha,Ouro Preto,12/08/18,None,None
54391,477341.79,,-19.871311,-43.98432919999999,3,1,1,,0.0,0.0,pampulha,Ouro Preto,12/08/18,None,None
53594,478199.0,,-19.874427800000003,-43.98615169999999,3,1,1,,0.0,0.0,pampulha,Ouro Preto,12/08/18,None,None
23293,480000.0,,-19.9453514,-43.97588329999997,3,3,1,,0.0,0.0,oeste,Salgado Filho,12/08/18,None,None
31424,480000.0,,-19.925655,-43.96793100000002,3,2,1,,0.0,0.0,oeste,Prado,12/08/18,None,None
34090,480000.0,,-19.8748885,-43.93867840000002,2,3,1,,0.0,0.0,nordeste,Palmares,12/08/18,None,None
52579,480000.0,,-19.9272025,-43.97632149999998,3,1,1,,101.0,350.0,oeste,Nova Suíssa,12/08/18,None,None
132329,480000.0,,-19.8881415,-43.90968420000002,0,0,0,,0.0,0.0,venda-nova,Ana Lúcia,12/08/18,None,None
335947,480000.0,,-19.925086899999997,-43.91679850000003,3,3,1,,0.0,693.0,centro-sul,Santa Efigênia,12/08/18,None,None
356189,480000.0,,-19.930872,-43.95918369999998,3,3,1,,100.0,380.0,oeste,Gutierrez,12/08/18,None,None
2575750,480000.0,,-19.9288885,-43.97089460000001,2,2,1,,0.0,250.0,oeste,Prado,12/08/18,None,None
2675597,480000.0,,-19.941344,-43.95707649999997,3,1,1,,177.0,590.0,oeste,Gutierrez,12/08/18,None,None
29676,480800.0,,-19.8935065,-43.994067700000016,3,2,1,,0.0,0.0,pampulha,Castelo,12/08/18,None,None
53587,481130.0,,-19.874427800000003,-43.98615169999999,3,1,1,,0.0,0.0,pampulha,Ouro Preto,12/08/18,None,None
53593,481130.0,,-19.874427800000003,-43.98615169999999,3,1,1,,0.0,0.0,pampulha,Ouro Preto,12/08/18,None,None
54575,481813.51,,-19.871311,-43.98432919999999,3,1,1,,0.0,0.0,pampulha,Ouro Preto,12/08/18,None,None
54577,481813.51,,-19.871311,-43.98432919999999,3,1,1,,0.0,0.0,pampulha,Ouro Preto,12/08/18,None,None
54392,481926.14,,-19.871311,-43.98432919999999,3,1,1,,0.0,0.0,pampulha,Ouro Preto,12/08/18,None,None
137821,482000.0,,-19.951763,-43.9583513,2,2,1,,0.0,0.0,centro-sul,Luxemburgo,12/08/18,None,None
53591,483381.0,,-19.874427800000003,-43.98615169999999,3,1,1,,0.0,0.0,pampulha,Ouro Preto,12/08/18,None,None
53581,483472.0,,-19.874392999999998,-43.98634800000002,3,1,1,,0.0,0.0,pampulha,Ouro Preto,12/08/18,None,None
54390,484795.0,,-19.871311,-43.98432919999999,3,1,1,,0.0,0.0,pampulha,Ouro Preto,12/08/18,None,None
42504,485000.0,,-19.928382,-43.91284100000002,2,2,1,,0.0,0.0,centro-sul,Santa Efigênia,12/08/18,None,None
53426,485000.0,,-19.8868674,-44.0109592,3,1,1,,0.0,0.0,pampulha,Serrano,12/08/18,None,None
2057388,485000.0,,-19.927748,-43.96200899999997,2,3,2,,0.0,300.0,oeste,Prado,12/08/18,None,None
137819,486000.0,,-19.951763,-43.9583513,2,2,1,,0.0,0.0,centro-sul,Luxemburgo,12/08/18,None,None
54579,486330.34,,-19.871311,-43.98432919999999,3,1,1,,0.0,0.0,pampulha,Ouro Preto,12/08/18,None,None
54581,486330.34,,-19.871311,-43.98432919999999,3,1,1,,0.0,0.0,pampulha,Ouro Preto,12/08/18,None,None
54574,486464.46,,-19.871311,-43.98432919999999,3,1,1,,0.0,0.0,pampulha,Ouro Preto,12/08/18,None,None
54399,487721.0,,-19.871315300000003,-43.98435810000001,3,1,1,,0.0,0.0,pampulha,Ouro Preto,12/08/18,None,None
53584,488133.0,,-19.874375,-43.986158999999994,3,1,1,,0.0,0.0,pampulha,Ouro Preto,12/08/18,None,None
29675,488800.0,,-19.893855300000002,-43.99393950000001,3,2,1,,0.0,0.0,pampulha,Castelo,12/08/18,None,None
147615,488800.0,,-19.888139300000002,-43.99629370000002,3,2,1,,0.0,0.0,pampulha,Castelo,12/08/18,None,None
31422,490000.0,,-19.925655,-43.96793100000002,3,2,1,,0.0,0.0,oeste,Prado,12/08/18,None,None
124307,490000.0,,-19.9279566,-43.91575410000002,3,1,1,,0.0,350.0,centro-sul,Santa Efigênia,12/08/18,None,None
127015,490000.0,,-19.8624089,-43.9373281,3,2,0,,0.0,0.0,pampulha,Dona Clara,12/08/18,None,None
146389,490000.0,,-19.8998008,-43.96783490000002,2,1,1,,0.0,0.0,noroeste,Caiçaras,12/08/18,None,None
188523,490000.0,,-19.889039899999997,-43.99581330000001,3,1,1,,0.0,0.0,pampulha,Pampulha,12/08/18,None,None
3250880,490000.0,,-19.818811899999996,-43.97834799999998,4,1,1,,0.0,0.0,venda-nova,Rio Branco,12/08/18,None,None
3250976,490000.0,,-19.818811899999996,-43.97834799999998,4,1,1,,0.0,0.0,venda-nova,Rio Branco,12/08/18,None,None
3250979,490000.0,,-19.818811899999996,-43.97834799999998,4,1,1,,0.0,0.0,venda-nova,Rio Branco,12/08/18,None,None
53588,490406.0,,-19.874375,-43.986158999999994,3,1,1,,0.0,0.0,pampulha,Ouro Preto,12/08/18,None,None
54585,490847.14,,-19.871311,-43.98432919999999,3,1,1,,0.0,0.0,pampulha,Ouro Preto,12/08/18,None,None
25076,490960.0,,-19.8806087,-44.00490400000001,2,2,1,,0.0,0.0,pampulha,Castelo,12/08/18,None,None
54576,492262.0,,-19.871315300000003,-43.98435810000001,3,1,1,,0.0,0.0,pampulha,Ouro Preto,12/08/18,None,None
54578,492262.0,,-19.871315300000003,-43.98435810000001,3,1,1,,0.0,0.0,pampulha,Ouro Preto,12/08/18,None,None
54400,492424.0,,-19.871315300000003,-43.98435810000001,3,1,1,,0.0,0.0,pampulha,Ouro Preto,12/08/18,None,None
53599,492794.0,,-19.874375,-43.986158999999994,3,1,1,,0.0,0.0,pampulha,Ouro Preto,12/08/18,None,None
21762,493000.0,,-19.8947407,-43.92215069999998,3,2,1,,82.18,250.0,leste,Sagrada Família,12/08/18,None,None
137822,493000.0,,-19.951763,-43.9583513,2,2,1,,0.0,0.0,centro-sul,Luxemburgo,12/08/18,None,None
1114358,494736.84,,-19.911942800000002,-43.92839300000003,3,1,1,,0.0,0.0,leste,Floresta,12/08/18,None,None
20217,495000.0,,-19.9782432,-43.963158799999974,3,3,1,,193.0,678.0,oeste,Buritis,12/08/18,None,None
137827,495000.0,,-19.951763,-43.9583513,2,2,1,,0.0,0.0,centro-sul,Luxemburgo,12/08/18,None,None
2058213,495000.0,,-19.927748,-43.96200899999997,2,3,2,,0.0,300.0,oeste,Prado,12/08/18,None,None
53585,495183.0,,-19.874427800000003,-43.98615169999999,3,1,1,,0.0,0.0,pampulha,Ouro Preto,12/08/18,None,None
54580,496896.0,,-19.871315300000003,-43.98435810000001,3,1,1,,0.0,0.0,pampulha,Ouro Preto,12/08/18,None,None
54582,496896.0,,-19.871315300000003,-43.98435810000001,3,1,1,,0.0,0.0,pampulha,Ouro Preto,12/08/18,None,None
54407,496990.0,,-19.871315300000003,-43.98435810000001,3,1,1,,0.0,0.0,pampulha,Ouro Preto,12/08/18,None,None
41711,498000.0,,-19.878332,-43.93579599999998,3,2,1,,0.0,0.0,nordeste,Palmares,12/08/18,None,None
147617,498700.0,,-19.888139300000002,-43.99629370000002,3,2,1,,0.0,0.0,pampulha,Castelo,12/08/18,None,None
134714,500000.0,,-19.9472,-43.973731999999984,3,1,1,,0.0,0.0,oeste,Nova Suíssa,12/08/18,None,None
140713,500000.0,,-19.915666100000003,-43.98445579999998,4,3,1,,0.0,0.0,noroeste,Padre Eustáquio,12/08/18,None,None
143122,500000.0,,-19.863968,-43.94424100000003,3,2,1,,0.0,0.0,pampulha,Santa Rosa,12/08/18,None,None
351777,500000.0,,-19.840882,-43.97262979999999,3,1,0,,2132.79,0.0,pampulha,Santa Amélia,12/08/18,None,None
351787,500000.0,,-19.840882,-43.97262979999999,3,1,0,,2132.79,0.0,pampulha,Santa Amélia,12/08/18,None,None
54586,500283.15,,-19.871315300000003,-43.98435810000001,3,1,1,,0.0,0.0,pampulha,Ouro Preto,12/08/18,None,None
54409,501624.0,,-19.871315300000003,-43.98435810000001,3,1,1,,0.0,0.0,pampulha,Ouro Preto,12/08/18,None,None
54411,501624.0,,-19.871315300000003,-43.98435810000001,3,1,1,,0.0,0.0,pampulha,Ouro Preto,12/08/18,None,None
54408,501785.0,,-19.871311,-43.98432919999999,3,1,1,,0.0,0.0,pampulha,Ouro Preto,12/08/18,None,None
54402,501854.0,,-19.871028479063444,-43.987977004260244,3,1,1,,0.0,0.0,pampulha,Ouro Preto,12/08/18,None,None
354519,505000.0,,-19.9222438,-43.98535950000002,4,3,2,,0.0,0.0,noroeste,Padre Eustáquio,12/08/18,None,None
54406,506580.0,,-19.871311,-43.98432919999999,3,1,1,,0.0,0.0,pampulha,Ouro Preto,12/08/18,None,None
147614,508100.0,,-19.888139300000002,-43.99629370000002,3,2,1,,0.0,0.0,pampulha,Castelo,12/08/18,None,None
37763,510000.0,,-19.9151075,-43.957669200000005,4,2,1,,0.0,0.0,noroeste,Padre Eustáquio,12/08/18,None,None
137975,510000.0,,-19.9082767,-43.97091160000002,3,2,1,,0.0,0.0,noroeste,Caiçaras,12/08/18,None,None
137994,510000.0,,-19.9081801,-43.97097529999997,3,2,1,,0.0,0.0,noroeste,Caiçaras,12/08/18,None,None
163854,510000.0,,-19.883226,-44.00298599999997,3,2,1,,0.0,0.0,pampulha,Castelo,12/08/18,None,None
163856,510000.0,,-19.883226,-44.00298599999997,3,2,1,,0.0,0.0,pampulha,Castelo,12/08/18,None,None
405936,510000.0,,-19.880886,-44.01070099999998,4,1,1,,0.0,0.0,pampulha,Serrano,12/08/18,None,None
2053243,510000.0,,-19.927748,-43.96200899999997,2,2,2,,0.0,300.0,oeste,Prado,12/08/18,None,None
3249420,510000.0,,-19.892197,-43.92377099999999,2,1,1,,0.0,0.0,leste,Sagrada Família,12/08/18,None,None
54410,511306.0,,-19.871311,-43.98432919999999,3,1,1,,0.0,0.0,pampulha,Ouro Preto,12/08/18,None,None
147616,513300.0,,-19.888139300000002,-43.99629370000002,3,2,1,,0.0,0.0,pampulha,Castelo,12/08/18,None,None
21216,520000.0,,-19.941897,-43.914161000000036,3,3,1,,0.0,0.0,centro-sul,Serra,12/08/18,None,None
199928,520000.0,,-19.930309,-44.00010700000002,3,3,1,,137.28,0.0,noroeste,João Pinheiro,12/08/18,None,None
355106,520000.0,,-19.9416575,-43.91561830000001,3,3,1,,0.0,0.0,centro-sul,Serra,12/08/18,None,None
951280,520000.0,,-19.8986671,-43.9169326,3,1,1,,0.0,0.0,leste,Sagrada Família,12/08/18,None,None
1831760,520000.0,,-19.946862300000003,-43.93234240000004,4,3,1,,155.27,0.0,centro-sul,Carmo,12/08/18,None,None
3239444,520000.0,,-19.907104999999998,-44.00064600000002,2,1,1,,0.0,0.0,noroeste,Jardim Inconfidência,12/08/18,None,None
3239454,520000.0,,-19.907104999999998,-44.00064600000002,2,1,1,,0.0,0.0,noroeste,Jardim Inconfidência,12/08/18,None,None
3239458,520000.0,,-19.907104999999998,-44.00064600000002,2,1,1,,0.0,0.0,noroeste,Jardim Inconfidência,12/08/18,None,None
3251641,520000.0,,-19.938522600000002,-43.962804999999996,4,2,1,,123.0,300.0,oeste,Gutierrez,12/08/18,None,None
147623,523600.0,,-19.888139300000002,-43.99629370000002,3,2,1,,0.0,0.0,pampulha,Castelo,12/08/18,None,None
32792,525000.0,,-19.9239675,-43.905384700000006,0,1,1,,0.0,300.0,centro-sul,Santa Efigênia,12/08/18,None,None
513651,525000.0,,-19.8986671,-43.9169326,3,1,1,,0.0,0.0,leste,Sagrada Família,12/08/18,None,None
149963,526000.0,,-19.941845,-43.926917900000035,2,3,2,,0.0,0.0,centro-sul,Cruzeiro,12/08/18,None,None
31434,530000.0,,-19.925655,-43.96793100000002,3,2,1,,0.0,0.0,oeste,Prado,12/08/18,None,None
124721,530000.0,,-19.9198907,-43.99039119999998,3,3,1,,0.0,0.0,noroeste,Minas Brasil,12/08/18,None,None
169044,530000.0,,-19.938581,-43.94580070000001,2,1,2,,0.0,350.0,centro-sul,Santo Antônio,12/08/18,None,None
360727,530000.0,,-19.8871669,-44.00221999999997,3,1,1,,0.0,0.0,pampulha,Castelo,12/08/18,None,None
406321,530000.0,,-19.840707300000002,-44.01046969999999,3,1,1,,0.0,0.0,pampulha,Trevo,12/08/18,None,None
513652,530000.0,,-19.8986671,-43.9169326,3,1,1,,0.0,0.0,leste,Sagrada Família,12/08/18,None,None
365191,531000.0,,-19.837817899999997,-43.957318999999984,4,2,1,,0.0,0.0,pampulha,Itapoã,12/08/18,None,None
61909,531169.35,,-19.9062867,-43.92575299999999,2,3,1,,0.0,0.0,leste,Sagrada Família,12/08/18,None,None
53713,534252.02,,-19.871311,-43.98432919999999,2,1,1,,0.0,0.0,pampulha,Ouro Preto,12/08/18,None,None
53715,534252.02,,-19.871311,-43.98432919999999,2,1,1,,0.0,0.0,pampulha,Ouro Preto,12/08/18,None,None
53710,534352.66,,-19.871311,-43.98432919999999,2,1,1,,0.0,0.0,pampulha,Ouro Preto,12/08/18,None,None
53712,534352.66,,-19.871311,-43.98432919999999,2,1,1,,0.0,0.0,pampulha,Ouro Preto,12/08/18,None,None
174792,535000.0,,-19.906066,-43.96828499999998,3,2,1,,0.0,0.0,noroeste,Pedro II,12/08/18,None,None
357066,535000.0,,-19.8612402,-43.93819070000001,3,1,1,,0.0,0.0,pampulha,Dona Clara,12/08/18,None,None
124697,535802.0,,-19.8678574,-43.992546999999995,3,1,1,,0.0,0.0,pampulha,Paquetá,12/08/18,None,None
3249474,536000.0,,-19.980948,-44.01243190000002,3,1,1,,337.0,0.0,barreiro,Barreiro,12/08/18,None,None
3249495,536000.0,,-19.9819901,-44.01341650000001,3,1,1,,337.0,0.0,barreiro,Barreiro,12/08/18,None,None
53430,537000.0,,-19.8868674,-44.0109592,3,1,1,,0.0,0.0,pampulha,Serrano,12/08/18,None,None
17414,540000.0,,-19.838976000000002,-43.96255830000001,3,3,2,,0.0,0.0,pampulha,Pampulha,12/08/18,None,None
21219,540000.0,,-19.941897,-43.914161000000036,3,3,1,,0.0,0.0,centro-sul,Serra,12/08/18,None,None
31394,540000.0,,-19.932417899999997,-43.974472799999994,3,3,1,,0.0,0.0,oeste,Nova Suíssa,12/08/18,None,None
54557,540000.0,,-19.9862,-44.0317723,3,3,1,,0.0,0.0,barreiro,Diamante,12/08/18,None,None
138008,540000.0,,-19.908182500000002,-43.970974700000006,3,2,1,,0.0,0.0,noroeste,Caiçaras,12/08/18,None,None
152934,540000.0,,-19.9198907,-43.99039119999998,3,3,1,,0.0,0.0,noroeste,Minas Brasil,12/08/18,None,None
166448,540000.0,,-19.934703600000002,-43.97489050000002,3,3,2,,0.0,0.0,oeste,Nova Suíssa,12/08/18,None,None
405934,540000.0,,-19.880886,-44.01070099999998,4,1,1,,0.0,0.0,pampulha,Serrano,12/08/18,None,None
1469305,540000.0,,-19.919970000000003,-43.990152299999984,3,2,1,,0.0,0.0,noroeste,Minas Brasil,12/08/18,None,None
53709,544630.11,,-19.871311,-43.98432919999999,2,1,1,,0.0,0.0,pampulha,Ouro Preto,12/08/18,None,None
53711,544630.11,,-19.871311,-43.98432919999999,2,1,1,,0.0,0.0,pampulha,Ouro Preto,12/08/18,None,None
29773,545000.0,,-19.8938424,-43.99394430000001,3,2,1,,0.0,0.0,pampulha,Castelo,12/08/18,None,None
174793,545000.0,,-19.906048199999997,-43.96825179999996,3,2,1,,0.0,0.0,noroeste,Pedro II,12/08/18,None,None
174810,545000.0,,-19.906048199999997,-43.96825179999996,3,2,1,,0.0,0.0,noroeste,Pedro II,12/08/18,None,None
339990,545000.0,,-19.980391600000004,-44.01387030000001,3,1,1,,0.0,0.0,barreiro,Barreiro de Baixo,12/08/18,None,None
356946,545000.0,,-19.9410468,-43.96464019999996,3,1,1,,100.0,400.0,oeste,Grajaú,12/08/18,None,None
513234,545000.0,,-19.922458,-43.96515599999998,2,2,1,,0.0,0.0,oeste,Prado,12/08/18,None,None
513235,545000.0,,-19.922458,-43.96515599999998,2,2,1,,0.0,0.0,oeste,Prado,12/08/18,None,None
340006,546000.0,,-19.9811793,-44.0135037,3,1,1,,0.0,0.0,barreiro,Barreiro de Baixo,12/08/18,None,None
340014,546000.0,,-19.9801665,-44.0116377,3,1,1,,0.0,0.0,barreiro,Barreiro de Baixo,12/08/18,None,None
352101,547000.0,,-19.9404288,-43.946283,2,2,1,,0.0,0.0,centro-sul,Santo Antônio,12/08/18,None,None
53518,547500.0,,-19.8797954,-43.99236130000003,1,1,1,,0.0,0.0,pampulha,Paquetá,12/08/18,None,None
53519,547500.0,,-19.880432,-43.99572499999999,1,1,1,,0.0,0.0,pampulha,Paquetá,12/08/18,None,None
3213491,548895.32,,-19.9062867,-43.92575299999999,2,3,1,,0.0,0.0,leste,Sagrada Família,12/08/18,None,None
365202,549000.0,,-19.83783,-43.9573327,4,2,1,,0.0,0.0,pampulha,Itapoã,12/08/18,None,None
148318,549018.0,,-19.9250276,-43.92506500000002,1,1,0,,0.0,0.0,centro-sul,Santa Efigênia,12/08/18,None,None
11063,550000.0,,-19.8992125,-43.9282576,3,2,1,,0.0,0.0,leste,Graça,12/08/18,None,None
45478,550000.0,,-19.9918285,-44.026433000000004,2,3,1,,0.0,0.0,leste,Floresta,12/08/18,None,None
50634,550000.0,,-19.9406152,-43.97660589999998,2,2,1,,0.0,300.0,oeste,Jardim América,12/08/18,None,None
52552,550000.0,,-19.8881037,-43.93569589999999,3,2,1,,0.0,0.0,nordeste,Nova Floresta,12/08/18,None,None
57374,550000.0,,-19.8637045,-43.9461609,2,3,1,,0.0,0.0,pampulha,Santa Rosa,12/08/18,None,None
131016,550000.0,,-19.903420399999998,-43.922396299999996,3,1,1,,0.0,300.0,leste,Sagrada Família,12/08/18,None,None
152051,550000.0,,-19.9478014,-43.94723829999998,2,3,1,,0.0,0.0,centro-sul,Santo Antônio,12/08/18,None,None
346365,550000.0,,-19.950826100000004,-43.94710240000001,2,2,1,,0.0,0.0,centro-sul,Santo Antônio,12/08/18,None,None
353503,550000.0,,-19.947185,-43.97187400000002,3,1,1,,0.0,0.0,oeste,Jardim América,12/08/18,None,None
353550,550000.0,,-19.859282800000003,-43.94120290000001,3,1,1,,115.0,0.0,pampulha,Jaraguá,12/08/18,None,None
365842,550000.0,,-19.941198999999997,-43.9816214,3,3,1,,0.0,0.0,oeste,Salgado Filho,12/08/18,None,None
1576720,550000.0,,-19.9262109,-43.96623999999997,3,2,1,,0.0,0.0,oeste,Barroca,12/08/18,None,None
1671715,550000.0,,-19.890762,-43.905304,3,3,1,,0.0,0.0,leste,Santa Inês,12/08/18,None,None
3240110,550000.0,,-19.979279199999997,-44.0173757,4,0,0,,0.0,0.0,barreiro,Barreiro,12/08/18,None,None
3242488,550000.0,,-19.909539199999998,-43.9789758,3,1,1,,0.0,0.0,noroeste,Monsenhor Messias,12/08/18,None,None
3242500,550000.0,,-19.909539199999998,-43.9789758,3,1,1,,0.0,0.0,noroeste,Monsenhor Messias,12/08/18,None,None
3248066,550000.0,,-19.917035600000002,-43.97712130000002,3,1,1,,0.0,0.0,noroeste,Padre Eustáquio,12/08/18,None,None
3256023,550000.0,,-19.919970000000003,-43.990152299999984,3,2,1,,0.0,0.0,noroeste,Minas Brasil,12/08/18,None,None
513226,551000.0,,-19.8986046,-43.89833809999999,3,3,1,,0.0,0.0,leste,São Geraldo,12/08/18,None,None
1859099,551600.0,,-19.9290074,-43.96323330000001,2,2,2,,0.0,0.0,oeste,Prado,12/08/18,None,None
124803,554254.0,,-19.8730357,-44.00462709999999,3,1,1,,0.0,0.0,pampulha,Paquetá,12/08/18,None,None
34560,555000.0,,-19.8761035,-43.98777710000002,2,2,1,,0.0,0.0,pampulha,Ouro Preto,12/08/18,None,None
29772,555100.0,,-19.892929000000002,-43.99425300000002,3,2,1,,0.0,0.0,pampulha,Castelo,12/08/18,None,None
1894303,556100.0,,-19.9290074,-43.96323330000001,2,2,2,,0.0,0.0,oeste,Prado,12/08/18,None,None
61904,558917.67,,-19.9062867,-43.92575299999999,2,3,1,,0.0,0.0,leste,Sagrada Família,12/08/18,None,None
54150,559162.0,,-19.871315300000003,-43.98435810000001,3,1,1,,0.0,0.0,pampulha,Ouro Preto,12/08/18,None,None
1029436,559900.0,,-19.8757641,-43.99762150000004,3,1,1,,0.0,0.0,pampulha,Castelo,12/08/18,None,None
9252,560000.0,,-19.9182783,-43.98586590000002,4,1,1,,620.0,400.0,noroeste,Padre Eustáquio,12/08/18,None,None
141395,560000.0,,-19.9757732,-43.9641914,3,2,1,,188.4,750.0,oeste,Buritis,12/08/18,None,None
171840,560000.0,,-19.8773016,-44.000377500000006,3,1,1,,0.0,0.0,pampulha,Castelo,12/08/18,None,None
339437,560000.0,,-19.8802238,-43.998919399999984,3,1,1,,0.0,0.0,pampulha,Castelo,12/08/18,None,None
1469143,560000.0,,-19.919970000000003,-43.990152299999984,3,2,1,,0.0,0.0,noroeste,Minas Brasil,12/08/18,None,None
3249436,560000.0,,-19.892197,-43.92377099999999,2,1,1,,0.0,0.0,leste,Sagrada Família,12/08/18,None,None
3249488,560000.0,,-19.892197,-43.92377099999999,2,1,1,,0.0,0.0,leste,Sagrada Família,12/08/18,None,None
61857,560245.52,,-19.9062867,-43.92575299999999,2,3,1,,0.0,0.0,leste,Sagrada Família,12/08/18,None,None
1896840,561000.0,,-19.9440939,-43.92060459999999,2,2,1,,1.0,1.0,centro-sul,Serra,12/08/18,None,None
1666872,564416.41,,-19.9062867,-43.92575299999999,2,3,1,,0.0,0.0,leste,Sagrada Família,12/08/18,None,None
87652,565000.0,,-19.905807199999998,-43.926702500000026,3,3,1,,0.0,0.0,leste,Sagrada Família,12/08/18,None,None
145084,565000.0,,-19.871691000000002,-43.93313550000005,2,1,1,,0.0,0.0,nordeste,Palmares,12/08/18,None,None
3213492,565920.62,,-19.9062867,-43.92575299999999,2,3,1,,0.0,0.0,leste,Sagrada Família,12/08/18,None,None
360133,566300.0,,-19.8829735,-43.99595369999997,3,3,1,,0.0,0.0,pampulha,Jaraguá,12/08/18,None,None
513233,568000.0,,-19.927643,-43.96929399999999,2,2,1,,0.0,0.0,oeste,Prado,12/08/18,None,None
513236,568000.0,,-19.9219524,-43.96495490000001,2,2,1,,0.0,0.0,oeste,Prado,12/08/18,None,None
31726,570000.0,,-19.9403503,-43.913760300000035,2,1,1,,0.0,0.0,centro-sul,Serra,12/08/18,None,None
3242475,570000.0,,-19.909539199999998,-43.9789758,3,1,1,,0.0,0.0,noroeste,Monsenhor Messias,12/08/18,None,None
1896838,570900.0,,-19.9440939,-43.92060459999999,2,2,1,,1.0,1.0,centro-sul,Serra,12/08/18,None,None
1896842,570900.0,,-19.9440939,-43.92060459999999,2,2,1,,1.0,1.0,centro-sul,Serra,12/08/18,None,None
3246184,571140.0,,-19.918851899999996,-43.964536599999974,3,2,1,,0.0,0.0,oeste,Prado,12/08/18,None,None
3213493,571595.72,,-19.9062867,-43.92575299999999,2,3,1,,0.0,0.0,leste,Sagrada Família,12/08/18,None,None
132489,574268.33,,-19.932707,-43.93050770000002,1,1,0,,0.0,0.0,centro-sul,Savassi,12/08/18,None,None
357049,575000.0,,-19.933646600000003,-43.97798539999997,3,3,1,,0.0,0.0,oeste,Nova Suíssa,12/08/18,None,None
513238,575000.0,,-19.921946300000002,-43.9646472,2,2,1,,0.0,0.0,oeste,Prado,12/08/18,None,None
513239,575000.0,,-19.9202215,-43.96606370000001,2,2,1,,0.0,0.0,oeste,Prado,12/08/18,None,None
53520,576700.0,,-19.8795508,-43.993852800000006,1,1,1,,0.0,0.0,pampulha,Paquetá,12/08/18,None,None
343715,580000.0,,-19.882090899999998,-43.99821550000002,4,2,1,,0.0,0.0,pampulha,Castelo,12/08/18,None,None
356085,580000.0,,-19.903663899999998,-43.97336089999999,4,4,1,,146.0,220.0,noroeste,Caiçaras,12/08/18,None,None
364941,580000.0,,-19.9168894,-43.975557699999975,3,1,1,,0.0,0.0,noroeste,Padre Eustáquio,12/08/18,None,None
432338,580000.0,,-19.942369699999997,-43.981318699999974,3,3,1,,0.0,0.0,oeste,Salgado Filho,12/08/18,None,None
434135,580000.0,,-19.942369699999997,-43.981318699999974,3,3,1,,0.0,0.0,oeste,Salgado Filho,12/08/18,None,None
1533856,580000.0,,-19.929360600000003,-43.9371003,3,1,0,,0.0,0.0,centro-sul,Centro,12/08/18,None,None
1683467,580000.0,,-19.976815,-44.01651170000002,3,1,1,,0.0,0.0,barreiro,Barreiro,12/08/18,None,None
1683782,580000.0,,-19.976815,-44.01651170000002,3,1,1,,0.0,0.0,barreiro,Barreiro,12/08/18,None,None
1684558,580000.0,,-19.976815,-44.01651170000002,3,1,1,,0.0,0.0,barreiro,Barreiro,12/08/18,None,None
1684559,580000.0,,-19.976815,-44.01651170000002,3,1,1,,0.0,0.0,barreiro,Barreiro,12/08/18,None,None
1685037,580000.0,,-19.976815,-44.01651170000002,3,1,1,,0.0,0.0,barreiro,Barreiro,12/08/18,None,None
3256516,580000.0,,-19.909447,-43.93524869999999,3,2,1,,0.0,0.0,leste,Floresta,12/08/18,None,None
54609,580800.0,,-19.908916,-43.968243700000016,3,1,1,,0.0,0.0,noroeste,Pedro II,12/08/18,None,None
3246745,582380.0,,-19.91858478159621,-43.962933014294435,3,2,1,,0.0,0.0,oeste,Prado,12/08/18,None,None
816565,583765.0,,-19.898678,-43.92184800000001,3,2,1,,0.0,0.0,leste,Sagrada Família,12/08/18,None,None
54550,585000.0,,-19.9862,-44.0317723,3,3,1,,0.0,0.0,barreiro,Diamante,12/08/18,None,None
54553,585000.0,,-19.9862,-44.0317723,3,3,1,,0.0,0.0,barreiro,Diamante,12/08/18,None,None
513237,585000.0,,-19.9217639,-43.96559000000002,2,2,1,,0.0,0.0,oeste,Prado,12/08/18,None,None
513248,585000.0,,-19.922458,-43.96515599999998,2,1,1,,0.0,0.0,oeste,Prado,12/08/18,None,None
3257048,585000.0,,-19.9283789,-43.91796269999998,3,2,1,,0.0,0.0,leste,São Lucas,12/08/18,None,None
1904012,586700.0,,-19.9290074,-43.96323330000001,2,2,2,,0.0,0.0,oeste,Prado,12/08/18,None,None
56760,587000.0,,-19.980486399999997,-44.01655260000001,3,1,1,,0.0,0.0,barreiro,Santa Helena (barreiro),12/08/18,None,None
61851,588082.04,,-19.9062867,-43.92575299999999,2,3,1,,0.0,0.0,leste,Sagrada Família,12/08/18,None,None
65853,590000.0,,-19.91009,-43.964670100000035,3,2,1,,0.0,500.0,centro-sul,Centro,12/08/18,None,None
134202,590000.0,,-19.902156299999998,-43.97732600000001,3,3,1,,0.0,0.0,norte,Adelaide,12/08/18,None,None
356223,590000.0,,-19.8793194,-43.92625939999999,3,3,1,,157.66,478.0,nordeste,União,12/08/18,None,None
357051,590000.0,,-19.933646600000003,-43.97798539999997,3,3,1,,0.0,0.0,oeste,Nova Suíssa,12/08/18,None,None
432599,590000.0,,-19.942369699999997,-43.981318699999974,3,3,1,,0.0,0.0,oeste,Salgado Filho,12/08/18,None,None
434137,590000.0,,-19.942369699999997,-43.981318699999974,3,3,1,,0.0,0.0,oeste,Salgado Filho,12/08/18,None,None
364141,591656.0,,-19.9296748,-43.93399030000001,1,0,0,,0.0,0.0,centro-sul,Funcionários,12/08/18,None,None
61845,593757.14,,-19.9062867,-43.92575299999999,2,3,1,,0.0,0.0,leste,Sagrada Família,12/08/18,None,None
364154,594692.0,,-19.9296748,-43.93399030000001,1,1,0,,0.0,0.0,centro-sul,Funcionários,12/08/18,None,None
68196,595000.0,,-19.905807199999998,-43.926702500000026,3,4,1,,0.0,0.0,leste,Sagrada Família,12/08/18,None,None
135006,595000.0,,-19.898947600000003,-43.9246637,3,2,1,,0.0,0.0,leste,Sagrada Família,12/08/18,None,None
145091,595000.0,,-19.871691000000002,-43.93313550000005,2,1,1,,0.0,0.0,nordeste,Palmares,12/08/18,None,None
357050,595000.0,,-19.933646600000003,-43.97798539999997,3,3,1,,0.0,0.0,oeste,Nova Suíssa,12/08/18,None,None
513241,595000.0,,-19.919647,-43.963996200000004,2,2,1,,0.0,0.0,oeste,Prado,12/08/18,None,None
513242,595000.0,,-19.9219524,-43.96495490000001,2,2,1,,0.0,0.0,oeste,Prado,12/08/18,None,None
3257047,595000.0,,-19.9283177,-43.917981699999984,3,2,1,,0.0,0.0,leste,São Lucas,12/08/18,None,None
61876,596915.13,,-19.9062867,-43.92575299999999,2,3,1,,0.0,0.0,leste,Sagrada Família,12/08/18,None,None
432337,598000.0,,-19.942369699999997,-43.981318699999974,3,3,1,,0.0,0.0,oeste,Salgado Filho,12/08/18,None,None
61842,599432.24,,-19.9062867,-43.92575299999999,2,3,1,,0.0,0.0,leste,Sagrada Família,12/08/18,None,None
6847,600000.0,,-19.8696254,-43.93328840000004,5,4,2,,154.0,200.0,nordeste,Palmares,12/08/18,None,None
42469,600000.0,,-19.9284389,-43.91302759999997,3,3,1,,0.0,0.0,centro-sul,Santa Efigênia,12/08/18,None,None
134204,600000.0,,-19.902701500000003,-43.97733540000002,3,3,1,,0.0,0.0,norte,Adelaide,12/08/18,None,None
134205,600000.0,,-19.902701500000003,-43.97733540000002,3,3,1,,0.0,0.0,norte,Adelaide,12/08/18,None,None
193687,600000.0,,-19.943802899999998,-43.92001719999996,4,1,1,,0.0,418.0,centro-sul,Serra,12/08/18,None,None
132491,601142.17,,-19.932707,-43.93050770000002,1,1,0,,0.0,0.0,centro-sul,Savassi,12/08/18,None,None
364200,601603.0,,-19.9296748,-43.93399030000001,1,1,0,,0.0,0.0,centro-sul,Funcionários,12/08/18,None,None
48930,605000.0,,-19.8739745,-43.93755010000001,4,3,1,,0.0,0.0,nordeste,Palmares,12/08/18,None,None
48931,605000.0,,-19.875607199999997,-43.9365942,4,3,1,,0.0,0.0,nordeste,Palmares,12/08/18,None,None
513240,605000.0,,-19.9220061,-43.9644027,2,2,1,,0.0,0.0,oeste,Prado,12/08/18,None,None
513243,605000.0,,-19.919647,-43.963996200000004,2,2,1,,0.0,0.0,oeste,Prado,12/08/18,None,None
141907,605850.0,,-19.8821888,-44.00103709999996,2,2,1,,0.0,0.0,pampulha,Castelo,12/08/18,None,None
163879,607271.61,,-19.932707,-43.93050770000002,1,1,0,,0.0,0.0,centro-sul,Savassi,12/08/18,None,None
364269,607564.0,,-19.9296748,-43.93399030000001,1,1,1,,0.0,0.0,centro-sul,Funcionários,12/08/18,None,None
3249496,608000.0,,-19.980909,-44.01264500000002,3,2,1,,337.0,0.0,barreiro,Barreiro,12/08/18,None,None
3249527,608000.0,,-19.9819353,-44.01325650000001,3,2,1,,337.0,0.0,barreiro,Barreiro,12/08/18,None,None
39575,609000.0,,-19.9588042,-43.966187900000016,3,3,1,,0.0,0.0,oeste,Estoril,12/08/18,None,None
3248918,610000.0,,-19.927945899999997,-43.96835299999998,3,3,1,,0.0,0.0,oeste,Prado,12/08/18,None,None
364313,613516.0,,-19.9296748,-43.93399030000001,1,1,1,,0.0,0.0,centro-sul,Funcionários,12/08/18,None,None
42450,615000.0,,-19.9284389,-43.91302759999997,3,3,1,,0.0,0.0,centro-sul,Santa Efigênia,12/08/18,None,None
134210,615000.0,,-19.902701500000003,-43.97733540000002,3,3,1,,0.0,0.0,norte,Adelaide,12/08/18,None,None
134217,615000.0,,-19.902701500000003,-43.97733540000002,3,3,1,,0.0,0.0,norte,Adelaide,12/08/18,None,None
134218,615000.0,,-19.902701500000003,-43.97733540000002,3,3,1,,0.0,0.0,norte,Adelaide,12/08/18,None,None
134221,615000.0,,-19.902701500000003,-43.97733540000002,3,3,1,,0.0,0.0,norte,Adelaide,12/08/18,None,None
513245,615000.0,,-19.921919,-43.96474920000003,2,2,1,,0.0,0.0,oeste,Prado,12/08/18,None,None
513246,615000.0,,-19.922509899999998,-43.95881900000001,2,2,1,,0.0,0.0,oeste,Prado,12/08/18,None,None
53437,620000.0,,-19.8868674,-44.0109592,3,1,1,,0.0,0.0,pampulha,Serrano,12/08/18,None,None
66097,620000.0,,-19.8886233,-43.93808839999997,3,2,1,,200.0,300.0,nordeste,Renascença,12/08/18,None,None
124964,620000.0,,-19.8579456,-43.9565455,3,3,1,,0.0,0.0,pampulha,Pampulha,12/08/18,None,None
364682,620000.0,,-19.8882095,-43.931799599999984,3,2,1,,275.0,0.0,nordeste,Renascença,12/08/18,None,None
364685,620000.0,,-19.8882095,-43.931799599999984,3,2,1,,275.0,0.0,nordeste,Renascença,12/08/18,None,None
364507,622159.0,,-19.9296748,-43.93399030000001,1,1,1,,0.0,0.0,centro-sul,Funcionários,12/08/18,None,None
158036,625000.0,,-19.8591665,-43.94399550000003,3,2,1,,0.0,0.0,pampulha,Dona Clara,12/08/18,None,None
347189,625000.0,,-19.8975516,-43.92060630000003,3,2,1,,0.0,0.0,leste,Sagrada Família,12/08/18,None,None
432598,625000.0,,-19.942369699999997,-43.981318699999974,3,3,1,,0.0,0.0,oeste,Salgado Filho,12/08/18,None,None
513244,625000.0,,-19.922458,-43.96515599999998,2,2,1,,0.0,0.0,oeste,Prado,12/08/18,None,None
513247,625000.0,,-19.922458,-43.96515599999998,2,2,1,,0.0,0.0,oeste,Prado,12/08/18,None,None
1526261,625000.0,,-19.879949,-44.00473969999996,3,2,1,,0.0,0.0,pampulha,Castelo,12/08/18,None,None
364153,625672.0,,-19.9296748,-43.93399030000001,1,1,0,,0.0,0.0,centro-sul,Funcionários,12/08/18,None,None
3254674,627000.0,,-19.948095300000002,-43.93083869999998,2,2,1,,0.0,0.0,centro-sul,Carmo,12/08/18,None,None
53691,629112.0,,-19.891702,-43.9942734,4,3,2,,0.0,0.0,pampulha,Castelo,12/08/18,None,None
53708,629763.0,,-19.891702,-43.9942734,4,3,2,,0.0,0.0,pampulha,Castelo,12/08/18,None,None
15692,630000.0,,-19.935178399999998,-43.96301189999997,3,2,1,,350.0,699.87,oeste,Gutierrez,12/08/18,None,None
357048,630000.0,,-19.933629,-43.97798399999999,3,3,1,,0.0,0.0,oeste,Nova Suíssa,12/08/18,None,None
1920893,631700.0,,-19.9290074,-43.96323330000001,2,2,2,,0.0,0.0,oeste,Prado,12/08/18,None,None
364197,632054.0,,-19.9296748,-43.93399030000001,1,1,1,,0.0,0.0,centro-sul,Funcionários,12/08/18,None,None
141909,632100.0,,-19.8821888,-44.00103709999996,2,2,1,,0.0,0.0,pampulha,Castelo,12/08/18,None,None
32423,635000.0,,-19.949367199999998,-43.948892,2,3,2,,0.0,0.0,centro-sul,Vila Paris,12/08/18,None,None
1526286,635000.0,,-19.879949,-44.00473969999996,3,2,1,,0.0,0.0,pampulha,Castelo,12/08/18,None,None
67165,640000.0,,-19.8824755,-43.98262790000001,3,2,1,,0.0,0.0,pampulha,Ouro Preto,12/08/18,None,None
434136,640000.0,,-19.942369699999997,-43.981318699999974,3,3,1,,0.0,0.0,oeste,Salgado Filho,12/08/18,None,None
434138,640000.0,,-19.942369699999997,-43.981318699999974,3,3,1,,0.0,0.0,oeste,Salgado Filho,12/08/18,None,None
364342,640300.0,,-19.9296748,-43.93399030000001,1,1,0,,0.0,0.0,centro-sul,Funcionários,12/08/18,None,None
364344,640319.0,,-19.9296748,-43.93399030000001,1,1,1,,0.0,0.0,centro-sul,Funcionários,12/08/18,None,None
364267,644821.0,,-19.9296748,-43.93399030000001,1,1,1,,0.0,0.0,centro-sul,Funcionários,12/08/18,None,None
31743,645000.0,,-19.9702066,-43.96553610000001,3,2,1,,0.0,0.0,oeste,Buritis,12/08/18,None,None
37150,645000.0,,-19.9558919,-43.94025560000001,4,1,1,,0.0,0.0,centro-sul,Sion,12/08/18,None,None
31273,648000.0,,-19.901128600000003,-43.92269999999996,3,2,1,,0.0,0.0,leste,Sagrada Família,12/08/18,None,None
28500,650000.0,,-19.8626732,-43.94424770000001,4,3,2,,0.0,0.0,pampulha,Santa Rosa,12/08/18,None,None
40714,650000.0,,-19.8854924,-43.92144400000001,3,2,1,,0.0,0.0,nordeste,União,12/08/18,None,None
42423,650000.0,,-19.965139399999998,-43.97680589999999,3,1,1,,0.0,0.0,oeste,Buritis,12/08/18,None,None
50252,650000.0,,-19.976032500000002,-44.01620969999999,4,1,2,,120.0,340.0,barreiro,Barreiro,12/08/18,None,None
54722,650000.0,,-19.8736595,-43.97775619999999,3,2,1,,0.0,0.0,pampulha,São Luiz,12/08/18,None,None
132120,650000.0,,-19.945127300000003,-43.937453300000016,2,2,1,,0.0,0.0,centro-sul,Santo Antônio,12/08/18,None,None
133824,650000.0,,-19.902701500000003,-43.97733540000002,3,3,1,,0.0,0.0,norte,Adelaide,12/08/18,None,None
133836,650000.0,,-19.902701500000003,-43.97733540000002,3,3,1,,0.0,0.0,norte,Adelaide,12/08/18,None,None
157760,650000.0,,-19.8591665,-43.94399550000003,3,2,1,,0.0,0.0,pampulha,Dona Clara,12/08/18,None,None
341958,650000.0,,-19.8868845,-43.9985289,3,1,2,,0.0,0.0,pampulha,Pampulha,12/08/18,None,None
352636,650000.0,,-19.9404288,-43.946283,2,2,1,,0.0,0.0,centro-sul,Santo Antônio,12/08/18,None,None
359686,650000.0,,-19.9575629,-43.93885119999999,2,2,1,,0.01,0.0,centro-sul,Sion,12/08/18,None,None
1797438,650000.0,,-19.9353119,-43.9553793,2,2,1,,0.0,0.0,oeste,Gutierrez,12/08/18,None,None
1797715,650000.0,,-19.9396445,-43.95664179999999,2,2,1,,0.0,0.0,oeste,Gutierrez,12/08/18,None,None
1797716,650000.0,,-19.9353119,-43.9553793,2,2,1,,0.0,0.0,oeste,Gutierrez,12/08/18,None,None
1798001,650000.0,,-19.9353119,-43.9553793,2,2,1,,0.0,0.0,oeste,Gutierrez,12/08/18,None,None
1837515,650000.0,,-19.985730899999997,-44.02597100000003,3,1,1,,140.0,220.0,barreiro,Barreiro,12/08/18,None,None
3247329,650000.0,,-19.9268141,-43.9621161,3,1,1,,0.0,0.0,oeste,Prado,12/08/18,None,None
3248068,650000.0,,-19.917019600000003,-43.97554479999997,3,1,1,,0.0,0.0,noroeste,Padre Eustáquio,12/08/18,None,None
53435,655000.0,,-19.8868674,-44.0109592,3,1,1,,0.0,0.0,pampulha,Serrano,12/08/18,None,None
53436,655000.0,,-19.8868674,-44.0109592,3,1,1,,0.0,0.0,pampulha,Serrano,12/08/18,None,None
53438,655000.0,,-19.8868674,-44.0109592,3,1,1,,0.0,0.0,pampulha,Serrano,12/08/18,None,None
63613,660000.0,,-19.9369384,-43.97080219999998,3,3,1,,0.0,0.0,oeste,Nova Granada,12/08/18,None,None
3250915,660000.0,,-19.818811899999996,-43.97834799999998,3,1,1,,0.0,0.0,venda-nova,Rio Branco,12/08/18,None,None
3250925,660000.0,,-19.818811899999996,-43.97834799999998,3,1,1,,0.0,0.0,venda-nova,Rio Branco,12/08/18,None,None
3251003,660000.0,,-19.818811899999996,-43.97834799999998,4,1,1,,0.0,0.0,venda-nova,Rio Branco,12/08/18,None,None
3251011,660000.0,,-19.818811899999996,-43.97834799999998,3,1,1,,0.0,0.0,venda-nova,Rio Branco,12/08/18,None,None
3251072,660000.0,,-19.823003804542974,-43.98196160740963,3,2,1,,0.0,0.0,venda-nova,Rio Branco,12/08/18,None,None
53696,661262.0,,-19.891702,-43.9942734,4,3,2,,0.0,0.0,pampulha,Castelo,12/08/18,None,None
53698,661274.0,,-19.891702,-43.9942734,4,3,2,,0.0,0.0,pampulha,Castelo,12/08/18,None,None
53699,661274.0,,-19.891702,-43.9942734,4,3,2,,0.0,0.0,pampulha,Castelo,12/08/18,None,None
53700,661286.0,,-19.891702,-43.9942734,4,3,2,,0.0,0.0,pampulha,Castelo,12/08/18,None,None
53701,661286.0,,-19.891702,-43.9942734,4,3,2,,0.0,0.0,pampulha,Castelo,12/08/18,None,None
53703,661298.0,,-19.891702,-43.9942734,4,3,2,,0.0,0.0,pampulha,Castelo,12/08/18,None,None
53704,661310.0,,-19.891702,-43.9942734,4,3,2,,0.0,0.0,pampulha,Castelo,12/08/18,None,None
53707,661322.0,,-19.891702,-43.9942734,4,3,2,,0.0,0.0,pampulha,Castelo,12/08/18,None,None
53693,661812.0,,-19.891702,-43.9942734,4,3,2,,0.0,0.0,pampulha,Castelo,12/08/18,None,None
29809,663000.0,,-19.8925549,-43.99441100000002,3,2,1,,0.0,0.0,pampulha,Castelo,12/08/18,None,None
7766,668000.0,,-19.8771688,-43.9165367,3,3,1,,138.16,0.0,nordeste,Fernão Dias,12/08/18,None,None
59638,670000.0,,-19.9362639,-43.977773100000036,3,3,1,,0.0,0.0,oeste,Jardim América,12/08/18,None,None
65139,670000.0,,-19.917051899999997,-43.97109710000001,3,1,1,,0.0,0.0,noroeste,Padre Eustáquio,12/08/18,None,None
155328,670000.0,,-19.8741439,-43.91584330000001,3,2,1,,0.0,0.0,nordeste,Fernão Dias,12/08/18,None,None
50992,670489.0,,-19.8833034,-43.9345179,3,1,1,,0.0,0.0,nordeste,Ipiranga,12/08/18,None,None
3240461,671120.0,,-19.915338199999997,-43.90522279999999,3,2,1,,0.0,0.0,centro-sul,Santa Efigênia,12/08/18,None,None
59635,675000.0,,-19.9362639,-43.977773100000036,3,3,1,,0.0,0.0,oeste,Jardim América,12/08/18,None,None
3249372,675000.0,,-19.892197,-43.92377099999999,2,2,1,,0.0,0.0,leste,Sagrada Família,12/08/18,None,None
3249389,675000.0,,-19.892197,-43.92377099999999,2,2,1,,0.0,0.0,leste,Sagrada Família,12/08/18,None,None
29807,675300.0,,-19.892644,-43.994056,3,2,1,,0.0,0.0,pampulha,Castelo,12/08/18,None,None
132524,679254.19,,-19.932707,-43.93050770000002,1,1,0,,0.0,0.0,centro-sul,Savassi,12/08/18,None,None
164863,680000.0,,-19.8583569,-43.95354580000003,3,2,1,,0.0,0.0,pampulha,Jaraguá,12/08/18,None,None
190089,680000.0,,-19.947618600000002,-43.9475468,3,1,1,,0.0,0.0,centro-sul,Santo Antônio,12/08/18,None,None
218750,680000.0,,-19.8818328,-43.99205010000003,4,2,1,,0.0,0.0,pampulha,Castelo,12/08/18,None,None
139245,682373.0,,-19.8857453,-43.99476800000002,4,2,2,,0.0,0.0,pampulha,Castelo,12/08/18,None,None
61725,684137.3,,-19.905545,-43.92939690000003,3,2,1,,0.0,0.0,leste,Sagrada Família,12/08/18,None,None
148791,684150.0,,-19.925044600000003,-43.9250697,1,1,0,,0.0,0.0,centro-sul,Santa Efigênia,12/08/18,None,None
135788,685000.0,,-19.933022,-43.97697099999999,3,2,1,,0.0,0.0,oeste,Nova Suíssa,12/08/18,None,None
174767,685000.0,,-19.906048199999997,-43.96825179999996,4,2,1,,0.0,0.0,noroeste,Pedro II,12/08/18,None,None
135019,690000.0,,-19.898947600000003,-43.9246637,3,2,1,,0.0,0.0,leste,Sagrada Família,12/08/18,None,None
164629,690000.0,,-19.8351227,-43.96114190000003,4,1,1,,0.0,0.0,pampulha,Itapoã,12/08/18,None,None
189979,690000.0,,-19.947618600000002,-43.9475468,3,1,1,,0.0,0.0,centro-sul,Santo Antônio,12/08/18,None,None
1691572,690000.0,,-19.8854284,-43.921716499999995,4,2,1,,0.0,0.0,nordeste,União,12/08/18,None,None
3241714,690000.0,,-19.9300725,-43.913419299999994,4,2,1,,246.0,650.0,leste,São Lucas,12/08/18,None,None
159059,691520.0,,-19.883293,-43.9345295,2,1,1,,0.0,0.0,nordeste,Ipiranga,12/08/18,None,None
132543,692809.54,,-19.932707,-43.93050770000002,1,1,0,,0.0,0.0,centro-sul,Savassi,12/08/18,None,None
361005,693453.0,,-19.927208399999998,-43.9514643,1,1,0,,0.0,0.0,centro-sul,Santo Agostinho,12/08/18,None,None
87733,695000.0,,-19.905807199999998,-43.926702500000026,3,3,1,,0.0,0.0,leste,Sagrada Família,12/08/18,None,None
362026,695000.0,,-19.946068,-43.93923699999999,3,1,1,,0.0,300.0,centro-sul,Santo Antônio,12/08/18,None,None
138388,697209.0,,-19.9620967,-43.96519380000001,4,2,1,,0.0,0.0,oeste,Estoril,12/08/18,None,None
168338,699000.0,,-19.900942999999998,-43.929035,3,2,1,,0.0,0.0,nordeste,Silveira,12/08/18,None,None
138398,699800.0,,-19.9620967,-43.96519380000001,4,2,1,,0.0,0.0,oeste,Estoril,12/08/18,None,None
352955,699879.25,,-19.9481764,-43.97993510000003,3,1,1,,0.0,0.0,oeste,Salgado Filho,12/08/18,None,None
23480,700000.0,,-19.9459754,-43.92239889999996,3,2,1,,163.63,450.0,centro-sul,Cruzeiro,12/08/18,None,None
32957,700000.0,,-19.9434114,-43.97302830000001,4,3,1,,218.65,390.0,oeste,Jardim América,12/08/18,None,None
143116,700000.0,,-19.863968,-43.94424100000003,3,2,1,,0.0,0.0,pampulha,Santa Rosa,12/08/18,None,None
152047,700000.0,,-19.9478014,-43.94723829999998,2,3,1,,0.0,0.0,centro-sul,Santo Antônio,12/08/18,None,None
350001,700000.0,,-19.870316600000002,-43.91475230000003,3,3,1,,195.0,200.0,nordeste,Fernão Dias,12/08/18,None,None
3250623,700000.0,,-19.904916600000004,-43.96007109999999,4,3,1,,0.0,0.0,noroeste,Pedro II,12/08/18,None,None
352954,706878.04,,-19.9481901,-43.97994700000004,3,1,1,,0.0,0.0,oeste,Salgado Filho,12/08/18,None,None
65141,710000.0,,-19.917051899999997,-43.97109710000001,3,1,1,,0.0,0.0,noroeste,Padre Eustáquio,12/08/18,None,None
174768,710000.0,,-19.906048199999997,-43.96825179999996,4,2,1,,0.0,0.0,noroeste,Pedro II,12/08/18,None,None
174771,715000.0,,-19.906048199999997,-43.96825179999996,4,2,1,,0.0,0.0,noroeste,Pedro II,12/08/18,None,None
37884,718580.49,,-19.9240125,-43.94450710000001,2,2,1,,0.0,0.0,centro-sul,Centro,12/08/18,None,None
64074,720000.0,,-19.9023063,-43.93040529999996,2,3,1,,0.0,0.0,leste,Graça,12/08/18,None,None
64218,720000.0,,-19.9023063,-43.93040529999996,2,3,1,,0.0,0.0,leste,Graça,12/08/18,None,None
174791,725000.0,,-19.906048199999997,-43.96825179999996,4,2,1,,0.0,0.0,noroeste,Pedro II,12/08/18,None,None
357046,725000.0,,-19.933629,-43.97798399999999,0,3,1,,0.0,0.0,oeste,Nova Suíssa,12/08/18,None,None
21111,730000.0,,-19.915723158802518,-43.92408621376956,3,2,1,,0.0,350.0,leste,Santa Tereza,12/08/18,None,None
38971,730000.0,,-19.9785352,-43.98064679999999,4,3,2,,0.0,0.0,oeste,Buritis,12/08/18,None,None
356226,730000.0,,-19.9299358,-43.967475199999974,3,4,1,,227.79,0.0,oeste,Prado,12/08/18,None,None
132407,735005.73,,-19.932707,-43.93050770000002,1,1,0,,0.0,0.0,centro-sul,Savassi,12/08/18,None,None
1028497,739000.0,,-19.875688500000003,-43.99766979999998,3,1,1,,0.0,0.0,pampulha,Castelo,12/08/18,None,None
20383,740000.0,,-19.942110999999997,-43.9641456,4,3,1,,198.0,453.95,oeste,Grajaú,12/08/18,None,None
349004,740000.0,,-19.9060905,-43.93704400000002,4,1,1,,290.0,0.0,leste,Colégio Batista,12/08/18,None,None
339985,740880.0,,-19.9828144,-44.01194470000002,3,1,1,,0.0,0.0,barreiro,Barreiro de Baixo,12/08/18,None,None
513230,743000.0,,-19.922458,-43.96515599999998,2,2,1,,0.0,0.0,oeste,Prado,12/08/18,None,None
143183,749000.0,,-19.889791600000002,-43.93000510000002,4,2,1,,0.0,600.0,nordeste,Silveira,12/08/18,None,None
357047,749000.0,,-19.933646600000003,-43.97798539999997,3,3,1,,0.0,0.0,oeste,Nova Suíssa,12/08/18,None,None
729879,749536.89,,-19.932707,-43.93050770000002,2,2,1,,0.0,0.0,centro-sul,Savassi,12/08/18,None,None
25279,750000.0,,-19.969246300000002,-43.96988740000001,4,2,1,,250.0,1000.0,oeste,Buritis,12/08/18,None,None
3242559,750000.0,,-19.909539199999998,-43.9789758,3,1,1,,0.0,0.0,noroeste,Monsenhor Messias,12/08/18,None,None
3242560,750000.0,,-19.909539199999998,-43.9789758,3,1,1,,0.0,0.0,noroeste,Monsenhor Messias,12/08/18,None,None
3248069,750000.0,,-19.917019600000003,-43.97554479999997,3,1,1,,0.0,0.0,noroeste,Padre Eustáquio,12/08/18,None,None
148355,751908.0,,-19.9250276,-43.92506500000002,2,2,1,,0.0,0.0,centro-sul,Santa Efigênia,12/08/18,None,None
53730,752378.89,,-19.871311,-43.98432919999999,3,1,1,,0.0,0.0,pampulha,Ouro Preto,12/08/18,None,None
355370,757895.0,,-19.911942800000002,-43.92839300000003,3,2,1,,0.0,0.0,leste,Floresta,12/08/18,None,None
356166,760000.0,,-19.9315293,-43.95921129999999,2,2,1,,0.0,0.0,oeste,Gutierrez,12/08/18,None,None
53721,766977.87,,-19.871311,-43.98432919999999,2,1,1,,0.0,0.0,pampulha,Ouro Preto,12/08/18,None,None
53732,768686.0,,-19.871315300000003,-43.98435810000001,3,1,1,,0.0,0.0,pampulha,Ouro Preto,12/08/18,None,None
53728,768831.0,,-19.871315300000003,-43.98435810000001,3,1,1,,0.0,0.0,pampulha,Ouro Preto,12/08/18,None,None
53729,776246.0,,-19.871311,-43.98432919999999,3,1,1,,0.0,0.0,pampulha,Ouro Preto,12/08/18,None,None
51796,780000.0,,-19.942895899999996,-43.95766500000002,4,2,1,,0.0,1100.0,oeste,Gutierrez,12/08/18,None,None
1671714,780000.0,,-19.8910707,-43.90464329999998,4,4,1,,0.0,0.0,leste,Santa Inês,12/08/18,None,None
1671725,780000.0,,-19.890762,-43.905304,4,4,1,,0.0,0.0,leste,Santa Inês,12/08/18,None,None
3250654,780000.0,,-19.9175413,-43.98974090000002,4,2,1,,0.0,0.0,noroeste,Minas Brasil,12/08/18,None,None
340016,785530.0,,-19.9800508,-44.01069559999996,3,1,1,,0.0,0.0,barreiro,Barreiro de Baixo,12/08/18,None,None
3257053,789000.0,,-19.9283789,-43.91796269999998,3,2,1,,0.0,0.0,leste,São Lucas,12/08/18,None,None
60786,789999.99,,-19.939225600000004,-43.965445199999984,3,4,1,,0.0,0.0,oeste,Grajaú,12/08/18,None,None
24678,790000.0,,-19.930173800000002,-43.912258200000004,4,3,2,,0.0,0.0,leste,São Lucas,12/08/18,None,None
358688,790000.0,,-19.887328,-43.931375,4,4,2,,0.0,0.0,nordeste,Silveira,12/08/18,None,None
358694,790000.0,,-19.887328,-43.931375,4,4,2,,0.0,0.0,nordeste,Silveira,12/08/18,None,None
358744,790000.0,,-19.887328,-43.931375,4,4,2,,0.0,0.0,nordeste,Ipiranga,12/08/18,None,None
160659,795000.0,,-19.977940399999998,-44.02505389999999,3,4,1,,0.0,0.0,barreiro,Barreiro,12/08/18,None,None
513231,795000.0,,-19.922458,-43.96515599999998,2,2,1,,0.0,0.0,oeste,Prado,12/08/18,None,None
513232,795000.0,,-19.922548000000003,-43.96518200000003,2,2,1,,0.0,0.0,oeste,Prado,12/08/18,None,None
41617,800000.0,,-19.9537996,-43.94999089999999,3,1,1,,0.0,0.0,centro-sul,Vila Paris,12/08/18,None,None
165230,800000.0,,-19.8959945,-43.93061599999999,3,2,1,,0.0,0.0,nordeste,Silveira,12/08/18,None,None
153178,805000.0,,-19.8586353,-43.95904259999998,3,2,1,,0.0,0.0,pampulha,São Luiz (pampulha),12/08/18,None,None
132573,805553.21,,-19.932707,-43.93050770000002,2,2,1,,0.0,0.0,centro-sul,Savassi,12/08/18,None,None
36052,810000.0,,-19.974065300000003,-43.96566159999998,4,2,1,,0.0,0.0,oeste,Buritis,12/08/18,None,None
54614,814000.0,,-19.908916,-43.968243700000016,4,1,1,,0.0,0.0,noroeste,Pedro II,12/08/18,None,None
54616,814000.0,,-19.908916,-43.968243700000016,4,1,1,,0.0,0.0,noroeste,Pedro II,12/08/18,None,None
54617,814000.0,,-19.908916,-43.968243700000016,4,1,1,,0.0,0.0,noroeste,Pedro II,12/08/18,None,None
54619,814000.0,,-19.908916,-43.968243700000016,4,1,1,,0.0,0.0,noroeste,Pedro II,12/08/18,None,None
54620,814000.0,,-19.908916,-43.968243700000016,4,1,1,,0.0,0.0,noroeste,Pedro II,12/08/18,None,None
56959,815000.0,,-19.9726225,-43.96636910000001,4,2,1,,0.0,0.0,oeste,Buritis,12/08/18,None,None
57375,815000.0,,-19.8637045,-43.9461609,3,3,3,,0.0,0.0,pampulha,Santa Rosa,12/08/18,None,None
46112,820000.0,,-19.9747508,-43.96487450000001,4,2,1,,0.0,0.0,oeste,Estoril,12/08/18,None,None
48929,820000.0,,-19.872939199999998,-43.94158809999999,4,3,1,,0.0,0.0,nordeste,Palmares,12/08/18,None,None
135036,820000.0,,-19.898947600000003,-43.9246637,4,3,2,,0.0,0.0,leste,Sagrada Família,12/08/18,None,None
1847471,820000.0,,-19.911912899999997,-43.92831200000001,3,1,1,,0.0,0.0,leste,Floresta,12/08/18,None,None
352269,830000.0,,-19.9404288,-43.946283,2,3,1,,0.0,0.0,centro-sul,Santo Antônio,12/08/18,None,None
54621,831600.0,,-19.908916,-43.968243700000016,4,1,1,,0.0,0.0,noroeste,Pedro II,12/08/18,None,None
54622,831600.0,,-19.908916,-43.968243700000016,4,1,1,,0.0,0.0,noroeste,Pedro II,12/08/18,None,None
141065,831600.0,,-19.908916,-43.968243700000016,4,2,1,,0.0,0.0,pampulha,Castelo,12/08/18,None,None
13894,850000.0,,-19.9229195,-43.93809279999999,4,2,1,,145.0,1270.0,centro-sul,Centro,12/08/18,None,None
162823,850000.0,,-19.8351227,-43.96114190000003,4,1,1,,0.0,0.0,pampulha,Itapoã,12/08/18,None,None
191619,850000.0,,-19.8601642,-43.93999250000002,3,2,3,,188.73,800.0,pampulha,Dona Clara,12/08/18,None,None
342881,850000.0,,-19.8386612,-43.95582039999999,3,1,1,,0.0,0.0,pampulha,Itapoã,12/08/18,None,None
1525310,850000.0,,-19.8583652,-43.94462670000002,4,2,1,,0.0,0.0,pampulha,Jaraguá,12/08/18,None,None
3246093,850000.0,,-19.922301,-43.989038,3,2,1,,0.0,0.0,noroeste,Minas Brasil,12/08/18,None,None
3248070,850000.0,,-19.917035600000002,-43.97712130000002,3,1,1,,0.0,0.0,noroeste,Padre Eustáquio,12/08/18,None,None
55962,860000.0,,-19.9168807,-43.97348410000001,4,4,1,,0.0,0.0,noroeste,Padre Eustáquio,12/08/18,None,None
64060,860000.0,,-19.9023063,-43.93040529999996,3,3,1,,0.0,0.0,leste,Graça,12/08/18,None,None
64236,860000.0,,-19.9023063,-43.93040529999996,3,3,1,,0.0,0.0,leste,Graça,12/08/18,None,None
1842046,860000.0,,-19.9092867,-43.944531100000006,4,4,2,,0.0,0.0,nordeste,Lagoinha,12/08/18,None,None
1029434,869900.0,,-19.875688500000003,-43.99766979999998,3,1,1,,0.0,0.0,pampulha,Castelo,12/08/18,None,None
160592,875000.0,,-19.967682,-43.96769699999999,4,4,3,,0.0,800.0,oeste,Estoril,12/08/18,None,None
132812,878299.27,,-19.932707,-43.93050770000002,2,2,1,,0.0,0.0,centro-sul,Savassi,12/08/18,None,None
325613,880000.0,,-19.8739654,-44.01587169999999,4,2,2,,0.0,0.0,pampulha,Castelo,12/08/18,None,None
1797165,880000.0,,-19.9353119,-43.9553793,2,2,1,,0.0,0.0,oeste,Gutierrez,12/08/18,None,None
3246683,892300.0,,-19.927158,-43.921250999999984,2,2,1,,0.0,0.0,centro-sul,Santa Efigênia,12/08/18,None,None
170085,898000.0,,-19.919970000000003,-43.990152299999984,3,3,1,,0.0,0.0,noroeste,Minas Brasil,12/08/18,None,None
363737,898000.0,,-19.919970000000003,-43.990152299999984,3,3,1,,0.0,0.0,noroeste,Minas Brasil,12/08/18,None,None
957345,899990.0,,-19.8756953,-43.99742839999999,3,1,1,,0.0,0.0,pampulha,Castelo,12/08/18,None,None
170742,900000.0,,-19.9333503,-43.9216447,3,3,1,,0.0,1000.0,centro-sul,Serra,12/08/18,None,None
325614,900000.0,,-19.8739654,-44.01587169999999,4,2,3,,0.0,0.0,pampulha,Castelo,12/08/18,None,None
366431,905000.0,,-19.9300755,-43.94324230000001,2,2,1,,0.0,0.0,centro-sul,Santo Agostinho,12/08/18,None,None
366433,905000.0,,-19.9300216,-43.94342240000003,2,2,1,,0.0,0.0,centro-sul,Santo Agostinho,12/08/18,None,None
1517722,907483.5,,-19.919606100000003,-43.96233489999997,3,2,1,,0.0,0.0,oeste,Prado,12/08/18,None,None
148802,910188.0,,-19.925044600000003,-43.9250697,2,2,1,,0.0,0.0,centro-sul,Santa Efigênia,12/08/18,None,None
132838,910912.69,,-19.932709399999997,-43.93051359999998,2,2,1,,0.0,0.0,centro-sul,Savassi,12/08/18,None,None
744438,920000.0,,-19.926823000000002,-43.96076799999997,4,3,1,,280.0,0.0,oeste,Prado,12/08/18,None,None
325740,930000.0,,-19.8739654,-44.01587169999999,4,2,2,,0.0,0.0,pampulha,Castelo,12/08/18,None,None
353414,930000.0,,-19.9411403,-43.95335299999999,2,2,1,,0.0,0.0,centro-sul,Luxemburgo,12/08/18,None,None
132839,938739.28,,-19.932709399999997,-43.93051359999998,2,2,1,,0.0,0.0,centro-sul,Savassi,12/08/18,None,None
513646,940000.0,,-19.922458,-43.96515599999998,2,3,1,,0.0,0.0,oeste,Prado,12/08/18,None,None
513647,940000.0,,-19.922458,-43.96515599999998,2,3,1,,0.0,0.0,oeste,Prado,12/08/18,None,None
513648,940000.0,,-19.922458,-43.96515599999998,2,3,1,,0.0,0.0,oeste,Prado,12/08/18,None,None
513649,940000.0,,-19.924114199999998,-43.96567379999999,2,3,1,,0.0,0.0,oeste,Prado,12/08/18,None,None
134230,950000.0,,-19.902701500000003,-43.97733540000002,4,4,1,,0.0,0.0,norte,Adelaide,12/08/18,None,None
134236,950000.0,,-19.902701500000003,-43.97733540000002,4,4,1,,0.0,0.0,norte,Adelaide,12/08/18,None,None
343420,950000.0,,-19.9503739,-43.9263282,3,2,1,,351.16,0.0,centro-sul,Anchieta,12/08/18,None,None
343446,950000.0,,-19.9503739,-43.9263282,3,2,1,,351.16,0.0,centro-sul,Anchieta,12/08/18,None,None
818019,950000.0,,-19.955701,-43.9396777,4,2,1,,0.0,0.0,centro-sul,Sion,12/08/18,None,None
132840,954259.13,,-19.932709399999997,-43.93051359999998,2,2,1,,0.0,0.0,centro-sul,Savassi,12/08/18,None,None
364124,955338.0,,-19.9296748,-43.93399030000001,2,1,0,,0.0,0.0,centro-sul,Funcionários,12/08/18,None,None
3254855,980000.0,,-19.928520199999998,-43.95920939999996,4,3,1,,0.0,680.0,oeste,Prado,12/08/18,None,None
358617,989000.0,,-19.9317465,-43.928899,3,3,1,,0.0,0.0,centro-sul,Funcionários,12/08/18,None,None
1690483,990000.0,,-19.976815,-44.01651170000002,4,4,1,,0.0,0.0,barreiro,Barreiro,12/08/18,None,None
1690258,995000.0,,-19.950007,-43.9492735,4,2,1,,0.0,0.0,centro-sul,Vila Paris,12/08/18,None,None
3243529,1000000.0,,-19.952338100000002,-43.9490386,4,1,1,,0.0,0.0,centro-sul,Vila Paris,12/08/18,None,None
1690799,1015000.0,,-19.9499315,-43.949377899999995,4,2,1,,0.0,0.0,centro-sul,Vila Paris,12/08/18,None,None
33817,1030000.0,,-19.903630300000003,-43.977111199999975,4,5,2,,0.0,0.0,norte,Adelaide,12/08/18,None,None
360998,1033504.1,,-19.9383414,-43.92943179999998,3,2,1,,0.0,0.0,centro-sul,Funcionários,12/08/18,None,None
358624,1042000.0,,-19.931759399999997,-43.92908080000001,3,3,1,,0.0,0.0,centro-sul,Funcionários,12/08/18,None,None
364139,1047045.0,,-19.9296748,-43.93399030000001,2,1,1,,0.0,0.0,centro-sul,Funcionários,12/08/18,None,None
42033,1050000.0,,-19.9315331,-43.96316899999999,3,3,1,,0.0,0.0,oeste,Prado,12/08/18,None,None
1798002,1050000.0,,-19.9396445,-43.95664179999999,3,3,1,,0.0,0.0,oeste,Gutierrez,12/08/18,None,None
1798285,1050000.0,,-19.9353119,-43.9553793,3,3,1,,0.0,0.0,oeste,Gutierrez,12/08/18,None,None
57997,1058026.53,,-19.9383414,-43.92943179999998,2,2,1,,0.0,0.0,centro-sul,Funcionários,12/08/18,None,None
64054,1066735.5,,-19.9367675,-43.93563440000002,2,2,1,,0.0,0.0,centro-sul,Savassi,12/08/18,None,None
154048,1067466.66,,-19.872463800000002,-43.9825899,4,4,2,,0.0,0.0,pampulha,Ouro Preto,12/08/18,None,None
9613,1080000.0,,-19.966981699999998,-43.96963800000003,5,4,2,,0.0,0.0,oeste,Buritis,12/08/18,None,None
358618,1080000.0,,-19.9317465,-43.928899,3,3,1,,0.0,0.0,centro-sul,Funcionários,12/08/18,None,None
358614,1082000.0,,-19.9317465,-43.928899,3,3,1,,0.0,0.0,centro-sul,Funcionários,12/08/18,None,None
53724,1089478.0,,-19.891702,-43.9942734,4,3,2,,0.0,0.0,pampulha,Castelo,12/08/18,None,None
24268,1100000.0,,-19.9700098,-44.023230700000006,4,3,1,,210.0,540.0,barreiro,Barreiro,12/08/18,None,None
60687,1100000.0,,-19.9662431,-43.94678029999999,4,3,2,,0.0,0.0,centro-sul,Santa Lúcia,12/08/18,None,None
358626,1100400.0,,-19.931759399999997,-43.92908080000001,3,3,1,,0.0,0.0,centro-sul,Funcionários,12/08/18,None,None
38159,1107000.0,,-19.959353699999998,-43.96610179999999,3,2,1,,0.0,0.0,oeste,Estoril,12/08/18,None,None
63189,1110000.0,,-19.9847335,-44.008457099999994,4,4,1,,181.0,650.0,barreiro,Milionários,12/08/18,None,None
358615,1110200.0,,-19.9317465,-43.928899,3,3,1,,0.0,0.0,centro-sul,Funcionários,12/08/18,None,None
154063,1112244.06,,-19.872463800000002,-43.9825899,4,4,2,,0.0,0.0,pampulha,Ouro Preto,12/08/18,None,None
41387,1120000.0,,-19.9327184,-43.93003680000004,4,2,1,,0.0,656.25,centro-sul,Funcionários,12/08/18,None,None
38165,1125000.0,,-19.959353699999998,-43.96610179999999,3,2,1,,0.0,0.0,oeste,Estoril,12/08/18,None,None
353008,1147200.0,,-19.872463800000002,-43.9825899,4,4,2,,0.0,0.0,pampulha,Ouro Preto,12/08/18,None,None
36750,1150000.0,,-19.955701,-43.9396777,5,3,1,,0.0,0.0,centro-sul,Sion,12/08/18,None,None
63658,1150000.0,,-19.9367675,-43.93563440000002,2,2,1,,0.0,0.0,centro-sul,Savassi,12/08/18,None,None
1689922,1150000.0,,-19.9500073,-43.94921239999997,4,2,1,,0.0,0.0,centro-sul,Vila Paris,12/08/18,None,None
139221,1152000.0,,-19.8857453,-43.99476800000002,4,3,2,,0.0,0.0,pampulha,Castelo,12/08/18,None,None
357859,1160000.0,,-19.931759399999997,-43.92908080000001,3,3,1,,0.0,0.0,centro-sul,Funcionários,12/08/18,None,None
357938,1160000.0,,-19.931759399999997,-43.92908080000001,3,3,1,,0.0,0.0,centro-sul,Funcionários,12/08/18,None,None
357941,1183400.0,,-19.9319529,-43.92895490000001,3,3,1,,0.0,0.0,centro-sul,Funcionários,12/08/18,None,None
52632,1184900.0,,-19.927158,-43.921250999999984,3,2,1,,0.0,0.0,centro-sul,Santa Efigênia,12/08/18,None,None
32118,1190000.0,,-19.933445499999998,-43.93347619999997,3,2,2,,0.0,0.0,centro-sul,Funcionários,12/08/18,None,None
41896,1190000.0,,-19.9537996,-43.94999089999999,3,1,1,,0.0,0.0,centro-sul,Vila Paris,12/08/18,None,None
131753,1190000.0,,-19.883651800000003,-43.92433510000001,4,2,1,,0.0,0.0,nordeste,União,12/08/18,None,None
1526240,1190000.0,,-19.879949,-44.00473969999996,3,2,1,,0.0,0.0,pampulha,Castelo,12/08/18,None,None
1526289,1190000.0,,-19.88007,-44.00460799999996,3,2,1,,0.0,0.0,pampulha,Castelo,12/08/18,None,None
1533501,1190000.0,,-19.8583652,-43.94462670000002,4,3,1,,0.0,0.0,pampulha,Dona Clara,12/08/18,None,None
1682634,1200000.0,,-19.9459525,-43.93083300000001,4,1,1,,0.0,0.0,centro-sul,Sion,12/08/18,None,None
3238485,1200000.0,,-19.9301363,-43.93041740000001,3,2,1,,0.0,0.0,centro-sul,Savassi,12/08/18,None,None
357940,1204700.0,,-19.9319529,-43.92895490000001,3,3,1,,0.0,0.0,centro-sul,Funcionários,12/08/18,None,None
358619,1223000.0,,-19.9317465,-43.928899,3,3,1,,0.0,0.0,centro-sul,Funcionários,12/08/18,None,None
358635,1240800.0,,-19.931759399999997,-43.92908080000001,3,3,1,,0.0,0.0,centro-sul,Funcionários,12/08/18,None,None
356355,1249000.0,,-19.934634,-43.96587,4,5,2,,0.0,0.0,oeste,Gutierrez,12/08/18,None,None
3246074,1250000.0,,-19.922301,-43.989038,3,1,1,,0.0,0.0,noroeste,Minas Brasil,12/08/18,None,None
3252657,1267000.0,,-19.934634,-43.96587,4,5,2,,0.0,0.0,oeste,Gutierrez,12/08/18,None,None
38163,1270000.0,,-19.959353699999998,-43.96610179999999,3,2,1,,0.0,0.0,oeste,Estoril,12/08/18,None,None
153863,1279317.9,,-19.872463800000002,-43.9825899,4,4,2,,0.0,0.0,pampulha,Ouro Preto,12/08/18,None,None
54880,1280000.0,,-19.9307367,-43.92349669999999,3,1,1,,0.0,0.0,centro-sul,Lourdes,12/08/18,None,None
357951,1283000.0,,-19.931759399999997,-43.92908080000001,3,3,1,,0.0,0.0,centro-sul,Funcionários,12/08/18,None,None
357945,1286400.0,,-19.931759399999997,-43.92908080000001,3,3,1,,0.0,0.0,centro-sul,Funcionários,12/08/18,None,None
132862,1287797.77,,-19.932709399999997,-43.93051359999998,2,2,1,,0.0,0.0,centro-sul,Savassi,12/08/18,None,None
29175,1300000.0,,-19.942065300000003,-43.940089100000016,4,3,1,,288.0,820.0,centro-sul,São Pedro,12/08/18,None,None
325379,1300000.0,,-19.8739654,-44.01587169999999,4,2,3,,0.0,0.0,pampulha,Castelo,12/08/18,None,None
358636,1306000.0,,-19.931759399999997,-43.92908080000001,3,3,1,,0.0,0.0,centro-sul,Funcionários,12/08/18,None,None
354451,1315482.0,,-19.9511961,-43.92506600000002,4,4,2,,0.1,0.1,centro-sul,Anchieta,12/08/18,None,None
56390,1316700.0,,-19.929285800000002,-43.93163849999996,3,2,1,,0.0,0.0,centro-sul,Savassi,12/08/18,None,None
354437,1323882.0,,-19.9511961,-43.92506600000002,4,4,2,,0.1,0.1,centro-sul,Anchieta,12/08/18,None,None
354462,1323882.0,,-19.9511961,-43.92506600000002,4,4,2,,0.1,0.1,centro-sul,Anchieta,12/08/18,None,None
354441,1332282.0,,-19.9511961,-43.92506600000002,4,4,2,,0.1,0.1,centro-sul,Anchieta,12/08/18,None,None
357862,1333000.0,,-19.9317465,-43.928899,3,3,1,,0.0,0.0,centro-sul,Funcionários,12/08/18,None,None
354465,1340682.0,,-19.9511961,-43.92506600000002,4,4,2,,0.1,0.1,centro-sul,Anchieta,12/08/18,None,None
192710,1349000.0,,-19.9323725,-43.9395783,2,3,2,,0.0,0.0,centro-sul,Lourdes,12/08/18,None,None
56392,1353000.0,,-19.929285800000002,-43.93163849999996,3,2,1,,0.0,0.0,centro-sul,Savassi,12/08/18,None,None
56416,1355520.0,,-19.929285800000002,-43.93163849999996,3,2,1,,0.0,0.0,centro-sul,Savassi,12/08/18,None,None
354435,1356390.0,,-19.9511961,-43.92506600000002,4,4,2,,0.1,0.1,centro-sul,Anchieta,12/08/18,None,None
5829,1360000.0,,-19.9364377,-43.924213200000004,4,4,2,,320.0,1535.0,centro-sul,Serra,12/08/18,None,None
358622,1367000.0,,-19.931759399999997,-43.92908080000001,3,3,1,,0.0,0.0,centro-sul,Funcionários,12/08/18,None,None
356356,1368000.0,,-19.934634,-43.96587,4,5,2,,0.0,0.0,oeste,Gutierrez,12/08/18,None,None
354433,1371216.0,,-19.9511961,-43.92506600000002,4,4,2,,0.1,0.1,centro-sul,Anchieta,12/08/18,None,None
354442,1389990.0,,-19.9511961,-43.92506600000002,4,4,2,,0.1,0.1,centro-sul,Anchieta,12/08/18,None,None
354444,1398390.0,,-19.9511961,-43.92506600000002,4,4,2,,0.1,0.1,centro-sul,Anchieta,12/08/18,None,None
354468,1398390.0,,-19.9511961,-43.92506600000002,4,4,2,,0.1,0.1,centro-sul,Anchieta,12/08/18,None,None
1622091,1400000.0,,-19.8583652,-43.94462670000002,4,4,2,,0.0,0.0,pampulha,Jaraguá,12/08/18,None,None
354479,1406790.0,,-19.9511961,-43.92506600000002,4,4,2,,0.1,0.1,centro-sul,Anchieta,12/08/18,None,None
354449,1415190.0,,-19.9511961,-43.92506600000002,4,4,2,,0.1,0.1,centro-sul,Anchieta,12/08/18,None,None
354482,1415190.0,,-19.9511961,-43.92506600000002,4,4,2,,0.1,0.1,centro-sul,Anchieta,12/08/18,None,None
354450,1423590.0,,-19.9511961,-43.92506600000002,4,4,2,,0.1,0.1,centro-sul,Anchieta,12/08/18,None,None
57935,1476943.02,,-19.9383414,-43.92943179999998,2,2,1,,0.0,0.0,centro-sul,Funcionários,12/08/18,None,None
165441,1490000.0,,-19.9541256,-43.93461239999999,4,0,1,,809.0,0.0,centro-sul,Sion,12/08/18,None,None
54597,1518029.6,,-19.908916,-43.968243700000016,4,1,1,,0.0,0.0,noroeste,Pedro II,12/08/18,None,None
32126,1600000.0,,-19.972949300000003,-43.96637450000003,5,1,2,,378.0,1000.0,oeste,Buritis,12/08/18,None,None
60688,1600000.0,,-19.9662431,-43.94678029999999,4,3,2,,0.0,0.0,centro-sul,São Bento,12/08/18,None,None
127036,1600000.0,,-19.973624800000003,-44.01602930000002,4,3,1,,371.9,490.0,barreiro,Barreiro,12/08/18,None,None
358466,1614000.0,,-19.9317465,-43.928899099999974,4,3,1,,0.0,0.0,centro-sul,Funcionários,12/08/18,None,None
134416,1674320.0,,-19.930004399999998,-43.95359229999997,4,3,3,,0.0,0.0,centro-sul,Santo Agostinho,12/08/18,None,None
134437,1684320.0,,-19.9301418,-43.9479225,4,3,3,,0.0,0.0,centro-sul,Santo Agostinho,12/08/18,None,None
134387,1684720.0,,-19.928874399999998,-43.95408670000001,4,3,3,,0.0,0.0,centro-sul,Santo Agostinho,12/08/18,None,None
134514,1694320.0,,-19.929334895970925,-43.95157030426025,4,3,3,,0.0,0.0,centro-sul,Santo Agostinho,12/08/18,None,None
134434,1694720.0,,-19.9301418,-43.9479225,4,3,3,,0.0,0.0,centro-sul,Santo Agostinho,12/08/18,None,None
358600,1700000.0,,-19.9317465,-43.928899099999974,4,3,1,,0.0,0.0,centro-sul,Funcionários,12/08/18,None,None
134518,1704320.0,,-19.928874399999998,-43.95408670000001,4,3,3,,0.0,0.0,centro-sul,Santo Agostinho,12/08/18,None,None
358602,1712253.0,,-19.9317465,-43.928899099999974,4,3,1,,0.0,0.0,centro-sul,Funcionários,12/08/18,None,None
154077,1726620.69,,-19.872463800000002,-43.9825899,4,4,2,,0.0,0.0,pampulha,Ouro Preto,12/08/18,None,None
134568,1734720.0,,-19.929233399999998,-43.95396729999999,4,3,3,,0.0,0.0,centro-sul,Santo Agostinho,12/08/18,None,None
134675,1744320.0,,-19.9301418,-43.9479225,4,3,3,,0.0,0.0,centro-sul,Santo Agostinho,12/08/18,None,None
358601,1745000.0,,-19.9317465,-43.928899099999974,4,3,1,,0.0,0.0,centro-sul,Funcionários,12/08/18,None,None
31006,1748400.0,,-19.966752300000003,-43.945996199999975,4,4,2,,0.0,0.0,centro-sul,Santa Lúcia,12/08/18,None,None
57959,1749985.0,,-19.9185316,-43.93806130000002,4,1,2,,0.0,0.0,centro-sul,Luxemburgo,12/08/18,None,None
358603,1770000.0,,-19.9317465,-43.928899099999974,4,3,1,,0.0,0.0,centro-sul,Funcionários,12/08/18,None,None
57995,1778991.0,,-19.946022600000003,-43.954679,4,1,2,,0.0,0.0,centro-sul,Luxemburgo,12/08/18,None,None
357845,1782000.0,,-19.9317465,-43.928899099999974,4,3,1,,0.0,0.0,centro-sul,Funcionários,12/08/18,None,None
358605,1784367.0,,-19.9317465,-43.928899099999974,4,3,1,,0.0,0.0,centro-sul,Funcionários,12/08/18,None,None
31007,1795400.0,,-19.966752300000003,-43.945996199999975,4,4,2,,0.0,0.0,centro-sul,Santa Lúcia,12/08/18,None,None
132849,1798821.33,,-19.932707,-43.93050770000002,3,3,1,,0.0,0.0,centro-sul,Savassi,12/08/18,None,None
15319,1800000.0,,-19.939020199999998,-43.923721,4,4,2,,606.43,1700.0,centro-sul,Serra,12/08/18,None,None
325741,1800000.0,,-19.8739654,-44.01587169999999,5,2,5,,0.0,0.0,pampulha,Castelo,12/08/18,None,None
360974,1800000.0,,-19.9527577,-43.918785100000036,4,2,1,,600.0,600.0,centro-sul,Serra,12/08/18,None,None
358604,1812000.0,,-19.9317465,-43.928899099999974,4,3,1,,0.0,0.0,centro-sul,Funcionários,12/08/18,None,None
57972,1818340.0,,-19.917442899999998,-43.93423740000003,4,1,2,,0.0,0.0,centro-sul,Luxemburgo,12/08/18,None,None
357882,1822000.0,,-19.9317465,-43.928899099999974,4,3,1,,0.0,0.0,centro-sul,Funcionários,12/08/18,None,None
358628,1833857.0,,-19.9317465,-43.928899099999974,4,3,1,,0.0,0.0,centro-sul,Funcionários,12/08/18,None,None
58125,1837002.0,,-19.946022600000003,-43.954679,4,2,2,,0.0,0.0,centro-sul,Luxemburgo,12/08/18,None,None
155609,1840000.0,,-19.951932,-43.93467900000002,4,4,2,,0.0,0.0,centro-sul,Sion,12/08/18,None,None
58087,1848479.0,,-19.946022600000003,-43.954679,4,2,2,,0.0,0.0,centro-sul,Luxemburgo,12/08/18,None,None
58096,1856339.0,,-19.946022600000003,-43.954679,4,1,2,,0.0,0.0,centro-sul,Luxemburgo,12/08/18,None,None
31004,1861200.0,,-19.966149100000003,-43.9451491,4,4,2,,0.0,0.0,centro-sul,Santa Lúcia,12/08/18,None,None
58095,1866602.0,,-19.946022600000003,-43.954679,4,2,2,,0.0,0.0,centro-sul,Luxemburgo,12/08/18,None,None
358629,1866884.0,,-19.9317465,-43.928899099999974,4,3,1,,0.0,0.0,centro-sul,Funcionários,12/08/18,None,None
58103,1868571.0,,-19.946022600000003,-43.954679,4,2,2,,0.0,0.0,centro-sul,Luxemburgo,12/08/18,None,None
58105,1886891.0,,-19.917442899999998,-43.93423740000003,4,2,2,,0.0,0.0,centro-sul,Luxemburgo,12/08/18,None,None
58111,1888663.0,,-19.946022600000003,-43.954679,4,2,2,,0.0,0.0,centro-sul,Luxemburgo,12/08/18,None,None
31010,1889400.0,,-19.966752300000003,-43.945996199999975,4,4,2,,0.0,0.0,centro-sul,Santa Lúcia,12/08/18,None,None
357895,1896000.0,,-19.9317465,-43.928899099999974,4,3,1,,0.0,0.0,centro-sul,Funcionários,12/08/18,None,None
58114,1907180.0,,-19.946022600000003,-43.954679,4,2,2,,0.0,0.0,centro-sul,Luxemburgo,12/08/18,None,None
58117,1907180.0,,-19.917442899999998,-43.93423740000003,4,2,2,,0.0,0.0,centro-sul,Luxemburgo,12/08/18,None,None
157797,1908670.0,,-19.947557,-43.93695100000002,4,4,2,,0.0,0.0,centro-sul,São Pedro,12/08/18,None,None
58121,1927469.0,,-19.946022600000003,-43.954679,4,2,2,,0.0,0.0,centro-sul,Luxemburgo,12/08/18,None,None
58131,1927469.0,,-19.946022600000003,-43.954679,4,2,2,,0.0,0.0,centro-sul,Luxemburgo,12/08/18,None,None
373378,1936140.0,,-19.946706,-43.95657849999998,4,2,1,,0.0,0.0,centro-sul,Luxemburgo,12/08/18,None,None
31012,1936400.0,,-19.966752300000003,-43.945996199999975,4,4,2,,0.0,0.0,centro-sul,Santa Lúcia,12/08/18,None,None
47582,1940000.0,,-19.9312407,-43.947054500000036,4,4,2,,0.0,0.0,centro-sul,Lourdes,12/08/18,None,None
58104,1947758.0,,-19.946022600000003,-43.954679,4,1,2,,0.0,0.0,centro-sul,Luxemburgo,12/08/18,None,None
373468,1977335.0,,-19.946706,-43.95657849999998,4,2,1,,0.0,0.0,centro-sul,Luxemburgo,12/08/18,None,None
31014,1983400.0,,-19.966752300000003,-43.945996199999975,4,4,2,,0.0,0.0,centro-sul,Santa Lúcia,12/08/18,None,None
139174,1987769.0,,-19.9465648,-43.937869500000026,4,3,0,,0.0,0.0,centro-sul,Sion,12/08/18,None,None
1517729,1987769.82,,-19.947571300000003,-43.9335668,4,3,2,,0.0,0.0,centro-sul,Sion,12/08/18,None,None
14518,2020000.0,,-19.941582800000003,-43.91716930000001,4,4,2,,0.0,0.0,centro-sul,Serra,12/08/18,None,None
354483,2053086.0,,-19.9511961,-43.92506600000002,4,4,2,,0.1,0.1,centro-sul,Anchieta,12/08/18,None,None
373554,2112002.0,,-19.947167,-43.95773889999998,4,2,1,,0.0,0.0,centro-sul,Luxemburgo,12/08/18,None,None
2185930,2150000.0,,-19.941512699999997,-43.94815169999998,4,3,4,,0.0,0.0,centro-sul,Santo Antônio,12/08/18,None,None
2185931,2150000.0,,-19.941512699999997,-43.94815169999998,4,3,4,,0.0,0.0,centro-sul,Santo Antônio,12/08/18,None,None
3254502,2300000.0,,-19.932132,-43.95430699999997,4,5,4,,0.0,0.0,centro-sul,Santo Agostinho,12/08/18,None,None
2739149,2350000.0,,-19.942615600000003,-43.917020500000035,4,4,2,,0.0,0.0,centro-sul,Serra,12/08/18,None,None
3254505,2350000.0,,-19.932132,-43.95430699999997,4,5,4,,0.0,0.0,centro-sul,Santo Agostinho,12/08/18,None,None
3254506,2350000.0,,-19.932132,-43.95430699999997,4,5,4,,0.0,0.0,centro-sul,Santo Agostinho,12/08/18,None,None
373647,2362913.0,,-19.946706,-43.95657849999998,4,2,1,,0.0,0.0,centro-sul,Luxemburgo,12/08/18,None,None
3254507,2380000.0,,-19.932132,-43.95430699999997,4,5,4,,0.0,0.0,centro-sul,Santo Agostinho,12/08/18,None,None
3254508,2400000.0,,-19.932132,-43.95430699999997,4,5,4,,0.0,0.0,centro-sul,Santo Agostinho,12/08/18,None,None
3254509,2400000.0,,-19.932132,-43.95430699999997,4,5,4,,0.0,0.0,centro-sul,Santo Agostinho,12/08/18,None,None
373564,2412982.0,,-19.946706,-43.95657849999998,4,2,1,,0.0,0.0,centro-sul,Luxemburgo,12/08/18,None,None
3254515,2470000.0,,-19.932132,-43.95430699999997,4,5,4,,0.0,0.0,centro-sul,Santo Agostinho,12/08/18,None,None
3254486,2490000.0,,-19.932132,-43.95430699999997,4,5,4,,0.0,0.0,centro-sul,Santo Agostinho,12/08/18,None,None
3254516,2510000.0,,-19.932132,-43.95430699999997,4,5,4,,0.0,0.0,centro-sul,Santo Agostinho,12/08/18,None,None
13281,2540000.0,,-19.9701743,-43.9507011,4,5,4,,0.0,0.0,centro-sul,Santa Lúcia,12/08/18,None,None
3254517,2550000.0,,-19.932132,-43.95430699999997,4,5,4,,0.0,0.0,centro-sul,Santo Agostinho,12/08/18,None,None
114818,2551232.0,,-19.9546463,-43.93121580000002,4,4,2,,0.1,0.1,centro-sul,Sion,12/08/18,None,None
333635,2699370.48,,-19.9370058,-43.93406140000002,4,4,4,,0.0,0.0,centro-sul,Funcionários,12/08/18,None,None
3246931,2750000.0,,-19.949773999999998,-43.92373199999997,4,6,4,,0.0,0.0,centro-sul,Cruzeiro,12/08/18,None,None
129567,2752655.0,,-19.9546463,-43.93121580000002,4,4,2,,0.0,0.0,centro-sul,Sion,12/08/18,None,None
373738,2829033.0,,-19.946706,-43.95657849999998,4,2,1,,0.0,0.0,centro-sul,Luxemburgo,12/08/18,None,None
174794,2900000.0,,-19.932565,-43.9409235,4,1,4,,0.0,0.0,centro-sul,Lourdes,12/08/18,None,None
57275,3102000.0,,-19.966149100000003,-43.9451491,4,5,2,,0.0,0.0,centro-sul,Santa Lúcia,12/08/18,None,None
373740,3104180.0,,-19.946706,-43.95657849999998,4,2,1,,0.0,0.0,centro-sul,Luxemburgo,12/08/18,None,None
360856,3400000.0,,-19.977237,-43.9442032,4,6,3,,2000.0,3900.0,centro-sul,Belvedere,12/08/18,None,None
133062,3489794.75,,-19.936746300000003,-43.92414339999999,4,4,2,,0.0,0.0,centro-sul,Serra,12/08/18,None,None
3254481,4500000.0,,-19.932132,-43.95430699999997,4,5,4,,0.0,0.0,centro-sul,Santo Agostinho,12/08/18,None,None
3254479,4600000.0,,-19.932132,-43.95430699999997,4,5,4,,0.0,0.0,centro-sul,Santo Agostinho,12/08/18,None,None
46098,6300000.0,,-19.917442899999998,-43.93423740000003,4,4,4,,0.0,4000.0,centro-sul,Lourdes,12/08/18,None,None
51477,245000.0,,-19.8650004,-43.909244799999996,2,2,1,,0.0,0.0,nordeste,Maria Goretti,12/08/18,None,None
33178,282000.0,,-19.966608800000003,-43.984087499999994,3,1,1,,0.0,0.0,oeste,Betânia,12/08/18,None,None
157777,320000.0,,-19.971394500000002,-43.97118280000001,2,2,1,,105.1,0.0,oeste,Buritis,12/08/18,None,None
374901,420000.0,,-19.877728,-43.98403999999999,3,1,0,,68.78,0.0,pampulha,Ouro Preto,12/08/18,None,None
3236026,1800000.0,,-19.9304622,-43.9403441,3,3,1,,212.0,1331.86,centro-sul,Lourdes,12/08/18,None,None
13755,850000.0,,-19.9387171,-43.95666010000002,3,2,1,,0.0,750.0,oeste,Gutierrez,12/08/18,None,None
64387,278000.0,,-19.8327895,-43.933848899999994,3,2,1,,55.0,150.0,norte,Floramar,12/08/18,None,None
149561,280000.0,,-19.8884711,-44.00149809999999,3,2,1,,66.0,170.0,pampulha,Castelo,12/08/18,None,None
40833,360000.0,,-19.8883738,-43.93242980000002,2,2,1,,0.0,0.0,nordeste,Silveira,12/08/18,None,None
40879,360000.0,,-19.8883738,-43.93242980000002,2,2,1,,0.0,0.0,nordeste,Silveira,12/08/18,None,None
40854,370000.0,,-19.8883738,-43.93242980000002,2,2,1,,0.0,0.0,nordeste,Silveira,12/08/18,None,None
40870,370000.0,,-19.8883738,-43.93242980000002,2,2,1,,0.0,0.0,nordeste,Silveira,12/08/18,None,None
2685858,565000.0,,-19.8305294,-43.97058749999997,3,1,1,,120.0,190.0,pampulha,Santa Branca,12/08/18,None,None
200798,400000.0,,-19.8885463,-43.92763179999997,3,3,1,,140.2,280.0,leste,Cidade Nova,12/08/18,None,None
43465,283000.0,,-19.8710066,-43.916417799999984,2,2,1,,80.0,150.0,nordeste,Fernão Dias,12/08/18,None,None
27310,450000.0,,-19.943566399999998,-43.91991410000003,2,1,0,,99.48,200.0,centro-sul,Serra,12/08/18,None,None
356151,490000.0,,-19.9304508,-43.97061869999999,3,1,1,,103.19,320.0,oeste,Prado,12/08/18,None,None
29612,670000.0,,-19.914228,-43.97636,3,1,1,,0.0,0.0,noroeste,Padre Eustáquio,12/08/18,None,None
66283,350000.0,,-19.966998899999997,-43.98846509999999,3,1,1,,0.0,0.0,oeste,Palmeiras,12/08/18,None,None
9012,390000.0,,-19.9384715,-43.9155609,2,2,0,,100.0,160.0,centro-sul,Serra,12/08/18,None,None
390595,1980000.0,,-19.8898139,-43.92425600000002,4,5,3,,4700.0,550.0,leste,Cidade Nova,12/08/18,None,None
135224,220000.0,,-19.8363486,-43.91726019999999,3,1,0,,86.0,120.0,norte,Tupi,12/08/18,None,None
144621,270000.0,,-19.924561899999997,-43.935222100000026,2,1,1,,66.25,160.0,pampulha,Serrano,12/08/18,None,None
3249974,390000.0,,-19.9148313,-43.994125800000006,4,3,1,,94.61,240.0,nordeste,Fernão Dias,12/08/18,None,None
43774,968000.0,,-19.938661372164304,-43.94642663809815,3,2,1,,1.0,350.0,centro-sul,Santo Antônio,12/08/18,None,None
43780,988000.0,,-19.940071,-43.94578999999999,3,2,1,,1.0,350.0,centro-sul,Santo Antônio,12/08/18,None,None
24589,240000.0,,-19.9034484,-43.98046899999997,3,1,0,,49.0,250.0,noroeste,Jardim Montanhês,12/08/18,None,None
245077,250000.0,,-19.8864021,-44.00453070000003,3,1,0,,69.38,155.0,pampulha,Manacás,12/08/18,None,None
33167,337000.0,,-19.966608800000003,-43.984087499999994,3,1,1,,0.0,0.0,oeste,Betânia,12/08/18,None,None
33175,357700.0,,-19.966608800000003,-43.984087499999994,3,1,1,,0.0,0.0,oeste,Betânia,12/08/18,None,None
2762935,165000.0,,-19.8759159,-44.00615199999999,2,1,0,,0.0,250.0,pampulha,Santa Terezinha,12/08/18,None,None
22229,200000.0,,-19.9586449,-43.967584200000026,2,1,0,,20.62,200.0,oeste,Estoril,12/08/18,None,None
59922,225000.0,,-19.8286,-43.98697429999999,2,1,0,,60.0,219.0,pampulha,Santa Mônica,12/08/18,None,None
1610741,250000.0,,-19.8906515,-43.93097979999999,2,1,0,,69.13,300.0,nordeste,Silveira,12/08/18,None,None
28864,260000.0,,-19.899794,-43.96903600000002,2,1,0,,63.85,350.0,noroeste,Caiçaras,12/08/18,None,None
352752,288000.0,,-19.865374300000003,-43.94389200000001,3,1,1,,70.0,230.0,pampulha,Santa Rosa,12/08/18,None,None
36185,340000.0,,-19.937867100000002,-43.91619059999999,3,1,1,,80.0,170.0,centro-sul,Serra,12/08/18,None,None
130857,597000.0,,-19.8706333,-43.93446589999997,3,2,1,,242.0,632.0,nordeste,Palmares,12/08/18,None,None
64666,1050000.0,,-19.973566100000003,-43.9682463,4,1,1,,0.0,0.0,oeste,Buritis,12/08/18,None,None
40546,2139000.0,,-19.934254,-43.954883,4,5,4,,0.0,0.0,oeste,Gutierrez,12/08/18,None,None
294000,350000.0,,-19.8748134,-43.99157779999996,3,1,1,,0.0,550.0,pampulha,Ouro Preto,12/08/18,None,None
353218,650000.0,,-19.8855665,-43.92100440000002,3,3,1,,0.0,0.0,nordeste,União,12/08/18,None,None
64681,700000.0,,-19.9735161,-43.9683986,4,1,1,,0.0,0.0,oeste,Buritis,12/08/18,None,None
3233558,294000.0,,-19.9051533,-43.97393190000002,2,1,0,,115.4,0.0,noroeste,Caiçaras,12/08/18,None,None
24309,420000.0,,-19.876276500000003,-43.991987,2,1,1,,0.0,0.0,pampulha,Paquetá,12/08/18,None,None
353224,470000.0,,-19.8855665,-43.92100440000002,3,3,1,,0.0,0.0,nordeste,União,12/08/18,None,None
33169,357700.0,,-19.966608800000003,-43.984087499999994,3,1,1,,0.0,0.0,oeste,Betânia,12/08/18,None,None
33156,382600.0,,-19.966608800000003,-43.984087499999994,3,1,1,,0.0,0.0,oeste,Betânia,12/08/18,None,None
33155,392700.0,,-19.966608800000003,-43.984087499999994,3,1,1,,0.0,0.0,oeste,Betânia,12/08/18,None,None
50956,470000.0,,-19.921969,-43.98103100000003,3,2,1,,0.0,0.0,noroeste,Padre Eustáquio,12/08/18,None,None
3238539,720000.0,,-19.836787,-43.962783,4,3,1,,145.0,557.0,pampulha,Itapoã,12/08/18,None,None
2442256,1200000.0,,-19.9331715,-43.9285711,4,1,1,,479.23,1177.78,centro-sul,Savassi,12/08/18,None,None
357034,250000.0,,-19.9190507,-43.9357728,3,2,1,,92.21,500.0,centro-sul,Centro,12/08/18,None,None
28012,515000.0,,-19.8743512,-43.91648279999998,3,1,2,,220.0,380.0,nordeste,Fernão Dias,12/08/18,None,None
154124,520000.0,,-19.9501573,-43.94418989999997,3,2,1,,170.0,500.0,centro-sul,Santo Antônio,12/08/18,None,None
7246,890000.0,,-19.9376348,-43.92697079999999,4,4,2,,275.0,1180.0,centro-sul,Serra,12/08/18,None,None
32582,1100000.0,,-19.877174800000002,-43.98133180000002,4,3,1,,120.0,400.0,pampulha,Ouro Preto,12/08/18,None,None
33200,1450000.0,,-19.9727717,-43.93824999999998,4,3,1,,657.0,1400.0,centro-sul,Belvedere,12/08/18,None,None
41504,270000.0,,-19.887053,-44.01447089999999,2,1,0,,0.0,100.0,pampulha,Serrano,12/08/18,None,None
137745,720000.0,,-19.943512100000003,-43.93996390000001,3,2,1,,0.0,0.0,centro-sul,Santo Antônio,12/08/18,None,None
137533,340000.0,,-19.940696,-43.945269,3,1,0,,0.0,0.0,centro-sul,Santo Antônio,12/08/18,None,None
44583,205000.0,,-19.8419182,-43.94275160000001,2,2,1,,0.0,70.0,norte,Planalto,12/08/18,None,None
41087,408000.0,,-19.975474600000002,-43.97679369999997,2,2,1,,0.0,337.0,oeste,Buritis,12/08/18,None,None
22336,370000.0,,-19.8943273,-43.92163419999997,3,1,0,,71.7,440.0,leste,Sagrada Família,12/08/18,None,None
27656,395000.0,,-19.979431899999998,-43.96858939999999,3,2,1,,0.01,320.0,oeste,Buritis,12/08/18,None,None
7261,460000.0,,-19.9567749,-43.94027040000003,2,2,1,,189.83,929.0,centro-sul,Sion,12/08/18,None,None
132791,750000.0,,-19.9019215,-43.97680159999999,3,3,1,,0.0,0.0,noroeste,Caiçaras,12/08/18,None,None
32110,1020000.0,,-19.933439899999996,-43.93347460000001,2,2,1,,0.0,0.0,centro-sul,Funcionários,12/08/18,None,None
1951754,980000.0,,-19.9287848,-43.969695900000026,3,3,1,,0.0,0.0,oeste,Prado,12/08/18,None,None
3227720,170000.0,,-19.9203018,-43.944920799999984,1,1,0,,0.0,289.53,centro-sul,Barro Preto,12/08/18,None,None
790834,199000.0,,-19.857623800000002,-43.88895630000002,2,1,0,,50.0,210.0,nordeste,Vitória,12/08/18,None,None
358540,225000.0,,-19.896893600000002,-44.01390129999999,2,1,0,,0.0,0.0,noroeste,Glória,12/08/18,None,None
3239793,235000.0,,-20.0099293,-44.00815320000004,3,1,0,,75.0,340.0,barreiro,Cardoso,12/08/18,None,None
351684,270000.0,,-19.8800841,-43.99163149999998,2,1,1,,103.88,258.0,pampulha,Paquetá,12/08/18,None,None
9153,295000.0,,-19.834051300000002,-43.96390819999999,2,1,1,,0.0,330.0,pampulha,Itapoã,12/08/18,None,None
3240724,320000.0,,-19.910844100000002,-44.00407740000003,2,1,0,,96.5,180.0,noroeste,Glória,12/08/18,None,None
35198,360000.0,,-19.975185999999997,-43.96854999999999,4,2,1,,90.0,310.0,oeste,Buritis,12/08/18,None,None
128903,360000.0,,-19.9198345,-43.940002700000036,3,1,0,,0.0,600.0,centro-sul,Centro,12/08/18,None,None
3255007,445000.0,,-19.9361364,-43.93086140000002,1,1,0,,0.0,450.0,centro-sul,Funcionários,12/08/18,None,None
41083,470000.0,,-19.930043899999998,-43.93198760000002,3,1,0,,50.1,618.0,centro-sul,Centro,12/08/18,None,None
357361,518416.0,,-19.9185739,-43.93870709999999,3,2,1,,0.0,0.0,noroeste,Caiçaras,12/08/18,None,None
3243690,520000.0,,-19.9391794,-43.94554819999996,2,1,1,,273.0,500.03,centro-sul,Santo Antônio,12/08/18,None,None
357362,523440.0,,-19.9185739,-43.93870709999999,3,2,1,,0.0,0.0,noroeste,Caiçaras,12/08/18,None,None
64920,550000.0,,-19.8780641,-43.917198499999984,3,2,1,,0.0,0.0,nordeste,Fernão Dias,12/08/18,None,None
181119,690000.0,,-19.946896,-43.93966599999999,3,2,2,,109.0,450.0,centro-sul,São Pedro,12/08/18,None,None
6222,700000.0,,-19.8748152,-43.99949479999998,4,1,2,,0.0,367.0,pampulha,Castelo,12/08/18,None,None
38033,700000.0,,-19.9189299,-43.96638519999999,3,2,1,,0.0,0.0,oeste,Prado,12/08/18,None,None
57379,800000.0,,-19.9767074,-43.968625900000006,4,2,1,,0.0,0.0,oeste,Buritis,12/08/18,None,None
361176,800000.0,,-19.9457854,-43.957749199999974,4,5,2,,0.0,0.0,centro-sul,Luxemburgo,12/08/18,None,None
57383,815000.0,,-19.9767074,-43.968625900000006,4,2,1,,0.0,0.0,oeste,Buritis,12/08/18,None,None
57385,830000.0,,-19.9767074,-43.968625900000006,4,2,1,,0.0,0.0,oeste,Buritis,12/08/18,None,None
57388,845000.0,,-19.9767074,-43.968625900000006,4,2,1,,0.0,0.0,oeste,Buritis,12/08/18,None,None
57393,860000.0,,-19.9767074,-43.968625900000006,4,2,1,,0.0,0.0,oeste,Buritis,12/08/18,None,None
57395,875000.0,,-19.9767074,-43.968625900000006,4,2,1,,0.0,0.0,oeste,Buritis,12/08/18,None,None
57377,1320000.0,,-19.9767074,-43.968625900000006,4,2,1,,0.0,0.0,oeste,Buritis,12/08/18,None,None
57399,1320000.0,,-19.9767074,-43.968625900000006,4,2,1,,0.0,0.0,oeste,Buritis,12/08/18,None,None
29602,1900000.0,,-19.860720699999998,-43.966008499999994,4,4,4,,0.0,1020.0,pampulha,São José (pampulha),12/08/18,None,None
40528,2319000.0,,-19.934254,-43.954883,4,5,4,,0.0,0.0,oeste,Gutierrez,12/08/18,None,None
40526,2329000.0,,-19.934254,-43.954883,4,5,4,,0.0,0.0,oeste,Gutierrez,12/08/18,None,None
40529,2349000.0,,-19.934254,-43.954883,4,5,4,,0.0,0.0,oeste,Gutierrez,12/08/18,None,None
40531,2399000.0,,-19.934254,-43.954883,4,5,4,,0.0,0.0,oeste,Gutierrez,12/08/18,None,None
40532,2425650.0,,-19.9342517,-43.95502310000001,4,5,4,,0.0,0.0,oeste,Gutierrez,12/08/18,None,None
150111,1234000.0,,-19.959210100000004,-43.95225340000002,4,4,2,,550.0,0.0,centro-sul,São Bento,12/08/18,None,None
374192,575000.0,,-19.9283789,-43.91796269999998,3,2,1,,0.0,0.0,leste,São Lucas,12/08/18,None,None
41604,930000.0,,-19.9537996,-43.94999089999999,3,1,1,,0.0,0.0,centro-sul,Vila Paris,12/08/18,None,None
33616,375000.0,,-19.9394855,-43.9399343,1,1,0,,0.0,1180.0,centro-sul,Savassi,12/08/18,None,None
362311,130000.0,,-19.9859617,-44.03468889999999,2,1,0,,0.0,180.0,barreiro,João Paulo II (Barreiro,12/08/18,None,None
20719,240000.0,,-19.827165700000002,-43.992834000000016,2,2,1,,0.0,150.0,venda-nova,Parque Leblon,12/08/18,None,None
355107,370000.0,,-19.8923725,-43.99876819999997,2,1,1,,0.0,0.0,pampulha,Manacás,12/08/18,None,None
18310,450000.0,,-19.9890893,-44.00688539999999,4,2,1,,62.0,240.0,oeste,Barroca,12/08/18,None,None
39867,450000.0,,-19.9763315,-43.97267099999999,3,2,1,,0.0,700.0,oeste,Buritis,12/08/18,None,None
3243933,503020.0,,-19.88702519194611,-43.89359362911375,3,2,1,,0.0,0.0,leste,Boa Vista,12/08/18,None,None
17944,570000.0,,-19.939431,-43.91820300000001,2,2,1,,0.0,0.0,centro-sul,Serra,12/08/18,None,None
59526,229000.0,,-19.8307706,-43.96943320000002,3,1,0,,60.0,125.0,pampulha,Santa Branca,12/08/18,None,None
365859,295000.0,,-19.9444893,-43.94781060000002,1,0,1,,99.0,600.0,centro-sul,Santo Antônio,12/08/18,None,None
15571,375000.0,,-19.872702,-43.992031699999984,3,2,1,,0.0,180.0,pampulha,Paquetá,12/08/18,None,None
3236076,780000.0,,-19.928279500000002,-43.92804280000002,4,3,1,,146.0,500.0,centro-sul,Funcionários,12/08/18,None,None
67162,135000.0,,-20.008896399999998,-44.01604079999999,2,1,0,,0.0,120.0,barreiro,Solar do Barreiro (Barreiro),12/08/18,None,None
843997,185000.0,,-19.888966699999997,-44.01015559999996,2,1,0,,100.0,230.0,pampulha,Serrano,12/08/18,None,None
45966,198000.0,,-19.830419600000003,-43.94526389999999,2,1,0,,0.0,140.0,norte,Planalto,12/08/18,None,None
49152,265000.0,,-19.946469,-43.97140350000001,3,2,1,,35.0,155.0,oeste,Jardim América,12/08/18,None,None
345529,265000.0,,-19.921384600000003,-43.94554849999997,2,1,0,,111.0,460.0,centro-sul,Centro,12/08/18,None,None
3245635,285000.0,,-19.969076,-43.96674300000001,3,2,1,,82.98,175.0,oeste,Buritis,12/08/18,None,None
7768,359000.0,,-19.8674753,-43.91692339999997,3,2,1,,93.76,0.0,nordeste,Fernão Dias,12/08/18,None,None
37877,629624.46,,-19.9240125,-43.94450710000001,2,2,1,,0.0,0.0,centro-sul,Centro,12/08/18,None,None
32904,800000.0,,-19.925258399999997,-43.94497139999999,4,3,1,,180.15,700.0,centro-sul,Centro,12/08/18,None,None
37881,949615.93,,-19.9240125,-43.94450710000001,3,2,1,,0.0,0.0,centro-sul,Centro,12/08/18,None,None
63702,1521485.0,,-19.939030499999998,-43.9373569,2,2,1,,0.0,0.0,centro-sul,Savassi,12/08/18,None,None
60262,1700000.0,,-19.9292813,-43.92268150000001,4,2,2,,918.0,1850.0,centro-sul,Funcionários,12/08/18,None,None
40553,3590000.0,,-19.934254,-43.954883,4,5,4,,0.0,0.0,oeste,Gutierrez,12/08/18,None,None
169890,250000.0,,-19.8796296,-43.99100950000002,2,1,1,,65.0,350.0,pampulha,Paquetá,12/08/18,None,None
66405,260000.0,,-19.9198706,-43.97986090000001,3,2,0,,70.0,345.0,noroeste,Padre Eustáquio,12/08/18,None,None
126525,540000.0,,-19.947795000000003,-43.9471499,2,3,2,,0.0,0.0,centro-sul,Santo Antônio,12/08/18,None,None
3252942,650000.0,,-19.9445417,-43.94664230000001,2,1,1,,0.0,0.0,centro-sul,Santo Antônio,12/08/18,None,None
31763,695000.0,,-19.9444919,-43.9313239,3,1,1,,0.0,0.0,centro-sul,Carmo,12/08/18,None,None
47345,290000.0,,-19.9152654,-43.94412249999999,3,1,0,,67.0,400.0,centro-sul,Centro,12/08/18,None,None
165309,290000.0,,-19.920496,-43.91035599999998,2,2,0,,79.61,350.0,centro-sul,Santa Efigênia,12/08/18,None,None
1624918,420000.0,,-19.9992078,-44.02208410000003,3,1,1,,104.0,320.0,barreiro,Diamante,12/08/18,None,None
29609,420000.0,,-19.914228,-43.97636,2,2,1,,0.0,0.0,noroeste,Padre Eustáquio,12/08/18,None,None
21131,600000.0,,-19.9153323,-43.92241439999998,4,3,1,,88.02,260.0,leste,Santa Tereza,12/08/18,None,None
170088,360000.0,,-19.846456,-43.98221050000001,3,1,1,,0.0,180.0,pampulha,Santa Amélia,12/08/18,None,None
123877,500000.0,,-19.8998008,-43.96783490000002,2,2,1,,0.0,0.0,noroeste,Caiçaras,12/08/18,None,None
169210,1200000.0,,-19.888085999999998,-43.99980299999999,3,4,3,,270.0,242.0,pampulha,Castelo,12/08/18,None,None
341903,1650000.0,,-19.8881326,-44.00178260000001,3,3,1,,2500.0,500.0,pampulha,Castelo,12/08/18,None,None
311449,240000.0,,-19.910507,-43.97920499999998,2,1,0,,71.0,0.0,noroeste,Monsenhor Messias,12/08/18,None,None
341774,143000.0,,-19.8627858,-43.89185179999998,2,1,0,,0.0,0.0,nordeste,Vitória,12/08/18,None,None
169477,200000.0,,-19.8420559,-43.96048940000003,1,1,1,,0.0,0.0,pampulha,Santa Branca,12/08/18,None,None
169478,200000.0,,-19.8420559,-43.96048940000003,1,1,1,,0.0,0.0,pampulha,Santa Branca,12/08/18,None,None
56093,400000.0,,-19.936885800000002,-43.946770799999975,1,1,0,,0.0,0.0,centro-sul,Cidade Jardim,12/08/18,None,None
3247263,130000.0,,-19.807246499999998,-43.935292,2,1,0,,27.37,190.0,norte,Juliana,12/08/18,None,None
20510,561000.0,,-19.911414200966085,-43.924692691540535,3,2,1,,130.0,480.0,leste,Sagrada Família,12/08/18,None,None
20501,578000.0,,-19.9101076,-43.924280700000004,3,2,1,,130.0,480.0,leste,Sagrada Família,12/08/18,None,None
1633527,295000.0,,-19.941026,-43.961837,2,2,0,,0.0,0.0,oeste,Gutierrez,12/08/18,None,None
161583,335000.0,,-19.884189499999998,-43.925967600000035,3,2,1,,0.0,0.0,leste,Cidade Nova,12/08/18,None,None
2876833,342000.0,,-19.9137617,-43.90446250000002,3,1,1,,0.0,0.0,leste,Pompéia,12/08/18,None,None
2876905,342000.0,,-19.9137617,-43.90446250000002,3,1,1,,0.0,0.0,leste,Pompéia,12/08/18,None,None
31914,360000.0,,-19.9461379,-43.94260859999997,3,1,0,,76.02,250.0,centro-sul,Santo Antônio,12/08/18,None,None
2875415,396000.0,,-19.9137449,-43.90446550000002,3,1,1,,0.0,0.0,leste,Pompéia,12/08/18,None,None
472724,420000.0,,-19.8872758,-43.90588990000003,3,2,1,,352.38,0.0,leste,Santa Inês,12/08/18,None,None
473050,420000.0,,-19.8871508,-43.90575490000003,3,2,1,,352.38,0.0,leste,Santa Inês,12/08/18,None,None
473052,420000.0,,-19.8871508,-43.90575490000003,3,2,1,,352.38,0.0,leste,Santa Inês,12/08/18,None,None
473054,420000.0,,-19.8871508,-43.90575490000003,3,2,1,,352.38,0.0,leste,Santa Inês,12/08/18,None,None
473055,420000.0,,-19.8871508,-43.90575490000003,3,2,1,,352.38,0.0,leste,Santa Inês,12/08/18,None,None
6611,470000.0,,-19.8878861,-43.99964399999999,3,2,1,,177.0,0.0,pampulha,Castelo,12/08/18,None,None
2876906,528000.0,,-19.9137617,-43.90446250000002,3,1,1,,0.0,0.0,leste,Pompéia,12/08/18,None,None
2876907,528000.0,,-19.9137617,-43.90446250000002,3,1,1,,0.0,0.0,leste,Pompéia,12/08/18,None,None
472722,590000.0,,-19.8872758,-43.90588990000003,3,2,1,,0.0,0.0,leste,Santa Inês,12/08/18,None,None
3254854,630000.0,,-19.962553,-43.97615400000001,3,3,1,,0.0,0.0,oeste,Buritis,12/08/18,None,None
473060,690000.0,,-19.8871508,-43.90575490000003,3,2,1,,352.38,0.0,leste,Santa Inês,12/08/18,None,None
164924,865000.0,,-19.947287,-43.938688000000006,4,3,1,,302.26,540.0,centro-sul,Santo Antônio,12/08/18,None,None
49432,240000.0,,-19.9681351,-43.98415060000002,1,0,1,,0.0,0.0,oeste,Palmeiras,12/08/18,None,None
339464,412000.0,,-19.879260600000002,-44.00114289999999,3,1,1,,0.0,0.0,pampulha,Castelo,12/08/18,None,None
132803,750000.0,,-19.9019215,-43.97680159999999,3,3,1,,0.0,0.0,noroeste,Caiçaras,12/08/18,None,None
298688,1280000.0,,-19.859770899999997,-43.95622980000002,0,5,4,,0.0,0.0,pampulha,Liberdade,12/08/18,None,None
15004,280000.0,,-19.8247817,-43.95480429999998,2,1,0,,56.0,320.0,pampulha,Pampulha,12/08/18,None,None
52525,620000.0,,-19.9488815,-43.94673890000002,4,2,1,,180.0,500.0,centro-sul,Santo Antônio,12/08/18,None,None
22245,260000.0,,-19.9185878,-43.9427475,2,1,0,,40.0,180.0,pampulha,Manacás,12/08/18,None,None
134088,269000.0,,-19.909354800000003,-43.97881719999998,3,2,1,,52.65,170.0,noroeste,Monsenhor Messias,12/08/18,None,None
25465,399000.0,,-19.9266782,-43.9464046,3,2,1,,95.0,622.0,centro-sul,Centro,12/08/18,None,None
21622,567000.0,,-19.911398251283934,-43.92506449895018,3,2,1,,130.0,480.0,leste,Sagrada Família,12/08/18,None,None
1693621,600000.0,,-19.9098419,-43.97737749999999,3,3,2,,118.57,380.0,noroeste,Monsenhor Messias,12/08/18,None,None
18375,795000.0,,-19.9580759,-43.937703000000006,3,2,1,,162.87,927.0,centro-sul,Sion,12/08/18,None,None
35282,799000.0,,-19.9800494,-43.96838220000001,5,4,2,,231.49,700.0,oeste,Buritis,12/08/18,None,None
21782,1100000.0,,-19.9468229,-43.95787870000004,4,3,2,,6800.0,2000.0,centro-sul,Luxemburgo,12/08/18,None,None
18952,2250000.0,,-19.954300600000003,-43.92761010000004,4,4,2,,473.18,1750.0,centro-sul,Anchieta,12/08/18,None,None
353776,750000.0,,-19.8856358,-43.925613500000004,4,3,1,,185.95,510.0,leste,Cidade Nova,12/08/18,None,None
1672408,1250000.0,,-19.8846,-43.92458399999998,4,1,1,,379.22,800.0,leste,Cidade Nova,12/08/18,None,None
2876903,95000.0,,-19.9101366,-43.88733990000003,2,1,0,,0.0,0.0,leste,Vera Cruz,12/08/18,None,None
2397571,105000.0,,-19.7936332,-43.95437490000001,2,0,0,,0.0,0.0,venda-nova,Serra Verde (venda Nova),12/08/18,None,None
358462,135000.0,,-19.8623826,-43.891984500000035,2,1,0,,0.0,180.0,nordeste,Vitória,12/08/18,None,None
3245365,140000.0,,-19.9427302,-44.01520900000003,2,1,0,,0.0,150.0,noroeste,Camargos,12/08/18,None,None
3257984,145000.0,,-19.885478699999997,-44.01247899999999,1,1,0,,56.16,170.0,pampulha,Serrano,12/08/18,None,None
3258356,160000.0,,-19.8250644,-43.95839190000004,3,1,0,,0.0,60.5,venda-nova,São João Batista,12/08/18,None,None
52649,170000.0,,-19.8197711,-43.94436530000002,2,1,0,,0.0,150.0,norte,Juliana,12/08/18,None,None
138007,170000.0,,-19.8699512,-43.931853400000016,1,1,1,,0.0,400.0,nordeste,Palmares,12/08/18,None,None
1836079,170000.0,,-19.931383800000003,-43.99972229999997,2,1,0,,31.19,170.0,noroeste,João Pinheiro,12/08/18,None,None
365947,175000.0,,-19.9870096,-44.0321596,2,1,0,,65.97,170.0,barreiro,Diamante(barreiro),12/08/18,None,None
23123,180000.0,,-19.9574265,-43.970335799999994,2,1,0,,27.0,120.0,oeste,Havaí,12/08/18,None,None
43223,180000.0,,-19.8429443,-43.98303920000001,2,0,0,,0.0,0.0,pampulha,Santa Amélia,12/08/18,None,None
162885,180000.0,,-19.918378699999998,-43.9664765,2,1,0,,0.0,175.0,oeste,Prado,12/08/18,None,None
1280212,187000.0,,-19.790937,-43.98984789999997,2,1,0,,0.01,0.0,venda-nova,Mantiqueira,12/08/18,None,None
1831732,190000.0,,-19.960568,-43.99295269999999,3,1,0,,63.38,0.0,oeste,Betânia,12/08/18,None,None
388150,195000.0,,-19.9931704,-44.01821719999998,2,1,0,,292.5,0.0,barreiro,Santa Cruz (barreiro),12/08/18,None,None
3249001,199000.0,,-19.821067000000003,-43.99846300000002,2,1,0,,0.0,0.0,pampulha,Céu Azul,12/08/18,None,None
339167,214000.0,,-19.830024800000004,-43.94325709999998,2,1,0,,67.0,0.0,norte,Planalto,12/08/18,None,None
339135,220000.0,,-19.830024800000004,-43.94325709999998,2,1,0,,77.0,0.0,norte,Planalto,12/08/18,None,None
339084,223000.0,,-19.830024800000004,-43.94325709999998,2,1,0,,65.0,0.0,norte,Planalto,12/08/18,None,None
339097,227000.0,,-19.830024800000004,-43.94325709999998,2,1,0,,65.0,0.0,norte,Planalto,12/08/18,None,None
339121,227000.0,,-19.830024800000004,-43.94325709999998,2,1,0,,65.0,0.0,norte,Planalto,12/08/18,None,None
339182,227000.0,,-19.830024800000004,-43.94325709999998,2,1,0,,65.0,0.0,norte,Planalto,12/08/18,None,None
135117,230000.0,,-19.9834433,-44.0038495,3,1,0,,0.0,0.0,barreiro,Milionários,12/08/18,None,None
3257634,230000.0,,-19.841410800000002,-43.9211833,3,1,0,,0.0,230.0,norte,Guarani,12/08/18,None,None
339115,231000.0,,-19.830024800000004,-43.94325709999998,2,1,0,,65.0,0.0,norte,Planalto,12/08/18,None,None
339180,231000.0,,-19.830024800000004,-43.94325709999998,2,1,0,,65.0,0.0,norte,Planalto,12/08/18,None,None
339181,231000.0,,-19.830024800000004,-43.94325709999998,2,1,0,,65.0,0.0,norte,Planalto,12/08/18,None,None
136004,240000.0,,-19.9637814,-43.98956229999999,3,1,0,,63.0,280.0,oeste,Palmeiras,12/08/18,None,None
141619,260000.0,,-19.8684033,-43.917513499999984,2,1,0,,60.0,180.0,nordeste,Fernão Dias,12/08/18,None,None
141655,260000.0,,-19.8684033,-43.917513499999984,2,1,0,,60.0,180.0,nordeste,São Paulo,12/08/18,None,None
55226,265000.0,,-19.9243753,-43.935064099999984,2,1,0,,66.0,330.0,centro-sul,Centro,12/08/18,None,None
1468922,265000.0,,-19.885259,-43.995525999999984,3,2,1,,0.0,219.0,pampulha,Castelo,12/08/18,None,None
33709,269000.0,,-19.815588899999998,-43.96918719999997,3,2,1,,0.0,0.0,venda-nova,Candelária,12/08/18,None,None
25110,280000.0,,-19.938225,-43.97343000000001,3,2,0,,45.33,200.0,oeste,Jardim América,12/08/18,None,None
36551,290000.0,,-19.9175525,-43.9832692,2,2,1,,0.0,140.0,noroeste,Padre Eustáquio,12/08/18,None,None
36973,290000.0,,-19.9272457,-43.94704910000002,1,1,0,,0.0,1600.0,centro-sul,Lourdes,12/08/18,None,None
12482,300000.0,,-19.913621399999997,-43.92861219999998,2,1,0,,0.0,250.0,leste,Floresta,12/08/18,None,None
154041,300000.0,,-19.9409565,-43.9390775,1,1,1,,312.0,800.0,centro-sul,Savassi,12/08/18,None,None
248467,300000.0,,-19.9929668,-44.0021367,3,1,1,,0.0,0.0,barreiro,Flávio Marques Lisboa,12/08/18,None,None
248464,302000.0,,-19.9929668,-44.0021367,3,1,1,,0.0,0.0,barreiro,Flávio Marques Lisboa,12/08/18,None,None
124098,310000.0,,-19.8741952,-44.0096135,3,1,1,,80.0,200.0,pampulha,Santa Terezinha,12/08/18,None,None
22258,320000.0,,-19.8925407,-43.966232100000006,3,2,1,,66.28,470.0,noroeste,Caiçaras,12/08/18,None,None
143066,320000.0,,-19.885928,-43.909785899999974,2,1,1,,63.0,300.0,leste,Santa Inês,12/08/18,None,None
339711,320000.0,,-19.888003899999998,-43.91267340000002,2,1,1,,63.0,300.0,leste,Santa Inês,12/08/18,None,None
339916,320000.0,,-19.8117221,-43.969813499999994,3,1,1,,0.0,0.0,venda-nova,Candelária,12/08/18,None,None
3252234,325000.0,,-19.892868300000004,-43.9992125,2,1,1,,1.01,0.01,pampulha,Manacás,12/08/18,None,None
3251145,330000.0,,-19.951496,-43.92570030000002,3,2,0,,140.0,240.0,centro-sul,Anchieta,12/08/18,None,None
433363,340000.0,,-19.942369699999997,-43.981318699999974,3,2,1,,0.0,0.0,oeste,Salgado Filho,12/08/18,None,None
431561,345000.0,,-19.942369699999997,-43.981318699999974,3,2,1,,0.0,0.0,oeste,Salgado Filho,12/08/18,None,None
431819,345000.0,,-19.942369699999997,-43.981318699999974,3,2,1,,0.0,0.0,oeste,Salgado Filho,12/08/18,None,None
433619,345000.0,,-19.942369699999997,-43.981318699999974,3,2,1,,0.0,0.0,oeste,Salgado Filho,12/08/18,None,None
431816,350000.0,,-19.942369699999997,-43.981318699999974,3,2,1,,0.0,0.0,oeste,Salgado Filho,12/08/18,None,None
431818,350000.0,,-19.942369699999997,-43.981318699999974,3,2,1,,0.0,0.0,oeste,Salgado Filho,12/08/18,None,None
432077,350000.0,,-19.942369699999997,-43.981318699999974,3,2,1,,0.0,0.0,oeste,Salgado Filho,12/08/18,None,None
433618,350000.0,,-19.942369699999997,-43.981318699999974,3,2,1,,0.0,0.0,oeste,Salgado Filho,12/08/18,None,None
433875,350000.0,,-19.942369699999997,-43.981318699999974,3,2,1,,0.0,0.0,oeste,Salgado Filho,12/08/18,None,None
432075,355000.0,,-19.942369699999997,-43.981318699999974,3,2,1,,0.0,0.0,oeste,Salgado Filho,12/08/18,None,None
432076,355000.0,,-19.942369699999997,-43.981318699999974,3,2,1,,0.0,0.0,oeste,Salgado Filho,12/08/18,None,None
432082,355000.0,,-19.942369699999997,-43.981318699999974,3,2,1,,0.0,0.0,oeste,Salgado Filho,12/08/18,None,None
433873,355000.0,,-19.942369699999997,-43.981318699999974,3,2,1,,0.0,0.0,oeste,Salgado Filho,12/08/18,None,None
433879,355000.0,,-19.942369699999997,-43.981318699999974,3,2,1,,0.0,0.0,oeste,Salgado Filho,12/08/18,None,None
156920,360000.0,,-19.883643399999997,-43.91930279999997,3,2,1,,111.05,300.0,nordeste,União,12/08/18,None,None
431562,360000.0,,-19.942369699999997,-43.981318699999974,3,2,1,,0.0,0.0,oeste,Salgado Filho,12/08/18,None,None
432080,360000.0,,-19.942369699999997,-43.981318699999974,3,2,1,,0.0,0.0,oeste,Salgado Filho,12/08/18,None,None
432081,360000.0,,-19.942369699999997,-43.981318699999974,3,2,1,,0.0,0.0,oeste,Salgado Filho,12/08/18,None,None
433877,360000.0,,-19.942369699999997,-43.981318699999974,3,2,1,,0.0,0.0,oeste,Salgado Filho,12/08/18,None,None
3237420,360000.0,,-19.9021932,-43.92364429999998,2,1,1,,0.0,0.0,leste,Sagrada Família,12/08/18,None,None
431821,365000.0,,-19.942369699999997,-43.981318699999974,3,2,1,,0.0,0.0,oeste,Salgado Filho,12/08/18,None,None
432336,365000.0,,-19.942369699999997,-43.981318699999974,3,2,1,,0.0,0.0,oeste,Salgado Filho,12/08/18,None,None
433616,365000.0,,-19.942369699999997,-43.981318699999974,3,2,1,,0.0,0.0,oeste,Salgado Filho,12/08/18,None,None
434133,365000.0,,-19.942369699999997,-43.981318699999974,3,2,1,,0.0,0.0,oeste,Salgado Filho,12/08/18,None,None
3237530,365000.0,,-19.9021932,-43.92364429999998,2,1,1,,0.0,0.0,leste,Sagrada Família,12/08/18,None,None
3251385,368800.0,,-19.928037300000003,-43.98009819999999,2,2,1,,0.0,0.0,oeste,Nova Suíssa,12/08/18,None,None
12485,370000.0,,-19.8831299,-44.00563390000002,3,1,1,,0.0,0.0,pampulha,Castelo,12/08/18,None,None
432079,370000.0,,-19.942369699999997,-43.981318699999974,3,2,1,,0.0,0.0,oeste,Salgado Filho,12/08/18,None,None
433620,370000.0,,-19.942369699999997,-43.981318699999974,3,2,1,,0.0,0.0,oeste,Salgado Filho,12/08/18,None,None
3237532,370000.0,,-19.9021932,-43.92364429999998,2,1,1,,0.0,0.0,leste,Sagrada Família,12/08/18,None,None
3237539,370000.0,,-19.9021932,-43.92364429999998,2,1,1,,0.0,0.0,leste,Sagrada Família,12/08/18,None,None
41768,375000.0,,-19.950837,-43.958060999999994,3,2,1,,110.0,200.0,centro-sul,Luxemburgo,12/08/18,None,None
432335,375000.0,,-19.942369699999997,-43.981318699999974,3,2,1,,0.0,0.0,oeste,Salgado Filho,12/08/18,None,None
433876,375000.0,,-19.942369699999997,-43.981318699999974,3,2,1,,0.0,0.0,oeste,Salgado Filho,12/08/18,None,None
169750,380000.0,,-19.896708,-43.9496135,3,1,1,,93.78,480.0,noroeste,São Cristóvão,12/08/18,None,None
433617,380000.0,,-19.942369699999997,-43.981318699999974,3,2,1,,0.0,0.0,oeste,Salgado Filho,12/08/18,None,None
433880,380000.0,,-19.942369699999997,-43.981318699999974,3,2,1,,0.0,0.0,oeste,Salgado Filho,12/08/18,None,None
433874,385000.0,,-19.942369699999997,-43.981318699999974,3,2,1,,0.0,0.0,oeste,Salgado Filho,12/08/18,None,None
346443,390000.0,,-19.9222804,-43.94816839999999,3,1,1,,89.0,700.0,centro-sul,Barro Preto,12/08/18,None,None
433878,390000.0,,-19.942369699999997,-43.981318699999974,3,2,1,,0.0,0.0,oeste,Salgado Filho,12/08/18,None,None
434134,395000.0,,-19.942369699999997,-43.981318699999974,3,2,1,,0.0,0.0,oeste,Salgado Filho,12/08/18,None,None
18765,400000.0,,-19.8448124,-43.93839029999998,4,0,1,,59.0,230.0,norte,Heliópolis,12/08/18,None,None
146549,400000.0,,-19.9330513,-43.92076409999999,3,3,1,,104.0,300.0,centro-sul,Serra,12/08/18,None,None
1924525,400000.0,,-19.9422802,-43.94684380000001,2,2,1,,0.0,0.0,centro-sul,Santo Antônio,12/08/18,None,None
1924969,400000.0,,-19.9422802,-43.94684380000001,2,2,1,,0.0,0.0,centro-sul,Santo Antônio,12/08/18,None,None
3237406,406000.0,,-19.9021932,-43.92364429999998,2,1,1,,0.0,0.0,leste,Sagrada Família,12/08/18,None,None
140273,410000.0,,-19.8255682,-43.94105780000001,3,1,1,,0.0,0.0,norte,Jardim Guanabara,12/08/18,None,None
3251371,418800.0,,-19.928037300000003,-43.98009819999999,2,2,1,,0.0,0.0,oeste,Nova Suíssa,12/08/18,None,None
351301,420000.0,,-19.904669000000002,-43.90473259999999,3,1,1,,138.31,250.0,leste,Esplanada,12/08/18,None,None
3237411,420000.0,,-19.9021932,-43.92364429999998,2,1,1,,0.0,0.0,leste,Sagrada Família,12/08/18,None,None
1928486,424000.0,,-19.9422802,-43.94684380000001,2,2,1,,0.0,0.0,centro-sul,Santo Antônio,12/08/18,None,None
1928934,424000.0,,-19.9422802,-43.94684380000001,2,2,1,,0.0,0.0,centro-sul,Santo Antônio,12/08/18,None,None
14011,430000.0,,-19.9696408,-43.9680027,3,3,1,,133.51,230.0,oeste,Buritis,12/08/18,None,None
351303,430000.0,,-19.904669000000002,-43.90473259999999,3,1,1,,140.26,250.0,leste,Esplanada,12/08/18,None,None
431050,439000.0,,-19.942369699999997,-43.981318699999974,3,2,1,,0.0,0.0,oeste,Salgado Filho,12/08/18,None,None
1924524,460000.0,,-19.9422802,-43.94684380000001,2,2,1,,0.0,0.0,centro-sul,Santo Antônio,12/08/18,None,None
175081,470000.0,,-19.9449596,-43.9516233,3,2,1,,157.74,700.0,centro-sul,Luxemburgo,12/08/18,None,None
172935,475000.0,,-19.9026918,-43.92117189999999,3,2,1,,134.0,360.0,leste,Sagrada Família,12/08/18,None,None
365604,480000.0,,-19.8683069,-43.9891414,4,3,1,,100.0,200.0,pampulha,Ouro Preto,12/08/18,None,None
432853,480000.0,,-19.942369699999997,-43.981318699999974,3,2,1,,0.0,0.0,oeste,Salgado Filho,12/08/18,None,None
351732,486657.78,,-19.9360744,-43.9677122,2,2,1,,533.25,0.0,oeste,Barroca,12/08/18,None,None
431305,487000.0,,-19.942369699999997,-43.981318699999974,3,2,1,,0.0,0.0,oeste,Salgado Filho,12/08/18,None,None
432600,487000.0,,-19.942369699999997,-43.981318699999974,3,2,1,,0.0,0.0,oeste,Salgado Filho,12/08/18,None,None
31232,495000.0,,-19.9304669,-43.96152169999999,3,3,1,,77.48,222.0,oeste,Gutierrez,12/08/18,None,None
13537,500000.0,,-19.9286104,-43.93579890000001,1,1,0,,0.0,0.0,centro-sul,Funcionários,12/08/18,None,None
37976,500000.0,,-19.939742000000003,-43.93190440000001,1,1,1,,0.0,0.0,centro-sul,Funcionários,12/08/18,None,None
163852,500000.0,,-19.883226,-44.00298599999997,3,2,1,,0.0,0.0,pampulha,Castelo,12/08/18,None,None
365444,518000.0,,-19.943717000000003,-43.98593,3,1,1,,0.0,0.0,oeste,Salgado Filho,12/08/18,None,None
163855,520000.0,,-19.883226,-44.00298599999997,3,2,1,,0.0,0.0,pampulha,Castelo,12/08/18,None,None
32000,535000.0,,-19.8863831,-44.00457299999999,3,2,1,,0.0,300.0,pampulha,Manacás,12/08/18,None,None
3251395,538800.0,,-19.9280721,-43.979994000000026,2,2,1,,0.0,0.0,oeste,Nova Suíssa,12/08/18,None,None
3241718,540000.0,,-19.9464284,-43.93295009999997,2,1,2,,200.0,450.0,centro-sul,Carmo,12/08/18,None,None
3241701,550000.0,,-19.9464284,-43.93295009999997,2,1,2,,200.0,450.0,centro-sul,Carmo,12/08/18,None,None
3241702,550000.0,,-19.9464284,-43.93295009999997,2,1,2,,200.0,450.0,centro-sul,Carmo,12/08/18,None,None
431560,570000.0,,-19.942369699999997,-43.981318699999974,3,2,1,,0.0,0.0,oeste,Salgado Filho,12/08/18,None,None
432855,570000.0,,-19.942369699999997,-43.981318699999974,3,2,1,,0.0,0.0,oeste,Salgado Filho,12/08/18,None,None
431306,580000.0,,-19.942369699999997,-43.981318699999974,3,2,1,,0.0,0.0,oeste,Salgado Filho,12/08/18,None,None
3240229,580000.0,,-19.934404,-43.96177890000001,3,4,1,,0.0,0.0,oeste,Gutierrez,12/08/18,None,None
16599,590000.0,,-19.9488314,-43.93683980000003,3,3,1,,0.0,0.0,centro-sul,São Pedro,12/08/18,None,None
433361,590000.0,,-19.942369699999997,-43.981318699999974,3,2,1,,0.0,0.0,oeste,Salgado Filho,12/08/18,None,None
54549,610000.0,,-19.9862,-44.0317723,3,3,1,,0.0,0.0,barreiro,Diamante,12/08/18,None,None
191151,650000.0,,-19.9283183,-43.9320674,2,2,2,,600.0,220.0,centro-sul,Lourdes,12/08/18,None,None
145077,680000.0,,-19.931866199999998,-43.93381309999995,3,2,1,,0.0,260.0,centro-sul,Savassi,12/08/18,None,None
19900,690000.0,,-19.9074506,-43.89985490000004,4,4,1,,124.16,120.0,leste,Esplanada,12/08/18,None,None
3240218,730000.0,,-19.934404,-43.96177890000001,3,4,1,,0.0,0.0,oeste,Gutierrez,12/08/18,None,None
3254558,749630.0,,-19.862328899999998,-43.94526150000002,3,0,0,,0.0,0.0,pampulha,Santa Rosa,12/08/18,None,None
16087,750000.0,,-19.950238,-43.9555259,3,2,1,,165.0,650.0,centro-sul,Luxemburgo,12/08/18,None,None
3241729,750000.0,,-19.9464284,-43.93295009999997,2,1,2,,200.0,450.0,centro-sul,Carmo,12/08/18,None,None
41197,840000.0,,-19.9728915,-43.970121999999996,4,2,1,,0.0,0.0,oeste,Buritis,12/08/18,None,None
3240234,920000.0,,-19.934404,-43.96177890000001,4,5,2,,0.0,0.0,oeste,Gutierrez,12/08/18,None,None
356302,1220000.0,,-19.9261047,-43.9591661,4,4,2,,0.0,0.0,oeste,Prado,12/08/18,None,None
52286,1249000.0,,-19.9191523,-43.94129959999998,2,3,2,,1250.0,0.0,centro-sul,Lourdes,12/08/18,None,None
8392,1250000.0,,-19.926492,-43.99185219999998,4,3,1,,370.37,280.0,noroeste,Coração Eucarístico,12/08/18,None,None
356303,1270000.0,,-19.9261047,-43.9591661,4,4,2,,0.0,0.0,oeste,Prado,12/08/18,None,None
356307,1415000.0,,-19.9250241,-43.96299199999999,4,4,2,,0.0,0.0,oeste,Prado,12/08/18,None,None
30915,1598000.0,,-19.9290141,-43.96731080000001,4,5,4,,0.0,0.0,oeste,Prado,12/08/18,None,None
335708,1800000.0,,-19.9525255,-43.951075599999974,4,4,2,,0.0,1800.0,centro-sul,Vila Paris,12/08/18,None,None
31568,2017349.02,,-19.955507,-43.93339300000002,4,4,2,,0.0,0.0,centro-sul,Sion,12/08/18,None,None
31546,2026934.23,,-19.955507,-43.93339300000002,4,4,2,,0.0,0.0,centro-sul,Sion,12/08/18,None,None
31563,2049663.77,,-19.955507,-43.93339300000002,4,4,2,,0.0,0.0,centro-sul,Sion,12/08/18,None,None
31548,2051021.51,,-19.955507,-43.93339300000002,4,4,2,,0.0,0.0,centro-sul,Sion,12/08/18,None,None
31550,2125103.89,,-19.955507,-43.93339300000002,4,4,2,,0.0,0.0,centro-sul,Sion,12/08/18,None,None
131583,2129259.2,,-19.938380600000002,-43.9245828,4,4,2,,0.0,0.0,centro-sul,Serra,12/08/18,None,None
31555,2258980.25,,-19.955507,-43.93339300000002,4,2,2,,0.0,0.0,centro-sul,Sion,12/08/18,None,None
333693,4428765.8,,-19.936984699999996,-43.93408599999998,4,4,4,,0.0,0.0,centro-sul,Funcionários,12/08/18,None,None
20393,579000.0,,-19.9098199,-43.92623930000002,3,2,1,,170.0,690.0,leste,Sagrada Família,12/08/18,None,None
20394,590000.0,,-19.9098199,-43.92623930000002,3,2,1,,170.0,690.0,leste,Sagrada Família,12/08/18,None,None
20405,595000.0,,-19.9098199,-43.92623930000002,3,2,1,,170.0,690.0,leste,Sagrada Família,12/08/18,None,None
20407,595000.0,,-19.9098199,-43.92623930000002,3,2,1,,170.0,690.0,leste,Sagrada Família,12/08/18,None,None
132653,580000.0,,-19.9019215,-43.97680159999999,3,2,1,,0.0,0.0,noroeste,Caiçaras,12/08/18,None,None
132663,650000.0,,-19.9019215,-43.97680159999999,3,2,1,,0.0,0.0,noroeste,Caiçaras,12/08/18,None,None
132679,650000.0,,-19.9019215,-43.97680159999999,3,2,1,,0.0,0.0,noroeste,Caiçaras,12/08/18,None,None
24757,280000.0,,-19.942615,-43.97643500000004,2,1,0,,60.36,200.0,oeste,Jardim América,12/08/18,None,None
29309,420000.0,,-19.949937,-43.97006759999999,3,1,1,,133.0,426.06,oeste,Jardim América,12/08/18,None,None
3211988,750000.0,,-19.9288809,-43.96334279999997,2,2,2,,188.16,400.0,oeste,Prado,12/08/18,None,None
2887107,5000000.0,,-19.9741085,-43.93775629999999,4,5,4,,2300.0,8000.0,centro-sul,Belvedere,12/08/18,None,None
10313,1100000.0,,-19.948716,-43.94313399999999,4,3,1,,0.0,900.0,centro-sul,Santo Antônio,12/08/18,None,None
3249385,450000.0,,-19.975718,-44.01959349999999,3,1,1,,1100.0,170.0,barreiro,Barreiro,12/08/18,None,None
169892,230000.0,,-19.879658399999997,-43.99109220000002,2,1,1,,66.32,365.0,pampulha,Paquetá,12/08/18,None,None
28079,245000.0,,-19.9167827,-43.9838911,2,1,0,,32.0,170.0,noroeste,Padre Eustáquio,12/08/18,None,None
25446,420000.0,,-19.919997199999997,-43.945404,3,1,0,,127.0,510.0,centro-sul,Centro,12/08/18,None,None
2181231,429000.0,,-16.6960171,-49.09016930000002,3,3,1,,113.0,568.0,centro-sul,Centro,12/08/18,None,None
356983,590000.0,,-19.9370162,-43.96709049999998,4,3,1,,158.33,300.0,oeste,Grajaú,12/08/18,None,None
3236186,900000.0,,-19.9310933,-43.932339299999974,3,3,1,,0.0,980.0,centro-sul,Savassi,12/08/18,None,None
1115360,310000.0,,-19.888650100000003,-44.00098969999999,3,2,1,,45.0,150.0,pampulha,Manacás,12/08/18,None,None
139317,220000.0,,-19.8263452,-43.96522670000002,2,1,0,,24.37,50.0,venda-nova,São João Batista,12/08/18,None,None
356229,276000.0,,-19.931765300000002,-43.99590389999997,3,3,1,,65.47,200.0,noroeste,João Pinheiro,12/08/18,None,None
366636,850000.0,,-19.9797586,-44.015513199999994,3,2,1,,0.0,450.0,barreiro,Barreiro de Baixo,12/08/18,None,None
3236523,120000.0,,-19.9845585,-44.044717299999995,2,1,0,,0.0,270.0,barreiro,Tirol (barreiro),12/08/18,None,None
3255486,165000.0,,-19.817595899999997,-43.94470760000002,2,1,0,,0.0,110.0,norte,Juliana,12/08/18,None,None
14905,270000.0,,-19.944662,-43.96822929999996,2,2,1,,66.0,150.0,oeste,Nova Granada,12/08/18,None,None
46397,290000.0,,-19.8943634,-43.99915229999999,2,1,0,,65.0,120.0,pampulha,Manacás,12/08/18,None,None
46404,300000.0,,-19.8943634,-43.99915229999999,2,1,0,,65.0,120.0,pampulha,Manacás,12/08/18,None,None
3247384,630000.0,,-19.9474231,-43.94314980000002,3,1,1,,142.0,664.42,centro-sul,Santo Antônio,12/08/18,None,None
1533154,1100000.0,,-19.971428500000002,-43.96835670000002,4,4,3,,533.0,1288.0,oeste,Buritis,12/08/18,None,None
3251761,1715730.0,,-19.926088800000002,-43.9379836,3,2,1,,0.01,0.01,centro-sul,Centro,12/08/18,None,None
203462,350000.0,,-19.937839899999997,-43.95763460000001,3,1,0,,0.0,300.0,oeste,Gutierrez,12/08/18,None,None
37737,249000.0,,-19.800584699999998,-43.97386010000002,2,1,0,,0.0,0.0,venda-nova,Letícia,12/08/18,None,None
37738,249000.0,,-19.800584699999998,-43.97386010000002,2,1,0,,0.0,0.0,venda-nova,Letícia,12/08/18,None,None
132725,510000.0,,-19.9019215,-43.97680159999999,3,2,1,,0.0,0.0,noroeste,Caiçaras,12/08/18,None,None
16476,220000.0,,-19.813927,-43.9534966,2,1,0,,55.0,165.0,venda-nova,Venda Nova,12/08/18,None,None
26628,249000.0,,-19.959279000000002,-43.966781999999974,3,1,0,,50.18,320.0,oeste,Estoril,12/08/18,None,None
145429,260000.0,,-19.9384542,-43.97920269999997,2,1,0,,40.17,280.0,oeste,Salgado Filho,12/08/18,None,None
13221,295000.0,,-19.8740038,-44.00693899999999,3,2,1,,64.92,150.0,pampulha,Itatiaia,12/08/18,None,None
38384,324000.0,,-19.92396,-43.950282000000016,2,2,1,,150.0,700.0,centro-sul,Lourdes,12/08/18,None,None
1943455,350000.0,,-19.893075500000002,-44.00286690000002,3,1,1,,99.0,250.0,pampulha,Castelo,12/08/18,None,None
25037,490000.0,,-19.9665818,-43.96665919999998,3,3,1,,149.0,490.0,oeste,Buritis,12/08/18,None,None
15446,530000.0,,-19.9245764,-43.93863740000001,3,1,0,,95.35,380.0,centro-sul,Centro,12/08/18,None,None
26371,800000.0,,-19.843210199999998,-43.959681199999984,4,3,3,,175.7,450.0,pampulha,Itapoã,12/08/18,None,None
49599,2600000.0,,-19.936854,-43.954358000000006,4,4,2,,600.0,1800.0,oeste,Gutierrez,12/08/18,None,None
193780,348000.0,,-19.8809125,-44.00402109999999,3,1,1,,0.0,100.0,pampulha,Paquetá,12/08/18,None,None
58913,510000.0,,-19.8995807,-43.96744309999997,2,2,1,,0.0,0.0,noroeste,Caiçaras,12/08/18,None,None
186163,120000.0,,-19.8129985,-43.97650720000002,2,1,0,,0.0,190.0,venda-nova,Candelária,12/08/18,None,None
41090,200000.0,,-19.916230300000002,-43.94509119999998,1,0,1,,0.0,350.0,centro-sul,Centro,12/08/18,None,None
6316,280000.0,,-19.8368946,-43.9431596,3,2,1,,0.0,0.0,norte,Planalto,12/08/18,None,None
163076,370000.0,,-19.8798408,-43.991803999999995,3,1,1,,0.01,250.0,pampulha,Paquetá,12/08/18,None,None
19681,420000.0,,-19.9359135,-43.96459249999998,3,2,1,,61.4,400.0,oeste,Grajaú,12/08/18,None,None
17994,550000.0,,-19.8609706,-43.97025059999999,3,3,1,,59.0,300.0,pampulha,São Luiz (pampulha),12/08/18,None,None
33045,810000.0,,-19.9359782,-43.95940359999997,3,2,1,,0.0,170.0,oeste,Gutierrez,12/08/18,None,None
24921,925000.0,,-19.9686794,-43.96807260000003,4,4,1,,3600.0,800.0,oeste,Estoril,12/08/18,None,None
114816,5000000.0,,-19.9647866,-43.9424308,4,5,4,,1600.0,3800.0,centro-sul,Santa Lúcia,12/08/18,None,None
11620,500000.0,,-19.883166600000003,-43.91755219999999,3,3,1,,0.0,0.0,nordeste,União,12/08/18,None,None
371930,769000.0,,-19.9283789,-43.91796269999998,0,2,1,,0.0,0.0,leste,São Lucas,12/08/18,None,None
157467,320000.0,,-19.8901012,-43.99648879999995,2,2,0,,115.0,152.0,pampulha,Castelo,12/08/18,None,None
7555,545000.0,,-19.978994699999998,-43.96989450000001,3,3,1,,163.63,370.0,oeste,Buritis,12/08/18,None,None
41052,145000.0,,-19.844006600000004,-43.87889580000001,2,1,0,,50.0,100.0,nordeste,Jardim Vitória,12/08/18,None,None
39751,595000.0,,-19.883770600000002,-43.91810520000002,3,2,1,,0.0,0.0,nordeste,União,12/08/18,None,None
19984,240000.0,,-19.9412799,-43.912697500000036,3,1,0,,100.0,220.0,centro-sul,Serra,12/08/18,None,None
364738,260000.0,,-19.9181581,-43.990637299999996,2,1,0,,73.46,200.0,noroeste,Minas Brasil,12/08/18,None,None
361216,470000.0,,-19.9784164,-43.97415460000002,4,3,1,,102.0,506.0,oeste,Buritis,12/08/18,None,None
14901,530000.0,,-19.83737,-43.96335599999998,3,1,1,,1651.5,400.0,pampulha,Itapoã,12/08/18,None,None
139304,220000.0,,-19.8264454,-43.96518409999999,2,1,0,,24.37,50.0,venda-nova,São João Batista,12/08/18,None,None
139311,220000.0,,-19.8264454,-43.96518409999999,2,1,0,,24.37,50.0,venda-nova,São João Batista,12/08/18,None,None
11535,350000.0,,-19.916576100000004,-43.93467989999999,3,1,1,,120.0,150.0,pampulha,Manacás,12/08/18,None,None
11541,367000.0,,-19.916576100000004,-43.93467989999999,3,1,1,,120.0,150.0,pampulha,Manacás,12/08/18,None,None
11544,375000.0,,-19.916576100000004,-43.93467989999999,3,1,1,,120.0,150.0,pampulha,Manacás,12/08/18,None,None
348668,695000.0,,-19.9720748,-43.965821300000016,3,3,1,,138.03,650.0,oeste,Estoril,12/08/18,None,None
24858,950000.0,,-19.93345,-43.94835699999999,4,1,1,,374.07,950.0,centro-sul,Santo Agostinho,12/08/18,None,None
12092,998000.0,,-19.931792,-43.956639300000006,4,3,2,,368.77,950.0,oeste,Gutierrez,12/08/18,None,None
165940,185000.0,,-19.9322586,-43.97638540000003,2,1,0,,0.0,280.0,oeste,Nova Suíssa,12/08/18,None,None
20972,295000.0,,-19.910684399999997,-43.926966100000016,2,2,1,,80.61,183.0,oeste,Buritis,12/08/18,None,None
6493,348000.0,,-19.918515,-43.98478399999999,2,2,1,,63.63,200.0,noroeste,Padre Eustáquio,12/08/18,None,None
14333,580000.0,,-19.922065399999997,-43.98784480000001,3,3,1,,123.99,250.0,noroeste,Minas Brasil,12/08/18,None,None
143585,1160000.0,,-19.8852936,-43.99131190000003,4,2,1,,135.0,850.0,pampulha,Paquetá,12/08/18,None,None
374105,799000.0,,-19.9283789,-43.91796269999998,3,2,1,,0.0,0.0,leste,São Lucas,12/08/18,None,None
24222,200000.0,,-19.9575799,-43.97587299999998,3,1,0,,52.23,190.0,oeste,Havaí,12/08/18,None,None
65071,200000.0,,-19.9850352,-44.004486199999974,3,1,0,,0.0,115.0,barreiro,Milionários,12/08/18,None,None
139284,220000.0,,-19.8263452,-43.96522670000002,2,1,0,,24.37,50.0,venda-nova,São João Batista,12/08/18,None,None
358544,225000.0,,-19.896906,-44.01391000000001,2,1,0,,0.0,0.0,noroeste,Glória,12/08/18,None,None
1992448,240000.0,,-19.9116358,-43.93723879999999,2,1,0,,73.0,175.0,leste,Floresta,12/08/18,None,None
19052,250000.0,,-19.9704978,-43.99743569999998,3,1,0,,65.3,200.0,oeste,Betânia,12/08/18,None,None
3249301,290000.0,,-19.9450382,-43.97953100000001,2,2,0,,67.0,223.0,oeste,Salgado Filho,12/08/18,None,None
23127,489000.0,,-19.9182789,-43.98556859999997,2,3,1,,107.05,300.0,noroeste,Padre Eustáquio,12/08/18,None,None
9170,530000.0,,-19.904269199999998,-43.96897519999999,3,3,1,,99.0,350.0,noroeste,Caiçaras,12/08/18,None,None
1057734,540000.0,,-19.9458994,-43.94907109999997,2,3,2,,0.0,0.0,centro-sul,Santo Antônio,12/08/18,None,None
1057735,540000.0,,-19.9458994,-43.94907109999997,2,3,2,,0.0,0.0,centro-sul,Santo Antônio,12/08/18,None,None
29834,690000.0,,-19.9677973,-43.96747840000001,4,3,1,,200.0,900.0,oeste,Buritis,12/08/18,None,None
23060,720000.0,,-19.9696447,-43.97010319999998,4,1,1,,234.63,750.0,oeste,Estoril,12/08/18,None,None
19820,1550000.0,,-19.9328743,-43.94683959999998,4,2,1,,250.0,800.0,centro-sul,Lourdes,12/08/18,None,None
24469,1800000.0,,-19.946337699999997,-43.93307429999999,4,0,2,,526.06,1200.0,centro-sul,Sion,12/08/18,None,None
3252452,2600000.0,,-19.942127,-43.91984990000003,4,5,4,,595.17,2800.0,centro-sul,Serra,12/08/18,None,None
25434,489000.0,,-19.916498,-43.924798700000004,3,2,1,,0.0,0.0,leste,Santa Tereza,12/08/18,None,None
302107,599588.0,,-19.947274399999998,-43.9520789,3,3,1,,0.0,0.0,centro-sul,Vila Paris,12/08/18,None,None
164059,607047.0,,-19.947274399999998,-43.9520789,2,3,2,,0.0,0.0,centro-sul,Vila Paris,12/08/18,None,None
164054,628687.0,,-19.947274399999998,-43.9520789,2,3,2,,0.0,0.0,centro-sul,Vila Paris,12/08/18,None,None
164055,629316.0,,-19.947274399999998,-43.9520789,2,3,2,,0.0,0.0,centro-sul,Vila Paris,12/08/18,None,None
164063,629650.0,,-19.947274399999998,-43.9520789,2,3,2,,0.0,0.0,centro-sul,Vila Paris,12/08/18,None,None
164056,630575.0,,-19.947274399999998,-43.9520789,2,3,2,,0.0,0.0,centro-sul,Vila Paris,12/08/18,None,None
25438,634000.0,,-19.916498,-43.924798700000004,3,2,2,,0.0,0.0,leste,Santa Tereza,12/08/18,None,None
164800,646047.0,,-19.947274399999998,-43.9520789,2,3,2,,0.0,0.0,centro-sul,Vila Paris,12/08/18,None,None
25430,649000.0,,-19.9165892,-43.9250136,3,2,2,,0.0,0.0,leste,Santa Tereza,12/08/18,None,None
21214,650000.0,,-19.941897,-43.914161000000036,3,3,1,,0.0,0.0,centro-sul,Serra,12/08/18,None,None
164801,665623.0,,-19.947274399999998,-43.9520789,2,3,2,,0.0,0.0,centro-sul,Vila Paris,12/08/18,None,None
164802,672279.0,,-19.947274399999998,-43.9520789,2,3,2,,0.0,0.0,centro-sul,Vila Paris,12/08/18,None,None
144872,676659.0,,-19.947274399999998,-43.9520789,3,3,1,,0.0,0.0,centro-sul,Vila Paris,12/08/18,None,None
29682,780000.0,,-19.9142594,-43.97632110000001,3,3,1,,0.0,0.0,noroeste,Padre Eustáquio,12/08/18,None,None
29687,810000.0,,-19.914228,-43.97636,3,3,1,,0.0,0.0,noroeste,Padre Eustáquio,12/08/18,None,None
50619,400000.0,,-19.9141729,-43.9357096,2,2,1,,91.0,300.0,leste,Floresta,12/08/18,None,None
398072,1800000.0,,-19.947591,-43.92384400000003,4,3,2,,998.0,1400.0,centro-sul,Cruzeiro,12/08/18,None,None
62774,280000.0,,-19.9165831,-43.98164580000002,3,2,0,,0.0,200.0,noroeste,Padre Eustáquio,12/08/18,None,None
155533,699638.0,,-19.9801031,-43.97677550000003,3,1,1,,0.0,0.0,oeste,Estoril,12/08/18,None,None
155652,712189.0,,-19.9801031,-43.97677550000003,3,1,1,,0.0,0.0,oeste,Estoril,12/08/18,None,None
155663,724738.0,,-19.9801031,-43.97677550000003,3,1,1,,0.0,0.0,oeste,Estoril,12/08/18,None,None
155340,731014.0,,-19.9801031,-43.97677550000003,3,1,1,,0.0,0.0,oeste,Estoril,12/08/18,None,None
155897,743851.0,,-19.9801031,-43.97677550000003,4,1,1,,0.0,0.0,oeste,Buritis,12/08/18,None,None
156803,775227.0,,-19.9801031,-43.97677550000003,4,1,1,,0.0,0.0,oeste,Estoril,12/08/18,None,None
156871,787777.0,,-19.9801031,-43.97677550000003,4,1,1,,0.0,0.0,oeste,Estoril,12/08/18,None,None
156902,800328.0,,-19.9801031,-43.97677550000003,4,1,1,,0.0,0.0,oeste,Estoril,12/08/18,None,None
358788,1600000.0,,-19.9824548,-44.01444249999997,5,4,3,,462.0,617.0,barreiro,Barreiro de Baixo,12/08/18,None,None
3237146,1180000.0,,-19.973537699999998,-43.97319370000002,3,3,1,,345.0,0.0,oeste,Buritis,12/08/18,None,None
3251107,115000.0,,-19.829445,-43.98833000000002,2,1,0,,0.0,150.0,venda-nova,Jardim Leblon,12/08/18,None,None
1529477,179000.0,,-19.810354,-43.93217900000002,2,1,0,,68.0,110.0,norte,Etelvina Carneiro,12/08/18,None,None
29622,550000.0,,-19.914228,-43.97636,3,2,1,,0.0,0.0,noroeste,Padre Eustáquio,12/08/18,None,None
30916,948000.0,,-19.9290141,-43.96731080000001,4,5,4,,0.0,0.0,oeste,Prado,12/08/18,None,None
155059,1085536.0,,-19.9801031,-43.97677550000003,3,2,1,,0.0,0.0,oeste,Estoril,12/08/18,None,None
155380,1098086.0,,-19.9801031,-43.97677550000003,3,2,1,,0.0,0.0,oeste,Buritis,12/08/18,None,None
155790,1241710.0,,-19.9801031,-43.97677550000003,4,2,1,,0.0,0.0,oeste,Estoril,12/08/18,None,None
40703,150000.0,,-20.0012451,-44.00202120000001,2,1,0,,0.0,140.0,barreiro,Urucuia,12/08/18,None,None
26206,170000.0,,-19.817054091822364,-43.94267099444278,2,1,0,,215.29,130.0,norte,Juliana,12/08/18,None,None
1799404,290000.0,,-19.8809897,-44.012341299999996,3,1,1,,63.52,0.0,pampulha,Serrano,12/08/18,None,None
1057732,730000.0,,-19.945892999999998,-43.94915900000001,2,3,2,,0.0,0.0,centro-sul,Santo Antônio,12/08/18,None,None
1057733,730000.0,,-19.945892999999998,-43.94915900000001,2,3,2,,0.0,0.0,centro-sul,Santo Antônio,12/08/18,None,None
1057736,730000.0,,-19.945892999999998,-43.94915900000001,2,3,1,,0.0,0.0,centro-sul,Santo Antônio,12/08/18,None,None
1057737,730000.0,,-19.945892999999998,-43.94915900000001,2,3,1,,0.0,0.0,centro-sul,Santo Antônio,12/08/18,None,None
48550,240000.0,,-19.8270157,-43.9885774,2,1,0,,0.0,107.0,venda-nova,Parque Leblon,12/08/18,None,None
62998,260000.0,,-19.879794,-43.99236450000001,2,1,1,,0.0,300.0,pampulha,Paquetá,12/08/18,None,None
820178,360000.0,,-19.8800009,-43.99188140000001,3,2,1,,0.0,462.0,pampulha,Paquetá,12/08/18,None,None
358725,470000.0,,-19.9543234,-43.9756013,3,3,1,,142.0,0.0,oeste,Havaí,12/08/18,None,None
3213552,560000.0,,-19.907882,-43.924724999999974,3,1,1,,0.0,0.0,leste,Sagrada Família,12/08/18,None,None
3213553,560000.0,,-19.907882,-43.924724999999974,3,1,1,,0.0,0.0,leste,Sagrada Família,12/08/18,None,None
3213554,560000.0,,-19.907882,-43.924724999999974,3,1,1,,0.0,0.0,leste,Sagrada Família,12/08/18,None,None
3213555,560000.0,,-19.907882,-43.924724999999974,3,1,1,,0.0,0.0,leste,Sagrada Família,12/08/18,None,None
3213282,730000.0,,-19.908223,-43.92294240000001,3,2,1,,0.0,0.0,leste,Sagrada Família,12/08/18,None,None
3213485,730000.0,,-19.907882,-43.924724999999974,3,1,1,,0.0,0.0,leste,Sagrada Família,12/08/18,None,None
356304,2050000.0,,-19.9250241,-43.96299199999999,5,4,2,,0.0,0.0,oeste,Prado,12/08/18,None,None
50831,293000.0,,-19.8336494,-43.99332340000001,3,2,1,,66.5,150.0,venda-nova,Jardim Leblon,12/08/18,None,None
18721,250000.0,,-19.826585,-43.99406310000001,2,2,2,,0.0,0.0,venda-nova,Parque Leblon,12/08/18,None,None
25419,410000.0,,-19.829855300000002,-43.98035160000001,2,2,1,,0.0,0.0,pampulha,Santa Mônica,12/08/18,None,None
8650,490000.0,,-19.944717100000002,-43.951952300000016,3,1,1,,0.0,750.0,centro-sul,Coração de Jesus,12/08/18,None,None
3256344,694262.22,,-19.8588739,-43.95897129999997,3,2,1,,1.0,671.55,pampulha,São Luiz (pampulha),12/08/18,None,None
22817,1100000.0,,-19.938019,-43.93616930000002,3,2,1,,208.0,500.0,centro-sul,Funcionários,12/08/18,None,None
3244179,1100000.0,,-19.930086,-43.925275899999974,3,2,1,,500.0,1000.0,centro-sul,Santa Efigênia,12/08/18,None,None
143043,155000.0,,-19.985288699999998,-44.03406250000001,2,1,0,,0.0,0.0,barreiro,Tirol (barreiro),12/08/18,None,None
1616327,160000.0,,-19.8747903,-44.01416369999998,2,1,0,,0.0,0.0,pampulha,Serrano,12/08/18,None,None
360106,190000.0,,-19.858891,-43.937190999999984,2,1,1,,0.0,0.0,pampulha,Dona Clara,12/08/18,None,None
1054763,199000.0,,-19.880805399999996,-43.9856274,2,1,0,,0.0,0.0,pampulha,Ouro Preto,12/08/18,None,None
1054764,199000.0,,-19.880805399999996,-43.9856274,2,1,0,,0.0,0.0,pampulha,Ouro Preto,12/08/18,None,None
1054766,199000.0,,-19.880805399999996,-43.9856274,2,1,0,,0.0,0.0,pampulha,Ouro Preto,12/08/18,None,None
1054767,199000.0,,-19.880805399999996,-43.9856274,2,1,0,,0.0,0.0,pampulha,Ouro Preto,12/08/18,None,None
352685,220000.0,,-19.8835655,-43.99504089999999,2,1,0,,0.0,0.0,pampulha,Castelo,12/08/18,None,None
31725,265000.0,,-19.963344,-43.97133170000001,3,1,1,,54.63,210.0,oeste,Estrela Dalva,12/08/18,None,None
126764,280000.0,,-19.8622943,-43.93930390000003,2,1,0,,0.0,0.0,pampulha,Dona Clara,12/08/18,None,None
126767,280000.0,,-19.8624512,-43.93731589999999,2,1,0,,0.0,0.0,pampulha,Dona Clara,12/08/18,None,None
156997,290000.0,,-19.8240738,-43.98205139999999,2,2,1,,0.0,0.0,pampulha,Santa Mônica,12/08/18,None,None
340864,295000.0,,-19.9696174,-43.972565900000006,3,1,1,,64.0,200.0,oeste,Estrela Dalva,12/08/18,None,None
156989,330000.0,,-19.8240738,-43.98205139999999,2,2,1,,0.0,0.0,pampulha,Santa Mônica,12/08/18,None,None
40827,360000.0,,-19.8883738,-43.93242980000002,2,2,1,,0.0,0.0,nordeste,Renascença,12/08/18,None,None
33112,370000.0,,-19.9470486,-43.95084009999999,3,2,1,,128.73,360.0,centro-sul,Vila Paris,12/08/18,None,None
40825,370000.0,,-19.8883738,-43.93242980000002,2,2,2,,0.0,0.0,nordeste,Renascença,12/08/18,None,None
126722,370000.0,,-19.8600611,-43.939986100000006,2,1,0,,0.0,0.0,pampulha,Dona Clara,12/08/18,None,None
133652,370000.0,,-19.8401396,-43.939043800000036,3,1,1,,0.0,0.0,norte,Heliópolis,12/08/18,None,None
133657,370000.0,,-19.8401396,-43.939043800000036,3,1,1,,0.0,0.0,norte,Heliópolis,12/08/18,None,None
157568,380000.0,,-19.8757492,-43.91543279999996,3,1,1,,0.0,0.0,nordeste,Fernão Dias,12/08/18,None,None
41775,390000.0,,-19.903414899999998,-43.96377489999998,3,2,1,,100.0,200.0,noroeste,Santo André,12/08/18,None,None
340592,400000.0,,-19.9945979,-44.01552709999999,3,1,0,,0.0,120.0,barreiro,Teixeira Dias,12/08/18,None,None
24712,430000.0,,-19.8710807,-43.9350078,3,3,1,,0.0,0.0,nordeste,Palmares,12/08/18,None,None
343576,430000.0,,-19.8877684,-43.90836760000002,3,2,1,,0.0,0.0,nordeste,União,12/08/18,None,None
1685357,439000.0,,-19.8357351,-43.9550448,3,1,1,,0.0,0.0,pampulha,Itapoã,12/08/18,None,None
30351,446500.0,,-19.921101999999998,-43.97436500000003,3,2,1,,0.0,0.0,noroeste,Padre Eustáquio,12/08/18,None,None
126509,449000.0,,-19.9166756,-43.93451519999997,2,1,1,,0.0,0.0,pampulha,Serrano,12/08/18,None,None
30352,456750.0,,-19.921101999999998,-43.97436500000003,3,2,1,,0.0,0.0,noroeste,Padre Eustáquio,12/08/18,None,None
126744,490000.0,,-19.8622943,-43.93930390000003,3,2,0,,0.0,0.0,pampulha,Dona Clara,12/08/18,None,None
133675,510000.0,,-19.840078100000003,-43.93905510000002,3,1,1,,0.0,0.0,norte,Heliópolis,12/08/18,None,None
133676,510000.0,,-19.840078100000003,-43.93905510000002,3,2,1,,0.0,0.0,norte,Heliópolis,12/08/18,None,None
513644,515000.0,,-19.899316,-43.92202099999997,3,2,1,,0.0,0.0,leste,Sagrada Família,12/08/18,None,None
24713,560000.0,,-19.8710807,-43.9350078,4,3,2,,0.0,0.0,nordeste,Palmares,12/08/18,None,None
29607,600000.0,,-19.914228,-43.97636,3,2,1,,0.0,0.0,noroeste,Padre Eustáquio,12/08/18,None,None
12194,630000.0,,-19.941574,-43.91293100000002,4,2,1,,0.0,950.0,centro-sul,Serra,12/08/18,None,None
1685363,739000.0,,-19.835786399999996,-43.95510519999999,3,1,1,,0.0,0.0,pampulha,Itapoã,12/08/18,None,None
31924,130000.0,,-20.0085037,-44.0164934,2,1,0,,21.27,215.0,barreiro,Vale do Jatobá,12/08/18,None,None
367049,130000.0,,-20.0104822,-44.00961269999999,2,1,0,,0.0,0.0,barreiro,Urucuia,12/08/18,None,None
32691,140000.0,,-20.010540399999996,-44.009708999999994,2,1,0,,100.0,100.0,barreiro,Urucuia,12/08/18,None,None
1697021,145000.0,,-19.944412300000003,-44.013526299999974,2,1,0,,0.0,180.0,noroeste,Camargos,12/08/18,None,None
1534448,150000.0,,-19.997723699999998,-44.02146540000001,2,1,0,,30.0,150.0,barreiro,Santa Cruz (barreiro),12/08/18,None,None
21295,157000.0,,-19.9447738,-44.010970199999974,2,1,0,,40.0,100.0,noroeste,Camargos,12/08/18,None,None
360067,157000.0,,-19.964783399999998,-43.9886057,2,1,0,,0.0,150.0,oeste,Betânia,12/08/18,None,None
158354,159000.0,,-19.876290700000002,-44.01323309999998,2,1,0,,0.0,0.0,pampulha,Serrano,12/08/18,None,None
162339,160000.0,,-19.8619465,-43.8887537,2,1,0,,0.0,60.0,nordeste,Vitória,12/08/18,None,None
3254293,164000.0,,-19.993890594106475,-44.02755670740965,2,1,0,,26.0,250.0,barreiro,Olaria,12/08/18,None,None
21495,170000.0,,-19.993075199999996,-44.02735289999998,2,1,0,,20.0,250.0,barreiro,Olaria,12/08/18,None,None
56854,170000.0,,-19.876290700000002,-44.01323309999998,2,1,0,,0.0,80.0,pampulha,Serrano,12/08/18,None,None
352076,170000.0,,-19.8277393,-43.96184149999999,2,1,0,,278.26,0.0,venda-nova,São João Batista,12/08/18,None,None
364875,170000.0,,-19.9477956,-44.0036356,2,1,0,,0.0,0.0,oeste,Vista Alegre,12/08/18,None,None
503019,170000.0,,-19.825498899999996,-43.96670560000001,2,1,1,,0.0,250.0,venda-nova,São João Batista,12/08/18,None,None
3251350,170000.0,,-19.992105399999996,-44.02827250000002,2,1,0,,30.0,285.0,barreiro,Olaria,12/08/18,None,None
24821,172000.0,,-19.859975,-43.891379799999996,2,1,0,,44.36,140.0,nordeste,Vitória,12/08/18,None,None
2055813,173000.0,,-19.8759158,-44.013991100000005,2,1,0,,0.0,150.0,pampulha,Serrano,12/08/18,None,None
46901,175000.0,,-19.8740179,-44.0194338,2,1,0,,20.0,240.0,pampulha,Serrano,12/08/18,None,None
63466,175000.0,,-19.8004871,-43.94352249999997,3,1,0,,56.09,90.0,norte,Jaqueline,12/08/18,None,None
16234,178000.0,,-19.9474272,-43.99027990000002,2,1,0,,49.91,150.0,oeste,Salgado Filho,12/08/18,None,None
58576,178000.0,,-19.8004871,-43.94352249999997,3,1,0,,49.0,130.0,norte,Jaqueline,12/08/18,None,None
27050,178999.0,,-19.9985995,-44.0228912,2,1,0,,77.29,30.0,barreiro,Novo Diamante,12/08/18,None,None
12560,180000.0,,-19.9187554,-43.94808330000001,1,1,0,,0.0,340.0,centro-sul,Barro Preto,12/08/18,None,None
34349,180000.0,,-19.8290593,-43.93436029999998,2,1,0,,100.0,180.0,norte,Floramar,12/08/18,None,None
145262,180000.0,,-19.8300725,-43.9448122,2,1,0,,0.0,120.0,norte,Planalto,12/08/18,None,None
343210,182000.0,,-19.857624100000002,-43.88894089999997,2,1,0,,26.92,190.0,nordeste,Vitória,12/08/18,None,None
3236490,185000.0,,-19.8023964,-43.946765200000016,3,1,0,,62.07,180.0,norte,Jaqueline,12/08/18,None,None
62728,189000.0,,-19.823210600000003,-43.9885802,2,1,0,,0.01,0.0,venda-nova,Parque Leblon,12/08/18,None,None
59696,190000.0,,-19.8264869,-43.972025099999996,3,1,0,,65.0,260.0,pampulha,Santa Mônica,12/08/18,None,None
346990,195000.0,,-19.8915157,-43.96706460000002,1,1,1,,76.27,900.0,noroeste,Caiçaras,12/08/18,None,None
29280,199000.0,,-19.932082100000002,-44.01854739999999,2,1,0,,25.0,180.0,noroeste,Camargos,12/08/18,None,None
16473,200000.0,,-19.822097699999997,-43.9571041,2,1,0,,37.0,125.0,venda-nova,São João Batista,12/08/18,None,None
16905,200000.0,,-19.8221479,-43.957010200000006,2,1,0,,20.26,125.0,venda-nova,São João Batista,12/08/18,None,None
